0 14 5 1
0 59 3 3
0 63 4 5
0 64 4 2
0 75 5 4
1 3 6 3
1 32 6 1
1 35 2 4
1 52 6 3
1 70 6 3
1 71 1 5
1 73 6 4
1 74 8 4
2 6 3 1
2 10 5 4
2 27 5 4
2 74 7 2
2 77 6 2
2 90 8 1
2 97 7 2
3 19 3 3
3 32 8 5
3 67 1 5
3 71 3 1
3 73 7 4
3 74 4 3
3 90 4 3
4 2 6 1
4 6 8 4
4 12 5 3
4 19 5 1
4 55 3 2
4 66 6 3
4 77 4 1
4 88 4 5
5 20 3 3
5 23 4 3
5 28 8 1
5 35 6 3
5 50 1 4
5 51 2 5
5 52 3 4
5 60 1 4
5 71 4 4
5 76 6 5
5 78 6 4
5 79 7 5
5 81 6 5
5 84 2 4
5 93 8 5
6 12 1 5
6 17 1 3
6 55 5 2
6 66 3 3
6 97 8 1
7 51 2 4
7 70 8 1
7 80 5 5
7 83 6 5
8 18 8 4
8 21 8 5
8 31 8 4
8 37 4 5
8 46 7 1
8 56 7 4
8 69 1 2
8 89 4 2
8 92 8 1
8 94 2 4
8 99 1 2
9 24 3 5
9 26 3 4
9 38 8 3
9 48 4 5
9 59 5 5
9 96 7 3
10 15 7 5
10 22 2 3
10 23 7 4
10 32 6 4
10 85 2 1
10 90 6 2
11 0 1 5
11 14 6 4
11 59 3 5
11 63 6 2
12 22 1 2
13 9 8 5
13 38 2 2
13 48 3 3
13 59 7 4
13 75 1 2
13 82 3 5
14 33 6 1
14 39 1 2
14 63 5 1
14 64 4 2
14 75 2 5
14 88 7 1
15 3 6 1
15 23 4 2
15 32 6 1
15 50 1 3
15 85 8 3
16 5 4 4
16 7 8 5
16 28 8 2
16 47 8 4
16 49 1 3
16 51 5 4
16 52 8 5
16 61 6 2
16 67 1 1
16 70 8 5
16 73 8 5
16 76 8 1
16 78 1 1
16 94 4 4
16 95 5 5
17 2 1 5
17 3 4 4
17 22 8 3
17 27 8 5
17 36 7 2
17 50 3 3
17 52 3 3
17 55 7 5
18 30 7 3
18 31 7 4
18 46 4 1
18 53 4 1
18 60 7 3
18 65 5 1
18 72 8 5
18 80 5 5
18 83 7 4
18 93 1 3
18 94 6 4
18 99 2 1
19 6 7 2
19 10 2 3
19 17 8 5
19 27 6 5
19 33 6 5
19 35 7 5
19 43 6 2
19 50 3 5
19 55 3 4
19 77 1 2
19 84 4 3
19 90 2 1
19 98 2 5
20 26 8 5
20 42 1 4
20 44 7 1
20 52 3 1
20 53 5 5
20 57 3 2
20 58 6 5
20 60 7 4
20 73 2 5
20 82 3 2
20 96 7 1
21 31 8 2
21 57 8 2
21 72 8 5
21 86 6 4
21 89 5 4
22 2 5 4
22 3 7 5
22 4 7 1
22 23 1 5
22 27 2 4
22 36 7 5
22 41 3 2
22 54 7 1
22 66 3 5
22 88 2 2
22 90 1 3
23 1 3 1
23 3 6 4
23 17 6 4
23 19 6 5
23 27 3 3
23 28 7 4
23 32 4 5
23 33 1 1
23 47 8 4
23 55 1 3
23 74 5 3
23 81 1 1
23 84 1 3
23 85 3 1
23 88 5 2
24 68 2 4
24 75 3 5
24 96 6 4
25 5 6 1
25 13 7 3
25 20 7 4
25 34 7 3
25 39 5 3
25 44 8 3
25 48 5 1
25 53 1 5
25 58 4 4
25 60 5 5
25 61 6 2
25 75 5 4
25 81 6 2
25 96 7 1
26 13 6 5
26 21 3 5
26 24 8 3
26 25 4 1
26 31 2 1
26 34 2 1
26 44 1 1
26 53 2 1
26 72 2 1
26 82 4 4
26 86 4 4
26 87 3 2
26 96 8 3
27 3 6 1
27 6 5 2
27 10 8 3
27 12 6 2
27 15 7 2
27 32 4 3
27 55 3 5
27 85 6 4
27 90 2 1
27 97 7 2
28 20 7 5
28 30 5 1
28 57 3 2
28 76 8 5
28 80 2 2
28 81 7 1
28 83 3 4
28 84 3 1
28 87 1 4
29 33 7 2
29 36 5 2
29 39 6 5
29 44 2 2
29 48 3 2
29 79 2 1
29 82 6 4
30 5 7 4
30 49 2 2
30 52 2 5
30 62 3 2
30 69 7 5
30 70 5 1
30 78 8 1
30 80 7 5
30 83 1 5
30 89 8 1
30 94 6 3
31 20 6 4
31 34 3 4
31 37 4 1
31 38 2 5
31 44 3 2
31 46 4 4
31 49 1 5
31 53 7 3
31 60 3 5
31 65 2 3
31 72 4 4
31 81 8 5
31 86 4 4
31 87 6 2
31 89 7 2
31 94 6 5
31 99 2 1
32 17 2 3
32 35 5 5
32 55 4 3
32 67 8 3
32 73 5 2
32 74 3 5
33 17 8 1
33 39 7 4
33 41 8 3
33 42 5 4
33 43 6 4
33 48 1 3
33 55 4 3
33 58 5 2
33 68 7 2
33 75 7 4
33 77 1 3
33 90 2 2
33 96 5 1
33 98 2 3
34 5 7 2
34 13 2 4
34 20 3 5
34 29 3 2
34 33 7 2
34 37 2 1
34 38 4 5
34 39 6 1
34 40 6 2
34 42 6 4
34 48 2 3
34 61 7 2
34 62 6 2
34 68 6 1
34 75 8 3
34 79 5 5
34 81 8 3
34 82 7 4
34 87 2 2
34 93 3 3
34 96 6 4
35 10 7 4
35 15 1 2
35 17 1 1
35 23 8 1
35 27 7 1
35 28 5 5
35 47 8 1
35 52 3 2
35 84 5 1
35 85 7 4
36 4 7 3
36 19 2 1
36 33 5 1
36 39 2 2
36 88 7 5
37 5 7 1
37 16 7 5
37 18 2 4
37 20 2 4
37 25 8 3
37 28 5 5
37 30 4 5
37 38 8 2
37 53 2 5
37 60 7 2
37 62 3 2
37 65 7 1
37 70 1 5
37 80 3 5
37 83 5 4
37 86 2 3
37 87 3 2
37 92 4 3
37 93 1 3
37 94 8 4
38 20 4 1
38 21 4 5
38 25 4 3
38 40 5 1
38 46 7 3
38 57 5 1
38 58 5 1
38 60 5 3
38 62 8 2
38 72 2 3
38 86 4 5
38 89 8 2
38 91 7 2
38 93 3 5
39 0 8 5
39 42 1 3
39 59 3 1
39 68 1 4
39 96 3 4
40 13 3 2
40 24 2 1
40 44 6 3
40 48 1 1
40 58 5 4
40 59 5 4
40 75 6 5
41 2 3 1
41 4 5 5
41 6 1 2
41 17 1 2
41 19 1 1
41 27 6 4
41 42 8 1
41 88 6 3
41 90 7 4
41 98 5 1
42 19 8 4
42 23 1 1
42 25 1 4
42 29 7 1
42 36 6 2
42 55 8 5
42 58 7 5
42 62 4 3
42 77 3 4
42 84 8 5
43 14 1 5
43 20 8 5
43 25 3 1
43 29 5 1
43 36 2 3
43 39 7 3
43 42 7 5
43 48 5 1
43 58 6 3
43 64 8 5
43 75 1 5
43 88 8 5
44 30 6 1
44 37 4 3
44 43 3 3
44 53 4 4
44 58 1 2
44 62 5 3
44 68 8 2
44 82 2 4
44 87 7 1
44 89 4 5
44 93 8 1
45 7 5 3
45 67 8 5
45 70 2 2
45 71 6 2
46 21 8 4
46 26 3 4
46 53 1 4
46 57 3 5
46 69 8 3
46 72 5 2
47 1 8 4
47 5 6 4
47 15 5 3
47 28 6 5
47 30 5 3
47 32 4 4
47 61 4 3
47 71 4 3
47 80 5 2
47 81 5 2
47 85 8 2
48 20 6 1
48 24 2 3
48 26 6 1
48 38 5 3
48 39 1 2
48 44 6 3
48 53 7 3
48 58 6 5
48 59 7 5
48 62 7 3
48 82 6 3
48 87 6 5
48 93 6 1
49 7 7 3
49 18 6 2
49 37 1 2
49 51 4 3
49 65 8 1
49 76 4 3
49 78 2 3
49 83 5 4
49 89 8 3
49 95 8 3
50 1 1 1
50 16 6 5
50 23 8 3
50 28 3 3
50 32 2 5
50 35 6 3
50 47 8 2
50 51 7 5
50 52 8 5
50 71 6 3
50 73 3 2
50 74 5 3
50 76 7 3
50 78 1 5
51 18 5 3
51 28 2 4
51 30 6 1
51 35 8 3
51 47 3 2
51 52 4 3
51 61 5 3
51 67 8 4
51 71 3 3
51 76 4 1
51 78 2 5
51 81 8 3
51 84 3 1
51 87 2 5
52 10 3 4
52 15 5 3
52 19 8 4
52 23 3 3
52 28 2 3
52 32 3 3
52 37 6 2
52 70 8 5
52 81 2 4
52 84 2 2
53 21 2 3
53 30 3 4
53 34 8 3
53 62 5 1
53 65 5 2
53 68 2 5
53 69 1 4
53 82 1 4
53 86 3 1
53 87 7 4
54 2 7 2
54 4 7 5
54 12 5 1
55 2 6 2
55 3 2 2
55 10 6 4
55 12 5 3
55 35 6 4
55 36 5 2
55 41 6 1
55 54 8 2
55 66 5 5
55 73 4 1
55 74 4 2
55 88 6 5
55 98 2 3
56 21 6 4
56 31 1 2
56 53 2 3
56 69 2 1
56 89 2 1
56 91 4 1
57 5 7 1
57 8 6 2
57 25 3 5
57 26 6 2
57 34 4 4
57 37 6 3
57 53 3 1
57 62 1 3
57 87 2 5
57 89 4 3
57 92 8 5
58 29 3 3
58 34 7 2
58 36 4 2
58 60 1 5
58 62 6 2
58 79 2 4
58 82 5 3
58 87 3 5
58 93 6 3
59 29 5 1
59 64 8 4
59 68 7 1
59 82 1 5
60 30 8 1
60 34 5 1
60 44 5 3
60 53 1 4
60 57 7 1
60 69 4 4
60 76 2 4
60 81 6 2
60 83 7 3
60 89 4 3
60 94 1 3
61 5 8 5
61 18 6 5
61 20 6 2
61 28 5 1
61 30 4 5
61 31 6 2
61 35 1 1
61 37 5 1
61 44 2 1
61 52 7 2
61 57 7 3
61 60 3 2
61 62 2 3
61 70 2 4
61 80 1 1
62 20 8 4
62 26 4 2
62 33 5 3
62 39 3 5
62 60 8 4
62 72 5 2
62 73 7 3
62 75 5 1
62 81 3 4
62 84 5 2
62 86 1 4
62 87 8 1
62 96 7 5
63 39 1 3
63 43 6 1
63 59 4 4
63 64 2 5
63 75 8 2
63 98 1 1
64 11 6 4
64 39 6 4
65 8 7 2
65 30 4 3
65 46 2 2
65 57 3 5
65 60 2 5
65 69 3 2
65 80 7 4
65 89 5 5
65 91 5 4
65 92 1 4
65 94 6 5
66 12 7 4
66 17 8 4
66 41 6 4
66 54 1 2
66 77 3 2
66 90 2 1
67 15 5 5
67 35 6 1
67 47 1 1
67 50 1 5
67 70 3 3
68 9 6 5
68 13 4 2
68 20 8 1
68 25 2 4
68 29 4 3
68 38 6 5
68 40 5 4
68 42 5 5
68 60 4 4
68 62 7 2
68 72 6 5
68 75 1 5
68 86 5 4
68 87 2 4
68 92 2 5
68 93 2 5
68 96 8 3
69 21 8 4
69 31 7 5
69 37 2 1
69 57 6 5
69 92 5 3
69 94 7 5
70 5 8 5
70 35 3 1
70 49 2 5
70 51 2 4
70 71 1 5
70 76 2 1
70 78 3 5
70 80 5 5
70 81 2 5
71 10 1 4
71 15 7 1
71 23 2 3
71 28 6 2
71 35 4 1
71 52 7 4
71 67 2 1
71 74 7 1
71 76 6 1
71 78 7 5
71 85 5 1
72 20 2 1
72 25 4 2
72 37 1 2
72 44 1 2
72 53 5 4
72 56 6 3
72 57 5 5
72 60 6 2
72 61 3 2
72 65 1 1
72 69 7 4
72 91 8 5
72 92 4 3
72 93 1 3
72 99 1 4
73 5 2 2
73 17 8 5
73 19 7 1
73 23 4 4
73 35 8 5
73 42 3 3
73 47 7 4
73 52 3 2
73 61 4 5
73 70 7 1
73 71 6 1
73 77 8 2
73 78 4 2
74 10 6 2
74 15 6 4
74 22 3 4
74 27 7 4
74 35 7 4
75 39 1 2
75 48 4 2
75 59 7 1
75 64 6 1
75 96 4 2
76 7 5 2
76 30 1 4
76 35 1 5
76 47 2 3
76 52 8 1
76 67 6 2
76 73 5 5
76 84 2 4
77 3 1 4
77 6 7 3
77 17 5 2
77 23 7 3
77 32 7 5
77 35 5 4
77 36 6 3
77 41 1 5
77 50 4 5
77 52 7 3
77 55 6 1
77 88 8 4
77 90 7 2
77 98 1 5
78 7 2 4
78 28 2 4
78 35 1 2
78 37 4 1
78 47 3 1
78 60 2 2
78 61 1 3
78 76 3 3
78 83 3 3
78 87 2 3
78 95 6 2
79 20 3 5
79 33 3 4
79 38 7 4
79 39 7 4
79 42 1 2
79 44 5 1
79 48 3 2
79 62 8 2
79 68 1 1
79 73 5 1
79 75 5 5
79 82 1 1
79 84 6 4
79 87 3 2
79 88 3 4
80 49 1 5
80 51 3 5
80 60 8 1
80 76 1 4
80 78 5 4
80 81 5 5
80 83 1 1
81 16 6 3
81 20 6 2
81 30 8 1
81 35 7 2
81 37 4 3
81 44 1 1
81 57 8 4
81 58 5 3
81 61 5 3
81 73 4 1
81 76 4 5
81 79 8 4
81 83 7 3
82 9 5 5
82 25 8 4
82 38 2 2
82 40 1 3
82 43 2 1
82 68 2 4
82 75 6 3
82 86 6 3
82 93 7 5
82 96 1 4
83 5 7 1
83 8 8 2
83 16 3 1
83 47 8 4
83 61 6 4
83 65 5 3
83 69 7 5
83 70 7 1
83 76 1 2
83 87 3 1
83 89 3 1
83 95 7 1
84 16 5 3
84 20 8 3
84 25 1 2
84 30 3 3
84 33 8 2
84 34 3 2
84 37 5 4
84 44 5 1
84 47 6 2
84 50 2 2
84 58 8 4
84 60 5 2
84 61 8 3
84 68 4 3
84 70 1 1
84 77 6 4
84 83 4 5
84 87 3 3
85 1 4 2
85 50 8 4
85 67 5 2
85 74 4 4
86 18 1 4
86 20 5 1
86 25 6 4
86 34 8 5
86 44 1 1
86 46 7 3
86 56 8 4
86 61 1 1
86 65 5 3
86 69 2 1
86 72 4 1
86 87 2 2
86 91 4 3
86 92 1 3
86 93 1 3
86 99 2 2
87 5 3 3
87 18 8 3
87 20 1 4
87 25 3 2
87 38 8 3
87 60 4 5
87 61 7 2
87 73 6 3
87 81 5 1
87 82 1 4
87 89 3 2
87 92 1 2
87 96 5 4
88 6 6 3
88 17 3 5
88 19 2 3
88 29 4 5
88 33 7 5
88 42 5 4
88 90 2 2
88 98 1 2
89 37 6 4
89 46 4 1
89 53 8 2
89 69 7 4
89 91 4 3
89 94 5 2
90 4 1 2
90 6 3 3
90 17 3 1
90 36 4 2
90 42 5 4
90 55 2 4
90 73 5 1
91 8 8 2
91 26 8 4
91 46 7 2
91 69 4 5
91 99 3 1
92 18 1 5
92 20 2 2
92 21 6 1
92 26 4 5
92 30 2 1
92 34 2 5
92 38 1 4
92 46 1 2
92 56 5 1
92 99 8 4
93 26 1 1
93 30 7 5
93 46 6 3
93 53 7 5
93 57 3 5
93 62 1 4
93 69 5 3
93 79 6 2
93 81 1 2
93 84 8 4
93 87 4 3
93 89 8 5
93 92 6 5
94 49 3 3
94 51 5 2
94 72 4 5
94 76 1 2
94 78 4 4
94 83 7 4
95 7 3 3
95 45 8 4
95 51 7 1
95 67 1 4
95 76 5 5
95 80 5 4
95 94 2 2
96 13 1 3
96 29 4 5
96 38 4 4
96 40 4 5
96 48 4 5
96 58 4 5
96 59 2 2
97 4 4 2
97 22 6 2
97 54 6 3
98 14 6 2
98 22 5 4
98 29 2 2
98 36 5 3
98 42 8 3
98 58 8 5
98 75 2 2
98 79 4 3
98 90 3 4
98 96 8 5
99 21 7 2
99 46 4 2
99 53 5 3
99 57 1 4
99 65 4 3
99 69 5 5
99 89 7 4
99 94 8 5
