0 25 1 3
0 35 4 3
0 55 6 5
1 36 7 3
2 38 7 1
2 52 7 4
2 93 3 3
5 43 2 2
5 56 2 3
6 11 1 3
6 31 2 2
6 86 1 2
7 68 2 3
7 72 8 3
8 17 7 2
9 23 4 4
9 98 2 1
10 59 2 2
10 84 1 4
11 32 3 4
12 97 3 5
13 12 3 5
13 34 7 3
13 57 4 2
13 97 5 4
14 0 5 1
14 35 1 5
17 50 2 1
20 38 2 5
20 88 3 1
22 69 3 2
23 94 1 1
23 98 4 4
25 55 3 1
25 92 3 2
26 58 6 1
26 96 6 1
27 1 7 4
27 36 5 3
27 59 1 5
29 76 3 1
30 47 5 3
31 32 1 1
31 86 2 3
32 6 4 1
32 42 5 1
32 91 2 5
33 48 5 4
34 90 3 4
35 25 3 5
35 55 1 4
36 61 2 1
37 21 7 3
38 63 4 4
41 28 8 2
43 56 5 2
43 87 4 4
44 25 4 1
45 18 2 4
46 11 7 3
47 7 5 2
47 23 1 2
48 29 4 2
50 8 5 3
53 71 5 3
53 74 7 1
53 83 7 5
53 93 6 4
58 78 2 5
58 80 5 4
59 89 1 5
60 58 8 1
60 76 7 1
61 50 2 1
63 20 2 2
64 27 6 5
64 40 2 4
64 49 5 4
65 8 5 4
65 17 7 5
67 18 8 2
67 45 6 1
68 55 8 5
69 77 8 5
70 48 7 5
72 68 4 3
73 48 1 5
74 71 2 2
74 83 8 2
75 39 2 3
77 22 2 1
79 73 2 3
80 26 8 1
80 60 1 5
80 76 5 2
81 3 8 1
82 39 8 1
82 75 4 5
83 71 7 2
84 49 7 5
85 4 7 5
85 47 8 2
86 11 5 3
86 32 3 4
90 13 7 1
90 57 3 4
90 97 4 5
91 6 8 5
91 86 3 4
92 44 3 2
93 52 4 5
94 9 6 2
94 98 6 2
95 26 4 4
96 58 3 4
96 76 6 2
96 80 3 4
97 34 4 5
99 19 4 2
