0 42 9 2
0 48 28 11
0 111 28 15
0 159 59 20
0 165 21 6
0 170 54 17
0 177 24 8
0 178 38 16
0 197 41 3
0 198 24 12
1 5 53 4
1 25 12 14
1 26 44 5
1 36 64 8
1 52 16 6
1 62 18 3
1 79 12 6
1 104 50 5
1 113 29 12
1 116 1 13
1 119 52 11
1 141 52 15
1 153 12 12
2 39 62 8
2 41 60 14
2 69 8 14
2 70 11 1
2 75 10 12
2 85 33 12
2 91 39 18
2 97 31 12
2 102 51 4
2 130 8 2
2 133 48 9
2 161 59 4
2 176 42 19
3 19 21 14
3 34 57 13
3 69 4 4
3 119 4 2
3 164 3 16
4 1 2 17
4 26 58 14
4 28 17 2
4 104 46 7
4 119 56 1
4 141 37 3
4 153 6 1
4 184 33 11
4 199 58 4
5 30 24 16
5 36 14 5
5 45 5 18
5 79 45 7
5 116 53 16
5 120 10 18
5 153 53 5
5 160 26 1
5 199 20 8
6 18 9 7
6 47 63 1
6 54 42 6
6 75 5 9
6 108 6 6
6 133 34 4
6 157 22 18
6 182 4 6
7 2 63 2
7 12 54 15
7 117 58 17
7 167 19 20
7 176 57 17
8 112 32 4
8 137 2 17
8 139 5 15
8 146 24 3
9 15 53 11
9 84 50 9
9 99 31 20
9 140 42 3
9 168 8 2
9 183 51 18
9 184 48 7
9 199 49 15
10 16 56 18
10 23 16 2
10 49 51 16
10 61 29 9
10 95 42 5
10 98 46 2
10 112 32 7
10 146 23 15
10 156 59 16
11 6 36 1
11 68 45 10
11 132 7 20
11 143 62 16
11 157 49 13
11 166 24 19
12 70 22 1
12 78 49 6
12 80 52 14
12 85 51 4
12 91 51 4
12 117 18 13
13 16 19 16
13 17 45 16
13 61 23 13
13 95 29 4
13 139 2 15
14 30 51 13
14 62 8 13
14 67 40 2
14 191 32 2
15 43 62 14
15 44 2 17
15 79 36 20
15 99 14 7
15 144 55 20
15 181 7 9
15 193 9 11
16 61 32 10
16 71 28 10
16 95 55 11
16 98 17 16
16 111 9 3
16 128 23 2
16 139 1 7
16 162 26 1
16 192 60 11
17 10 32 19
17 16 6 5
17 21 56 19
17 40 2 11
17 61 35 15
17 98 13 4
17 114 24 16
17 173 19 9
17 194 58 13
18 19 1 11
18 33 3 7
18 39 28 4
18 75 5 17
18 85 16 16
18 97 44 12
18 108 29 13
18 117 58 12
18 131 14 15
18 133 20 19
18 163 55 6
18 176 55 15
19 2 11 6
19 39 28 14
19 97 3 5
19 107 19 8
19 108 26 3
19 193 6 6
20 33 55 19
20 54 7 10
20 70 29 14
20 75 42 20
20 105 44 3
21 8 63 4
21 10 57 10
21 13 50 1
21 29 59 6
21 112 31 14
22 37 63 5
22 48 4 12
22 65 11 18
22 92 12 17
22 108 64 18
22 121 19 12
22 125 5 12
22 132 28 5
22 143 37 16
22 149 45 4
22 164 6 15
22 178 45 6
22 182 54 18
22 197 16 5
23 13 17 16
23 16 34 18
23 31 18 11
23 71 54 12
23 112 43 11
23 146 44 18
23 158 22 5
23 162 48 9
23 192 50 18
24 66 5 10
24 88 45 18
24 103 11 1
24 109 37 2
24 115 8 8
24 127 19 4
24 135 18 1
24 136 21 15
24 142 22 9
24 145 16 10
24 188 45 18
24 189 6 16
24 196 33 5
25 4 60 2
25 5 26 18
25 26 37 2
25 52 30 13
25 86 53 13
25 93 43 9
25 116 57 16
25 122 54 12
26 5 27 6
26 52 64 19
26 81 15 17
26 86 33 16
26 93 37 8
26 106 55 14
26 138 21 6
26 180 47 8
27 3 60 7
27 18 29 3
27 19 58 20
27 75 29 13
27 77 23 19
27 133 1 7
27 163 1 8
28 100 9 19
28 113 35 18
28 119 60 7
28 165 28 19
29 8 1 15
29 31 31 16
29 137 56 9
29 146 59 5
29 148 31 12
29 171 57 6
29 174 48 10
30 36 30 11
30 45 37 4
30 46 40 2
30 67 24 20
30 76 29 10
30 94 29 5
30 110 29 11
30 116 16 20
30 122 9 9
30 160 46 14
30 191 61 10
31 8 15 3
31 192 16 9
32 22 23 9
32 24 58 1
32 37 61 17
32 65 45 20
32 68 62 16
32 73 3 1
32 126 16 10
32 127 30 12
32 149 42 2
32 178 41 17
32 189 53 2
33 6 58 18
33 54 55 1
33 102 57 19
33 118 45 10
33 133 4 13
33 152 51 15
34 19 56 7
34 89 47 8
34 97 52 10
34 100 30 19
34 104 23 20
34 193 46 17
34 199 4 16
35 9 49 10
35 84 36 8
35 107 47 2
35 144 13 15
35 168 58 8
35 176 38 9
36 14 36 17
36 44 64 2
36 45 63 6
36 46 7 12
36 62 38 14
36 79 53 11
36 94 29 19
36 110 31 19
36 140 22 12
36 153 7 19
36 160 18 17
37 11 47 16
37 65 41 7
37 66 9 16
37 68 28 14
37 72 3 2
37 74 28 5
37 88 36 4
37 92 1 10
37 125 57 5
37 126 59 15
37 189 11 9
38 14 55 17
38 30 26 18
38 36 28 15
38 45 15 4
38 79 63 19
38 96 1 17
39 3 28 5
39 22 61 8
39 27 29 1
39 60 42 5
39 75 61 20
39 77 49 10
39 97 21 7
39 102 41 12
39 108 33 12
39 132 17 4
39 133 52 17
39 134 51 17
39 182 1 11
39 197 40 12
40 49 34 8
40 173 40 16
41 3 62 5
41 19 58 8
41 102 34 4
41 107 45 2
41 108 15 10
41 130 34 17
41 134 34 8
41 161 61 11
41 163 26 20
41 168 45 13
42 48 37 19
42 111 34 13
42 128 64 11
42 165 49 11
42 197 19 7
43 9 25 12
43 35 61 19
43 44 56 15
43 129 33 14
43 167 17 17
43 183 62 1
43 199 48 9
44 1 33 7
44 5 5 13
44 9 10 8
44 45 31 20
44 67 5 3
44 79 3 5
44 94 14 7
44 99 13 20
44 101 6 10
44 110 43 13
44 155 56 9
44 181 15 2
44 183 13 20
44 193 58 14
45 1 25 20
45 14 51 13
45 46 51 2
45 76 35 10
45 94 26 7
45 141 42 17
45 160 47 5
45 175 37 16
45 191 44 4
46 1 58 12
46 5 11 3
46 25 36 19
46 52 15 6
46 76 34 13
46 79 17 3
46 116 48 14
46 151 56 20
46 153 2 18
46 191 26 19
47 20 63 2
47 33 63 5
47 54 7 3
47 105 53 20
47 118 5 4
47 131 30 18
47 133 60 7
47 163 6 11
48 3 50 18
48 28 43 19
48 34 29 8
48 65 23 1
48 77 25 11
48 125 33 11
48 132 42 7
48 178 50 12
48 197 16 13
49 13 11 19
49 16 58 15
49 17 17 2
49 21 21 5
49 61 4 3
49 95 46 5
49 98 56 11
50 53 53 10
50 81 31 14
50 87 40 2
50 106 32 19
50 138 10 7
50 162 6 17
50 179 31 17
50 187 18 18
51 2 43 7
51 6 34 20
51 33 37 8
51 39 53 9
51 47 31 9
51 75 18 6
51 102 23 5
51 130 58 13
51 131 52 16
51 133 1 2
51 134 35 4
52 55 27 9
52 62 12 1
52 86 14 13
52 116 8 12
52 120 47 17
52 122 39 9
52 138 2 8
52 141 63 7
52 153 47 11
53 55 50 14
53 86 38 8
53 138 55 7
54 51 18 10
54 131 32 18
54 152 24 4
55 26 35 5
55 50 29 7
55 93 60 17
55 106 55 19
55 122 6 20
55 138 38 1
56 37 14 18
56 92 37 4
56 115 15 4
56 136 57 6
56 166 61 18
57 47 3 11
57 54 15 1
57 70 59 18
57 75 9 6
57 105 11 19
57 118 50 6
57 147 14 20
57 152 28 11
58 7 58 16
58 12 19 20
58 57 7 6
59 16 21 14
59 23 54 20
59 31 8 6
59 87 17 11
59 112 32 11
59 146 37 14
59 148 32 9
59 158 59 20
59 179 30 3
60 22 28 20
60 32 9 11
60 66 55 18
60 68 63 12
60 72 17 11
60 100 28 17
60 126 8 8
60 134 49 9
60 164 44 15
60 182 38 15
61 21 2 15
61 31 53 12
61 59 63 6
61 71 41 7
61 112 55 6
61 192 29 5
61 194 38 10
62 30 30 11
62 38 14 12
62 45 36 14
62 46 58 8
62 79 56 14
62 96 54 2
62 120 39 7
62 141 38 5
63 40 49 16
63 49 53 12
63 73 19 5
63 82 15 6
63 114 28 8
63 135 18 11
64 24 16 8
64 63 47 5
64 145 34 4
64 169 21 1
64 173 52 7
64 186 29 20
65 60 24 16
65 74 21 14
65 125 63 8
65 132 60 2
65 149 58 8
65 197 53 2
66 32 57 18
66 64 28 7
66 74 17 8
66 82 5 6
66 92 55 9
66 109 47 14
66 126 12 15
66 143 1 2
66 145 38 10
66 173 49 10
66 178 11 15
66 186 53 18
67 36 51 1
67 38 13 19
67 46 9 1
67 62 51 15
67 76 9 20
67 96 10 4
67 110 43 15
68 22 16 5
68 66 7 3
68 72 55 4
68 74 31 15
68 92 54 12
68 115 6 3
68 121 1 15
68 136 9 15
68 142 61 16
68 143 58 9
68 149 59 8
68 166 58 20
68 182 5 10
68 189 26 13
69 9 25 1
69 18 1 8
69 19 19 10
69 27 13 9
69 35 6 20
69 41 63 2
69 84 62 17
69 107 48 18
69 130 53 18
69 144 10 11
69 167 39 18
69 176 20 3
69 193 46 8
70 7 15 16
70 18 40 19
70 47 26 15
70 54 60 19
70 58 60 8
70 75 4 18
70 80 40 13
70 105 3 13
70 118 53 16
70 131 38 18
70 172 24 19
71 10 50 19
71 13 36 11
71 42 53 9
71 49 55 13
71 73 62 7
71 90 54 2
71 95 45 13
71 156 25 13
71 159 18 5
71 170 49 7
71 194 28 5
72 11 42 18
72 22 33 7
72 32 7 3
72 56 9 3
72 65 23 7
72 115 8 19
72 125 55 9
72 136 24 17
72 143 49 14
72 182 41 13
72 188 58 14
72 189 58 2
73 0 14 15
73 40 5 4
73 42 49 4
73 90 14 20
73 111 18 8
73 156 40 19
73 170 8 17
73 177 6 8
73 198 2 4
74 24 48 14
74 32 33 11
74 56 5 18
74 72 52 7
74 115 44 11
74 126 49 15
74 135 51 20
74 145 14 1
74 166 63 11
74 185 29 12
75 33 59 12
75 41 35 16
75 47 47 13
75 54 48 3
75 83 36 9
75 91 61 16
75 105 27 14
75 130 63 2
75 147 13 12
75 152 22 6
75 157 37 17
75 161 19 2
75 163 42 8
75 172 7 8
76 14 8 2
76 36 39 15
76 38 53 8
76 62 31 20
76 94 46 3
76 110 46 12
76 141 31 18
76 160 36 2
76 191 18 10
77 3 48 1
77 18 22 7
77 19 54 5
77 34 39 18
77 69 7 3
77 97 6 3
77 164 26 10
78 7 4 6
78 80 27 4
78 172 60 3
78 176 27 10
79 14 13 15
79 25 11 1
79 30 39 2
79 67 38 18
79 94 35 7
79 101 51 13
79 116 32 7
79 140 29 11
79 141 4 10
80 7 33 1
80 57 47 11
80 85 3 1
80 91 7 18
80 176 20 12
81 55 8 5
81 86 49 9
81 87 9 1
81 93 58 2
81 106 4 19
81 162 1 5
82 24 38 19
82 40 55 6
82 64 32 20
82 127 59 8
82 135 19 10
82 169 23 13
82 185 38 1
82 188 38 20
83 6 25 15
83 11 60 6
83 33 13 1
83 51 24 1
83 54 12 16
83 102 4 10
83 105 47 11
83 118 34 9
83 161 3 5
84 15 15 3
84 43 49 9
84 44 40 20
84 101 46 1
84 129 32 11
84 140 46 17
84 144 32 19
84 167 8 4
84 193 50 19
85 19 16 5
85 27 13 6
85 69 39 12
85 75 27 18
85 78 11 12
85 97 49 8
85 130 29 6
85 131 30 5
85 161 27 4
85 167 60 15
86 50 35 19
86 55 14 2
86 93 26 6
86 138 61 10
86 180 51 6
86 187 1 15
87 23 53 11
87 31 43 20
87 124 61 2
87 158 9 13
87 162 26 12
87 179 1 20
87 192 57 17
88 32 21 20
88 64 37 3
88 66 42 13
88 68 38 13
88 72 16 19
88 103 50 6
88 115 59 13
88 123 19 16
88 127 59 10
88 136 24 17
88 145 11 4
88 166 10 17
88 186 10 9
88 196 13 20
89 0 33 3
89 4 9 15
89 28 55 3
89 42 10 15
89 100 59 3
90 0 52 6
90 32 52 13
90 40 57 20
90 42 41 9
90 111 12 18
90 114 32 19
90 135 35 1
90 154 32 5
90 173 29 1
90 177 61 8
90 178 19 16
91 20 29 12
91 57 47 7
91 58 49 3
91 70 50 16
91 117 64 8
91 118 52 15
91 131 10 14
91 152 6 3
91 163 25 12
91 172 57 4
92 11 52 7
92 32 54 12
92 60 16 2
92 65 52 7
92 72 7 6
92 88 63 16
92 109 28 7
92 115 44 13
92 121 41 12
92 127 14 2
92 149 40 19
92 182 5 19
93 52 13 16
94 14 6 5
94 46 41 8
94 62 53 4
94 67 23 5
94 110 2 2
94 160 9 9
94 191 4 10
95 17 3 1
95 21 48 8
95 23 46 9
95 61 5 2
95 124 49 1
95 139 61 1
96 30 23 14
96 46 25 3
96 76 42 19
96 122 13 4
96 151 35 16
96 160 46 19
97 3 14 2
97 27 56 15
97 69 29 17
97 132 35 7
97 134 42 14
97 184 19 4
98 13 50 20
98 40 18 5
98 63 46 19
98 71 15 1
98 90 16 5
98 95 47 6
98 169 15 16
98 194 19 1
99 4 51 16
99 36 48 19
99 43 17 18
99 79 43 19
99 84 14 11
99 110 39 1
99 113 13 4
99 129 30 3
99 140 52 6
99 155 64 3
99 181 20 2
99 183 14 6
99 184 42 14
100 0 27 16
100 22 16 3
100 42 56 4
100 48 50 8
100 77 52 19
100 125 10 4
100 165 13 10
100 177 42 9
100 190 28 1
100 197 61 13
101 15 46 7
101 35 33 10
101 36 2 11
101 43 41 13
101 99 48 8
101 107 29 10
101 144 56 10
101 168 33 12
101 181 62 13
101 193 9 9
101 199 43 16
102 6 24 17
102 11 24 19
102 18 20 9
102 54 50 6
102 75 9 10
102 108 27 10
102 121 45 4
102 131 56 5
102 157 25 1
102 161 7 18
103 142 9 14
103 166 26 3
103 186 33 18
103 188 5 20
103 196 40 5
104 28 18 1
104 99 61 9
104 141 15 20
104 144 23 9
104 193 6 4
104 199 46 7
105 6 44 6
105 51 23 8
105 131 58 10
105 157 3 13
106 52 25 14
106 53 41 5
106 86 51 15
106 87 48 10
106 93 57 13
106 124 25 14
106 187 58 3
107 9 28 16
107 84 53 19
107 155 50 3
107 168 36 12
107 176 20 3
107 184 6 17
107 195 27 18
107 199 36 9
108 2 44 10
108 3 58 14
108 33 50 3
108 51 55 7
108 60 38 7
108 75 14 8
108 77 29 3
108 121 31 4
108 125 24 1
108 130 18 18
108 134 38 10
108 190 24 5
109 37 9 3
109 56 55 12
109 68 1 11
109 72 62 3
109 74 26 12
109 88 12 8
109 103 32 16
109 136 46 7
109 145 12 3
109 150 33 13
109 188 50 20
109 189 46 11
110 1 6 4
110 5 54 3
110 25 57 2
110 38 7 15
110 45 64 2
110 46 60 12
110 62 29 5
110 79 43 11
110 96 29 11
110 116 2 10
110 120 56 8
110 151 12 17
110 160 55 3
110 175 45 7
110 181 25 5
111 40 29 10
111 49 3 7
111 98 7 19
111 114 7 8
111 128 17 19
111 156 12 17
111 173 39 7
111 178 41 14
111 194 50 1
112 29 2 14
112 31 9 9
112 95 45 8
112 124 50 20
112 137 34 18
112 139 38 20
112 148 8 10
112 158 52 17
112 192 26 8
113 4 6 18
113 5 2 10
113 9 53 1
113 34 41 4
113 104 64 14
113 119 19 9
113 184 12 6
114 40 42 2
114 82 52 1
114 98 63 14
114 135 54 17
114 154 50 14
114 173 40 10
114 194 30 12
115 32 33 12
115 64 13 19
115 103 45 4
115 109 57 10
115 123 7 4
115 126 61 11
115 142 60 16
115 166 36 6
115 188 13 1
115 189 22 6
115 196 10 14
116 26 62 12
116 36 20 18
116 45 53 4
116 62 7 19
116 76 3 2
116 93 5 20
116 120 46 14
116 122 60 9
116 153 25 15
116 160 38 8
117 27 30 13
117 35 61 19
117 41 25 9
117 69 18 7
117 70 19 4
117 78 29 16
117 80 5 9
117 85 42 3
117 107 6 7
117 130 55 9
117 168 6 15
117 172 10 1
117 176 35 19
118 6 25 9
118 20 51 9
118 54 64 1
118 75 30 2
118 105 30 2
118 157 21 11
118 161 16 11
118 163 23 9
118 172 4 3
119 5 23 1
119 34 19 10
119 89 54 16
119 104 23 5
119 184 41 9
119 193 44 5
120 1 44 2
120 4 42 20
120 25 51 4
120 26 24 8
120 46 22 12
120 86 13 16
120 93 11 2
120 122 28 6
120 141 5 8
120 153 18 6
121 6 58 20
121 11 27 6
121 33 16 7
121 51 16 15
121 56 44 16
121 65 17 2
121 83 33 1
121 134 1 17
121 143 37 16
121 157 30 17
121 182 44 1
122 46 51 11
122 62 57 4
122 160 27 18
123 56 29 11
123 72 64 15
123 74 46 15
123 103 7 4
123 143 37 20
123 150 24 3
123 166 9 18
124 23 20 8
124 50 41 2
124 59 56 14
124 139 44 10
124 162 2 14
124 171 50 14
124 180 29 13
124 187 31 8
125 32 47 18
125 39 18 19
125 60 11 1
125 92 39 12
125 121 55 2
125 132 62 10
125 134 9 5
125 143 39 20
125 149 28 2
125 164 44 13
125 182 38 1
125 197 64 12
126 56 29 10
126 65 40 6
126 68 5 16
126 72 6 6
126 92 4 11
126 121 20 19
126 134 3 19
126 143 31 1
126 182 35 4
127 64 3 5
127 66 32 12
127 72 3 19
127 74 42 8
127 103 3 3
127 115 9 12
127 123 34 4
127 135 22 18
127 142 27 10
127 150 17 14
127 166 7 10
127 189 30 12
128 0 56 20
128 28 21 18
128 89 43 5
128 100 41 12
128 124 18 7
128 180 9 18
128 187 21 6
129 5 44 3
129 9 28 20
129 15 64 13
129 44 25 1
129 101 27 16
129 104 55 18
129 107 52 4
129 113 27 20
129 140 8 6
129 144 19 2
129 184 2 6
129 199 45 12
130 3 1 5
130 18 18 18
130 19 23 6
130 27 28 17
130 39 15 14
130 77 30 12
130 97 59 13
130 102 27 19
130 107 21 20
130 163 34 17
130 168 7 10
131 6 46 1
131 27 64 19
131 33 57 12
131 75 17 8
131 83 3 10
131 118 52 20
131 130 38 7
131 133 10 15
131 147 55 16
131 152 20 6
131 163 61 18
131 172 4 12
132 3 16 14
132 6 54 17
132 37 18 20
132 51 62 4
132 77 63 19
132 92 8 6
132 108 50 20
132 121 43 2
132 164 21 19
132 190 5 3
133 54 41 5
133 57 60 19
133 75 29 15
133 83 27 10
133 91 30 15
133 102 50 2
133 108 53 7
133 118 54 19
133 130 53 11
133 147 32 14
133 152 60 20
134 3 51 4
134 22 6 3
134 33 61 16
134 65 34 11
134 77 24 10
134 130 6 1
134 132 36 8
134 133 29 14
134 157 3 14
134 161 22 19
134 182 57 19
134 190 20 4
135 66 54 6
135 73 4 13
135 145 17 19
135 154 49 19
135 169 21 12
135 170 5 12
135 173 57 16
135 185 42 15
135 186 11 16
135 188 23 11
136 74 60 15
136 92 9 18
136 115 45 3
136 123 3 13
136 127 44 15
136 143 45 15
136 189 18 8
137 31 45 11
138 81 31 9
138 87 45 8
138 93 52 15
138 106 49 1
138 124 27 9
138 158 24 6
138 162 13 5
138 179 31 18
138 187 55 20
139 31 30 5
139 59 31 9
139 87 7 18
139 137 19 14
139 146 41 3
139 171 11 2
139 174 51 5
140 15 45 11
140 43 2 16
140 101 18 12
140 144 19 18
140 155 28 11
140 181 9 20
140 191 39 6
140 199 19 15
141 25 33 7
141 67 30 13
141 94 12 2
141 99 11 17
141 110 52 19
141 153 56 16
141 160 47 18
141 199 25 18
142 56 19 8
142 66 55 5
142 72 4 15
142 88 59 17
142 92 25 5
142 109 17 1
142 123 7 14
142 145 52 1
142 150 17 4
142 196 37 5
143 24 46 4
143 32 54 11
143 37 47 4
143 56 9 2
143 60 21 15
143 65 5 11
143 74 33 1
143 92 14 1
143 109 28 17
143 115 43 4
143 142 47 9
143 182 29 5
143 189 53 1
144 43 62 14
144 44 1 7
144 79 44 13
144 107 25 15
144 167 35 12
144 168 22 15
144 184 34 13
144 193 18 14
144 199 48 4
145 32 23 19
145 37 5 10
145 56 29 5
145 68 41 15
145 103 17 17
145 115 24 1
145 127 16 4
145 136 42 8
145 143 54 8
145 149 13 2
145 189 15 6
146 13 10 12
146 16 13 13
146 21 17 18
146 31 4 2
146 49 11 16
146 112 6 16
146 124 47 18
146 148 11 7
146 171 3 16
146 174 1 18
147 12 41 19
147 20 54 6
147 47 57 7
147 54 16 6
147 80 50 2
147 91 18 5
147 105 46 6
147 152 45 3
147 163 6 15
148 21 29 15
148 31 59 16
148 139 27 17
148 171 59 4
148 174 56 20
149 37 46 1
149 48 25 17
149 60 52 1
149 66 46 12
149 72 33 5
149 121 46 15
149 132 9 3
149 164 2 4
150 24 56 19
150 103 41 15
150 115 61 6
150 186 62 6
150 196 62 12
151 14 25 10
151 30 23 20
151 45 61 20
151 62 39 14
151 76 39 12
151 94 50 10
152 58 2 9
152 105 63 20
152 118 51 9
152 163 24 20
153 44 35 17
153 45 25 6
153 62 60 14
153 122 21 6
153 199 11 11
154 40 38 19
154 63 2 19
154 64 12 7
154 66 35 14
154 73 33 17
154 82 32 20
154 98 15 18
154 173 27 10
154 185 34 12
154 194 37 5
155 9 34 13
155 15 5 17
155 35 29 12
155 43 25 20
155 84 54 11
155 101 31 16
155 129 12 10
155 144 32 20
155 168 40 7
155 181 56 6
155 199 58 12
156 13 39 8
156 17 38 13
156 40 8 17
156 49 33 14
156 90 42 12
156 95 42 6
156 114 6 18
156 154 63 17
156 169 27 17
156 173 39 9
156 194 45 15
157 33 13 12
157 47 15 16
157 83 37 2
157 133 35 8
157 152 5 11
157 163 32 14
157 182 49 11
158 31 14 17
158 50 19 6
158 81 30 12
158 139 1 11
158 162 59 15
158 171 46 4
158 174 3 16
158 179 45 1
159 42 4 16
159 48 61 7
159 73 27 17
159 90 37 11
159 100 18 1
159 111 9 19
159 128 42 9
159 170 37 9
159 194 28 16
159 198 1 16
160 14 9 2
160 46 52 16
160 67 54 5
160 79 27 2
160 120 46 19
160 151 34 1
160 153 1 18
161 18 42 16
161 27 33 5
161 39 33 14
161 51 48 1
161 54 36 8
161 70 23 5
161 97 5 17
161 108 16 18
161 131 6 11
161 133 47 6
161 152 10 18
161 157 40 15
162 53 47 15
162 106 29 9
162 128 12 11
162 179 36 1
162 192 23 6
163 2 10 14
163 6 50 19
163 7 52 7
163 12 35 2
163 20 9 17
163 33 17 5
163 51 23 3
163 54 37 4
163 57 64 8
163 70 30 16
163 85 48 6
163 102 13 19
163 105 49 13
163 117 48 14
163 133 20 18
163 172 3 7
164 0 1 18
164 42 16 6
164 100 54 19
164 177 51 12
164 178 25 7
164 190 57 16
164 198 37 4
165 34 16 10
165 48 24 16
165 89 7 1
165 119 55 20
165 159 2 13
165 187 64 4
166 24 45 18
166 109 63 8
166 136 37 4
166 143 5 14
166 145 35 20
167 35 34 9
167 78 17 19
167 107 27 1
167 155 42 2
167 183 7 4
168 7 29 10
168 15 50 13
168 43 34 3
168 69 4 16
168 78 50 5
168 84 21 11
168 85 3 11
168 129 54 4
168 195 56 20
169 40 60 7
169 63 15 11
169 114 43 14
169 154 15 18
169 173 46 8
169 185 30 7
169 186 6 20
170 17 53 4
170 40 29 17
170 49 36 10
170 82 22 16
170 98 3 1
170 114 14 4
170 154 47 10
170 156 24 13
170 169 63 1
170 177 27 3
170 194 24 5
170 198 30 6
171 13 20 19
171 16 38 8
171 59 5 8
171 61 46 11
171 112 48 4
171 137 34 18
172 7 16 4
172 57 57 20
172 58 1 15
172 147 39 4
173 73 43 17
173 98 63 15
173 170 20 4
173 178 17 15
173 185 49 5
173 186 54 8
173 194 62 16
174 8 3 1
174 21 43 15
174 31 34 10
174 59 33 13
174 112 58 14
175 30 56 10
175 36 33 12
175 38 53 15
175 44 30 15
175 62 11 14
175 67 62 11
175 76 44 16
175 79 9 6
175 94 49 19
175 140 18 8
176 12 51 17
176 27 10 7
176 41 8 18
176 91 17 16
176 130 32 8
176 167 40 3
176 195 30 13
177 71 61 5
177 98 5 11
177 128 11 5
177 159 57 12
177 173 30 8
177 178 51 7
177 194 45 18
178 42 50 7
178 60 36 7
178 65 16 3
178 73 35 2
178 74 61 20
178 100 60 17
178 149 52 16
178 159 37 18
178 185 33 16
179 81 23 15
179 86 59 9
180 81 6 10
180 89 8 11
180 106 45 11
180 138 14 14
180 162 1 14
180 165 11 14
180 179 13 16
180 187 27 6
181 1 19 14
181 9 64 17
181 36 26 2
181 43 64 6
181 104 56 3
181 153 14 19
181 193 36 20
181 199 29 13
182 11 10 13
182 37 53 3
182 65 5 19
182 77 60 16
182 108 59 1
182 132 1 14
182 149 43 11
183 15 63 17
183 35 9 11
183 84 55 17
183 101 16 2
183 129 23 14
183 140 26 14
183 155 50 14
183 181 39 6
183 199 39 1
184 3 38 4
184 19 50 4
184 28 51 4
184 34 31 14
184 69 59 1
184 104 12 17
184 193 20 5
185 32 19 18
185 40 5 16
185 63 63 13
185 64 6 2
185 66 14 15
185 73 1 15
185 90 31 17
185 111 62 17
185 114 21 15
185 127 40 6
185 177 37 14
185 188 17 11
186 24 34 16
186 40 58 20
186 82 21 18
186 114 6 1
186 115 44 14
186 127 1 19
186 154 38 19
186 185 11 17
186 188 45 3
187 26 1 2
187 81 41 13
187 162 10 20
187 179 20 3
188 32 19 18
188 64 44 18
188 66 52 3
188 74 3 5
188 88 25 20
188 127 6 5
188 150 62 20
188 154 56 12
189 56 11 14
189 64 13 17
189 66 34 3
189 88 45 7
189 92 15 7
189 103 18 4
189 123 55 19
189 166 3 19
189 186 18 1
189 188 31 19
190 3 25 13
190 39 62 10
190 48 46 3
190 60 23 14
190 77 18 13
190 97 36 14
190 125 18 14
190 149 62 2
190 182 17 13
191 36 9 14
191 38 25 10
191 44 60 20
191 62 41 3
191 79 20 20
191 96 64 4
191 110 11 17
191 160 44 20
191 175 33 19
192 59 34 14
192 124 38 9
192 128 32 9
192 146 14 17
192 158 40 20
193 9 42 18
193 107 32 14
193 113 33 10
193 129 5 14
193 155 60 4
193 168 7 3
193 183 2 5
193 199 24 1
194 10 48 12
194 13 59 20
194 16 52 16
194 49 28 5
194 73 22 7
194 90 11 2
194 95 60 8
194 169 61 18
194 185 31 5
195 2 24 3
195 12 54 11
195 27 62 5
195 41 55 20
195 78 29 4
195 85 41 16
195 91 9 5
195 117 1 16
195 130 17 18
196 127 22 4
197 3 61 4
197 60 48 10
197 77 13 7
197 97 34 20
197 108 2 5
197 132 32 19
197 134 50 15
197 149 38 15
197 159 42 9
197 164 40 8
197 178 52 5
197 182 49 14
198 42 52 20
198 65 18 9
198 90 63 17
198 111 40 15
198 128 24 7
198 177 16 8
198 178 14 13
198 197 51 1
199 1 15 5
199 44 52 5
199 99 10 19
199 113 22 12
199 119 53 11
199 184 35 17
