0 1 12 15
0 3 50 12
0 7 36 10
0 12 58 6
0 14 43 8
0 20 50 11
0 21 51 8
0 22 38 9
0 24 41 17
0 25 57 3
0 34 15 2
0 37 40 15
0 38 53 17
0 39 54 17
0 40 55 19
0 44 59 12
0 45 33 7
0 49 35 6
0 50 10 15
0 57 4 17
0 59 45 4
0 60 40 9
0 63 45 20
0 65 14 4
0 69 48 15
0 72 48 2
0 76 41 19
0 78 11 7
0 80 41 6
0 82 39 15
0 84 47 7
0 88 19 13
0 90 50 16
0 91 39 7
0 94 11 14
1 8 20 17
1 9 4 2
1 10 49 4
1 11 22 17
1 12 45 3
1 13 31 3
1 15 24 10
1 16 59 6
1 22 17 12
1 23 36 18
1 29 48 7
1 31 2 17
1 33 50 6
1 34 7 13
1 39 27 3
1 40 30 5
1 41 24 18
1 42 43 2
1 44 33 7
1 45 41 14
1 46 25 16
1 51 23 19
1 56 1 11
1 59 7 2
1 60 42 20
1 62 34 19
1 63 18 10
1 65 7 6
1 66 9 16
1 70 26 16
1 72 31 2
1 75 5 12
1 76 14 18
1 80 25 11
1 83 40 2
1 84 42 7
1 87 48 16
1 89 40 1
1 92 44 2
1 99 12 16
2 0 36 11
2 1 55 7
2 3 52 11
2 4 9 9
2 5 10 11
2 6 5 7
2 7 20 17
2 12 27 2
2 14 42 11
2 15 1 11
2 17 49 14
2 18 27 5
2 20 23 18
2 21 13 11
2 23 15 9
2 24 33 11
2 25 40 7
2 27 1 11
2 28 21 5
2 30 39 18
2 32 7 14
2 37 20 7
2 39 51 2
2 40 26 11
2 43 52 9
2 44 58 13
2 45 40 17
2 48 34 11
2 51 1 4
2 55 34 19
2 57 8 2
2 58 27 12
2 60 8 5
2 63 21 11
2 64 46 3
2 65 3 18
2 66 40 2
2 68 38 20
2 69 31 7
2 71 26 4
2 73 17 6
2 80 56 8
2 83 64 9
2 85 57 18
2 89 35 7
2 90 40 6
2 92 30 20
2 96 64 6
2 98 3 12
3 4 3 3
3 9 44 10
3 10 8 1
3 12 37 18
3 15 34 6
3 16 32 7
3 17 3 4
3 18 5 7
3 22 50 14
3 23 42 20
3 24 27 17
3 28 46 14
3 31 1 12
3 32 52 3
3 35 50 17
3 36 21 18
3 39 36 11
3 42 31 15
3 46 54 5
3 47 10 20
3 48 62 13
3 49 16 2
3 52 3 11
3 53 30 15
3 55 12 1
3 61 10 20
3 62 49 17
3 68 54 3
3 72 1 5
3 73 3 3
3 74 60 10
3 75 2 4
3 81 52 15
3 85 5 19
3 91 7 17
3 93 7 2
3 94 32 17
3 95 49 20
3 96 43 6
3 97 35 20
4 0 55 18
4 7 20 4
4 12 62 8
4 13 36 3
4 17 52 1
4 18 7 16
4 19 13 12
4 20 41 6
4 22 53 6
4 24 2 20
4 27 29 6
4 42 12 8
4 44 16 10
4 47 59 13
4 50 22 9
4 55 24 11
4 61 22 9
4 62 49 17
4 64 17 17
4 68 16 1
4 73 47 4
4 75 61 18
4 76 12 11
4 77 20 11
4 80 40 10
4 81 54 12
4 82 11 10
4 83 41 8
4 84 60 20
4 87 7 10
5 1 59 14
5 3 23 4
5 4 24 7
5 6 9 1
5 7 45 17
5 12 39 18
5 16 38 13
5 17 7 14
5 20 45 4
5 21 15 8
5 22 64 18
5 26 4 10
5 27 29 5
5 29 3 15
5 30 20 10
5 32 62 13
5 33 64 3
5 35 62 18
5 36 17 5
5 37 19 14
5 38 64 3
5 42 56 18
5 43 3 10
5 50 38 19
5 51 24 14
5 54 62 16
5 55 61 1
5 58 54 10
5 59 8 5
5 69 4 12
5 70 58 10
5 74 34 4
5 79 62 12
5 80 35 18
5 81 14 14
5 83 14 10
5 84 8 8
5 86 18 20
5 91 4 17
5 93 32 13
5 94 2 14
5 97 55 5
6 0 49 12
6 1 12 1
6 3 13 13
6 7 37 5
6 9 1 6
6 11 24 18
6 15 6 16
6 16 43 7
6 22 42 5
6 23 58 7
6 24 11 6
6 26 4 9
6 28 28 4
6 29 48 12
6 32 47 19
6 39 27 4
6 40 51 3
6 41 46 9
6 42 11 10
6 44 55 15
6 47 11 8
6 51 11 19
6 52 16 19
6 54 34 18
6 57 19 14
6 59 62 12
6 60 62 8
6 61 46 5
6 62 24 17
6 64 43 20
6 76 23 10
6 80 56 8
6 82 2 11
6 83 14 20
6 91 6 14
6 92 62 2
6 95 46 2
6 99 20 16
7 1 55 2
7 3 56 7
7 8 30 12
7 12 17 9
7 15 60 3
7 16 55 7
7 18 11 9
7 20 47 17
7 22 58 2
7 23 38 3
7 24 13 18
7 25 28 8
7 27 23 9
7 35 14 1
7 38 55 13
7 39 60 7
7 40 24 12
7 43 59 2
7 45 5 1
7 49 9 11
7 52 46 6
7 56 19 4
7 58 55 4
7 63 64 4
7 64 25 15
7 65 43 6
7 69 46 1
7 75 56 19
7 81 17 2
7 83 60 5
7 88 62 1
7 90 63 18
7 91 59 2
7 92 59 14
7 94 47 11
7 96 52 16
8 3 3 14
8 6 44 12
8 9 4 10
8 11 55 3
8 18 16 6
8 22 27 8
8 30 10 11
8 37 57 12
8 41 19 9
8 44 15 13
8 48 15 6
8 49 41 7
8 56 33 11
8 57 37 4
8 61 40 12
8 62 13 10
8 64 26 14
8 66 30 2
8 67 53 19
8 68 27 16
8 74 42 2
8 77 10 18
8 78 38 10
8 79 37 4
8 80 19 11
8 82 5 6
8 84 34 20
8 86 54 12
8 90 36 11
8 91 15 15
8 97 33 18
8 98 8 16
9 0 52 2
9 10 20 15
9 11 35 11
9 13 11 6
9 18 9 16
9 20 39 8
9 25 35 17
9 30 3 17
9 31 8 7
9 32 25 12
9 39 53 7
9 41 13 20
9 46 49 19
9 47 54 20
9 50 37 2
9 51 51 10
9 52 37 7
9 53 54 19
9 60 57 18
9 66 21 17
9 73 7 15
9 74 48 18
9 75 36 7
9 76 37 5
9 80 26 5
9 81 31 7
9 85 37 6
9 89 58 7
9 91 24 14
9 94 46 7
9 96 12 12
9 97 41 4
9 99 9 4
10 0 63 1
10 2 60 11
10 4 26 9
10 5 47 7
10 6 30 11
10 7 37 14
10 8 3 18
10 11 46 2
10 13 24 14
10 15 52 7
10 17 9 14
10 18 60 5
10 19 7 15
10 20 41 4
10 23 39 10
10 24 43 14
10 29 30 18
10 30 13 8
10 32 36 3
10 33 53 1
10 34 22 3
10 35 1 12
10 37 20 2
10 38 49 1
10 41 40 18
10 42 11 13
10 47 26 7
10 49 12 15
10 51 29 5
10 52 59 10
10 54 35 9
10 59 2 20
10 61 61 2
10 62 60 19
10 67 8 10
10 71 57 16
10 72 21 12
10 73 21 3
10 74 50 8
10 76 9 15
10 79 63 2
10 83 37 19
10 86 26 12
10 87 38 20
10 97 37 5
10 98 11 18
10 99 23 11
11 2 26 2
11 3 26 16
11 5 16 6
11 15 53 13
11 16 14 5
11 18 45 20
11 23 39 17
11 25 1 20
11 29 1 7
11 32 31 11
11 34 64 14
11 38 49 12
11 39 4 1
11 44 34 3
11 45 30 15
11 46 61 6
11 47 12 5
11 50 4 17
11 51 34 19
11 52 18 10
11 53 20 19
11 55 52 16
11 59 34 7
11 60 35 11
11 65 23 18
11 66 29 17
11 68 40 2
11 70 25 3
11 77 13 17
11 78 21 10
11 79 7 7
11 81 9 13
11 84 43 16
11 87 36 17
11 90 47 7
11 92 12 8
11 94 11 6
12 8 3 15
12 9 14 17
12 11 38 11
12 16 12 18
12 17 59 11
12 19 21 16
12 26 41 17
12 28 49 1
12 29 20 14
12 30 13 12
12 35 21 12
12 36 59 20
12 37 49 7
12 42 59 14
12 45 50 4
12 47 1 15
12 48 45 2
12 49 43 7
12 56 8 18
12 58 16 18
12 60 61 6
12 62 37 2
12 63 7 2
12 68 45 4
12 71 35 17
12 76 1 4
12 78 63 11
12 83 32 8
12 84 45 4
12 85 45 16
12 86 61 8
12 88 48 13
12 89 61 13
12 90 2 17
12 91 46 19
12 92 50 7
12 94 21 10
12 95 20 5
12 96 21 11
13 0 23 2
13 2 47 9
13 3 19 5
13 5 10 10
13 6 20 12
13 7 16 19
13 8 56 13
13 11 39 5
13 12 64 9
13 14 54 19
13 16 20 6
13 17 59 17
13 19 48 4
13 20 18 18
13 22 41 4
13 24 54 18
13 27 15 20
13 29 7 6
13 31 36 8
13 32 37 10
13 33 22 9
13 38 54 10
13 39 1 9
13 40 48 20
13 44 56 18
13 46 22 1
13 47 6 8
13 48 14 3
13 49 3 2
13 52 29 11
13 53 22 17
13 54 30 13
13 56 2 13
13 59 1 6
13 60 19 1
13 69 56 2
13 72 37 2
13 76 61 2
13 77 16 12
13 81 54 16
13 87 11 13
13 91 23 19
13 93 42 14
13 94 35 6
13 95 21 19
13 96 60 13
13 97 10 15
13 98 51 7
14 3 7 2
14 4 22 3
14 5 7 8
14 10 25 2
14 16 40 4
14 19 46 2
14 23 62 5
14 24 52 5
14 27 30 16
14 31 59 8
14 32 63 15
14 33 39 19
14 34 40 18
14 37 37 7
14 38 57 5
14 45 56 12
14 48 17 6
14 50 39 9
14 53 54 5
14 56 4 2
14 61 47 10
14 66 10 20
14 73 48 6
14 74 19 3
14 75 35 14
14 77 10 1
14 85 24 4
14 90 30 3
14 91 46 12
14 92 20 2
14 93 27 17
14 94 12 12
14 96 4 2
15 0 2 18
15 4 37 8
15 5 60 2
15 12 29 4
15 13 43 1
15 24 14 9
15 25 41 2
15 27 47 4
15 28 45 10
15 30 48 6
15 32 3 13
15 37 21 16
15 39 55 18
15 42 27 1
15 45 46 20
15 47 13 20
15 51 14 8
15 52 44 17
15 55 51 10
15 56 35 3
15 58 2 20
15 59 4 11
15 61 5 15
15 66 40 16
15 69 40 6
15 70 43 15
15 76 1 16
15 80 57 19
15 87 16 2
15 89 56 18
15 92 30 18
15 93 47 7
15 96 48 11
16 0 42 19
16 2 20 18
16 8 47 2
16 9 44 11
16 10 63 1
16 21 45 13
16 22 44 2
16 24 59 2
16 28 4 8
16 29 26 2
16 30 20 8
16 31 61 7
16 32 39 17
16 37 56 20
16 38 13 16
16 42 26 8
16 43 64 4
16 44 26 7
16 45 39 14
16 47 45 19
16 50 64 5
16 52 38 11
16 54 10 17
16 55 37 17
16 56 38 1
16 57 44 7
16 60 15 19
16 61 45 5
16 63 23 20
16 65 54 5
16 68 31 14
16 73 23 7
16 75 5 14
16 77 4 8
16 80 23 14
16 81 47 19
16 82 26 4
16 83 42 19
16 85 63 9
16 90 5 13
16 91 48 6
16 93 39 13
16 95 21 1
16 96 59 7
16 97 58 20
17 0 39 13
17 6 50 10
17 7 3 16
17 9 52 6
17 11 23 17
17 14 48 3
17 16 52 9
17 18 13 6
17 19 50 12
17 20 64 3
17 22 34 4
17 23 41 19
17 26 32 2
17 27 2 13
17 29 56 2
17 30 50 9
17 31 7 16
17 34 16 6
17 35 52 18
17 42 22 9
17 43 7 14
17 44 50 15
17 45 16 6
17 46 16 11
17 47 39 11
17 48 1 18
17 49 19 2
17 51 28 11
17 53 18 8
17 54 24 4
17 55 23 10
17 57 9 10
17 61 26 2
17 62 45 13
17 65 24 18
17 67 50 9
17 69 28 19
17 70 46 17
17 72 9 1
17 74 51 14
17 76 35 18
17 78 22 14
17 81 9 8
17 82 34 20
17 83 57 1
17 85 12 17
17 89 20 14
17 90 62 17
17 93 34 4
17 94 61 16
17 97 9 12
17 98 37 3
18 0 10 9
18 1 50 2
18 5 4 11
18 6 51 17
18 12 41 19
18 14 7 12
18 15 60 10
18 16 30 20
18 19 37 20
18 26 30 12
18 28 46 3
18 29 39 9
18 33 15 5
18 34 21 10
18 35 6 15
18 36 15 3
18 42 8 18
18 43 6 9
18 44 33 8
18 45 33 15
18 48 29 20
18 50 5 20
18 55 58 12
18 58 22 1
18 62 35 17
18 67 9 10
18 68 34 5
18 70 45 17
18 71 18 8
18 72 53 8
18 79 51 4
18 80 40 9
18 85 13 8
18 90 30 7
18 94 24 19
18 95 2 3
19 2 49 19
19 3 13 5
19 6 25 5
19 8 12 13
19 9 21 16
19 11 52 6
19 15 63 3
19 16 16 11
19 23 49 19
19 24 18 1
19 29 50 18
19 30 28 5
19 35 23 18
19 38 24 14
19 39 6 9
19 40 61 14
19 42 41 7
19 46 38 3
19 51 12 18
19 56 49 1
19 60 46 2
19 62 8 13
19 64 47 2
19 73 11 5
19 75 51 13
19 76 18 9
19 77 10 6
19 79 31 14
19 83 20 12
19 87 39 17
19 90 5 10
19 92 3 1
20 8 58 4
20 11 34 18
20 12 17 2
20 15 19 2
20 16 23 10
20 18 3 14
20 19 34 1
20 25 6 8
20 26 11 7
20 36 15 17
20 39 36 20
20 47 3 2
20 48 24 10
20 56 26 5
20 58 44 10
20 59 7 14
20 60 8 19
20 63 38 15
20 69 22 14
20 72 44 6
20 73 47 7
20 74 40 9
20 76 48 9
20 80 31 20
20 83 41 11
20 84 56 8
20 85 19 12
20 86 60 3
20 88 46 8
20 89 5 17
20 91 25 20
20 94 45 2
20 98 14 18
21 1 53 2
21 3 40 18
21 6 39 10
21 7 7 11
21 8 58 11
21 11 17 6
21 12 4 1
21 13 60 11
21 15 9 7
21 17 62 13
21 18 57 7
21 20 59 3
21 22 4 6
21 23 36 4
21 24 11 13
21 25 13 7
21 30 19 13
21 32 21 18
21 33 5 5
21 37 42 9
21 39 6 19
21 41 23 16
21 44 37 7
21 45 32 2
21 46 32 12
21 47 3 7
21 49 26 8
21 50 3 5
21 51 44 19
21 52 37 16
21 54 34 7
21 59 50 13
21 60 30 7
21 61 41 17
21 62 62 1
21 66 34 10
21 67 64 2
21 71 61 6
21 73 56 10
21 75 64 19
21 78 33 14
21 81 10 4
21 83 1 19
21 87 45 16
21 88 7 20
21 89 20 10
21 90 38 20
21 92 7 16
21 97 61 13
22 2 18 8
22 9 63 17
22 11 20 4
22 12 54 3
22 14 50 1
22 15 20 18
22 18 28 8
22 19 60 15
22 20 15 6
22 27 6 8
22 29 59 11
22 30 12 6
22 31 5 18
22 39 61 15
22 41 19 12
22 45 10 5
22 46 29 6
22 48 30 8
22 49 11 12
22 53 63 7
22 56 60 16
22 57 23 15
22 60 11 17
22 61 3 15
22 65 20 14
22 67 58 15
22 69 62 18
22 78 24 8
22 80 3 13
22 81 21 2
22 84 3 9
22 85 25 2
22 88 36 8
22 92 55 8
22 94 34 7
22 95 23 17
22 97 25 20
23 0 50 16
23 5 27 8
23 8 35 10
23 9 18 15
23 12 24 12
23 13 50 6
23 15 36 15
23 16 52 3
23 18 41 4
23 20 14 16
23 22 43 9
23 25 14 10
23 26 55 15
23 27 32 16
23 28 49 13
23 33 58 5
23 37 53 15
23 38 49 11
23 40 36 5
23 44 16 14
23 47 64 11
23 48 34 9
23 49 5 6
23 51 53 8
23 52 28 12
23 55 23 19
23 57 5 5
23 59 63 19
23 61 13 11
23 63 40 7
23 64 45 7
23 65 49 7
23 69 63 10
23 73 6 8
23 74 21 20
23 76 57 7
23 77 29 4
23 79 53 13
23 80 32 13
23 85 45 3
23 87 12 11
23 88 9 16
23 89 59 19
23 93 31 12
23 94 18 10
23 95 38 12
23 96 14 13
23 97 5 17
24 1 55 2
24 5 32 9
24 11 2 6
24 12 23 13
24 17 28 11
24 18 57 16
24 20 40 5
24 22 27 1
24 27 51 14
24 28 61 6
24 32 14 14
24 33 15 13
24 34 19 9
24 35 8 8
24 37 15 8
24 38 56 3
24 45 38 8
24 46 48 1
24 48 8 3
24 55 12 1
24 57 11 15
24 58 29 8
24 61 18 13
24 62 34 14
24 64 3 7
24 66 17 9
24 67 16 19
24 69 50 1
24 70 13 4
24 72 59 9
24 75 60 14
24 77 39 7
24 79 20 18
24 83 39 12
24 84 63 4
24 85 50 11
24 90 7 18
24 94 42 16
24 96 23 2
25 1 9 9
25 4 14 15
25 5 5 17
25 6 14 8
25 8 41 13
25 10 20 15
25 12 48 17
25 13 37 18
25 14 42 3
25 16 11 13
25 17 44 15
25 18 4 20
25 19 59 7
25 22 17 18
25 24 43 13
25 26 41 7
25 36 62 15
25 40 43 10
25 41 19 19
25 42 1 12
25 43 30 5
25 48 39 6
25 50 33 2
25 51 24 17
25 54 9 8
25 55 31 1
25 57 17 8
25 59 10 15
25 60 50 20
25 61 56 4
25 64 16 9
25 65 51 12
25 71 7 8
25 73 43 16
25 74 12 17
25 75 20 20
25 77 6 4
25 78 43 8
25 80 42 6
25 81 54 10
25 82 45 17
25 83 25 18
25 85 39 9
25 88 27 14
25 89 1 14
25 92 39 20
25 93 64 9
25 96 12 2
25 97 60 7
26 3 63 9
26 4 36 17
26 7 26 10
26 10 50 11
26 13 29 11
26 22 19 5
26 27 11 14
26 28 46 19
26 31 39 7
26 32 13 12
26 34 21 12
26 35 26 19
26 37 5 7
26 38 48 10
26 46 63 4
26 47 43 5
26 51 56 12
26 58 15 6
26 59 38 2
26 63 20 14
26 65 34 2
26 68 59 5
26 69 4 20
26 71 21 10
26 74 48 2
26 75 33 7
26 81 32 18
26 83 26 4
26 84 61 11
26 85 29 3
26 87 55 19
26 89 7 13
26 90 60 11
26 94 14 20
26 96 26 15
26 97 19 4
26 98 21 4
27 1 44 7
27 3 43 12
27 6 60 5
27 9 41 13
27 10 41 1
27 11 27 3
27 16 27 4
27 18 21 16
27 19 13 12
27 20 11 2
27 21 3 8
27 28 5 20
27 30 4 11
27 32 8 13
27 33 20 6
27 35 44 10
27 36 18 12
27 38 58 15
27 39 46 5
27 41 22 10
27 42 38 7
27 45 61 15
27 46 62 13
27 52 49 16
27 58 57 17
27 59 45 13
27 65 51 6
27 69 34 5
27 70 61 11
27 77 16 9
27 79 23 20
27 84 30 1
27 86 31 19
27 87 56 4
27 91 18 6
27 95 8 19
27 97 23 3
28 0 57 15
28 4 28 16
28 7 31 14
28 10 58 10
28 14 47 5
28 19 23 15
28 20 3 12
28 22 7 13
28 25 23 18
28 31 4 5
28 33 37 11
28 34 8 7
28 36 44 11
28 37 35 15
28 39 1 10
28 40 39 19
28 42 14 19
28 44 57 17
28 46 23 6
28 47 32 8
28 50 58 17
28 54 59 6
28 58 60 14
28 62 49 11
28 63 52 12
28 65 6 10
28 69 57 13
28 74 61 14
28 75 27 9
28 76 48 13
28 79 33 13
28 81 12 17
28 82 24 17
28 83 22 7
28 87 61 15
28 90 10 2
28 92 16 6
28 93 47 4
28 95 28 15
28 97 28 3
29 0 54 16
29 2 34 11
29 4 43 7
29 7 45 20
29 14 32 10
29 15 41 4
29 20 45 5
29 21 20 11
29 23 19 19
29 24 11 19
29 26 21 11
29 27 43 15
29 28 4 3
29 30 27 4
29 31 58 3
29 35 64 12
29 36 35 1
29 38 24 15
29 39 57 13
29 40 13 15
29 42 2 9
29 48 50 7
29 50 40 14
29 51 34 16
29 52 32 17
29 55 60 9
29 56 6 12
29 57 11 9
29 60 62 9
29 63 49 7
29 64 18 2
29 68 52 18
29 70 13 20
29 71 56 15
29 72 64 11
29 75 41 1
29 76 50 6
29 80 3 15
29 83 2 8
29 86 18 12
29 87 49 18
29 91 25 8
29 92 5 7
29 95 62 3
30 1 47 19
30 3 49 1
30 7 29 4
30 11 48 17
30 13 32 12
30 14 15 14
30 18 43 8
30 20 51 16
30 23 63 13
30 24 20 11
30 25 22 6
30 28 23 12
30 36 2 10
30 37 55 17
30 38 9 12
30 39 14 2
30 40 27 5
30 41 15 17
30 48 51 1
30 50 19 10
30 51 13 18
30 53 58 2
30 55 62 6
30 56 41 6
30 57 57 11
30 62 13 9
30 66 9 6
30 67 57 10
30 68 59 10
30 69 50 7
30 75 53 3
30 77 31 8
30 80 10 16
30 83 48 12
30 89 47 5
30 93 28 19
30 94 37 5
30 96 28 5
30 98 24 7
31 2 40 6
31 4 1 8
31 5 12 15
31 8 41 7
31 11 19 16
31 12 17 9
31 15 46 20
31 18 4 20
31 19 6 11
31 20 21 19
31 21 1 18
31 23 26 19
31 24 52 2
31 25 18 13
31 33 52 11
31 34 28 5
31 36 33 16
31 38 12 15
31 43 34 17
31 44 54 16
31 52 41 17
31 55 27 12
31 57 29 1
31 59 42 3
31 60 23 5
31 61 22 2
31 63 39 19
31 67 18 1
31 68 34 14
31 70 8 11
31 74 21 1
31 75 12 10
31 76 61 12
31 78 26 20
31 79 51 8
31 83 46 3
31 86 3 13
31 90 38 17
31 93 35 1
31 98 59 4
32 1 47 4
32 4 50 6
32 18 16 2
32 22 3 5
32 23 14 11
32 25 12 6
32 28 7 7
32 29 6 11
32 31 24 11
32 33 15 3
32 34 8 8
32 36 60 18
32 37 36 20
32 41 58 19
32 42 63 6
32 44 61 15
32 51 39 15
32 53 18 10
32 54 20 19
32 58 22 8
32 59 51 9
32 61 50 7
32 62 60 5
32 64 56 4
32 65 55 20
32 66 18 13
32 67 61 1
32 72 40 6
32 74 63 10
32 75 27 20
32 76 25 1
32 78 18 19
32 79 13 14
32 80 38 7
32 84 55 8
32 88 46 15
32 89 29 9
32 91 58 4
32 92 58 18
32 93 58 10
32 98 10 14
33 2 9 14
33 3 48 10
33 4 52 7
33 6 8 15
33 11 2 8
33 12 10 9
33 15 63 2
33 16 7 6
33 19 33 4
33 20 6 7
33 22 37 20
33 25 29 17
33 29 29 8
33 30 20 11
33 35 26 10
33 38 51 7
33 39 16 9
33 44 62 4
33 45 53 18
33 46 8 4
33 47 15 15
33 50 18 12
33 54 7 14
33 58 53 17
33 62 62 18
33 66 9 16
33 67 15 20
33 70 63 15
33 73 56 5
33 76 22 7
33 77 6 7
33 80 20 18
33 84 27 2
33 85 8 14
33 87 21 8
33 88 9 12
33 89 47 14
33 90 2 7
33 91 52 12
33 94 63 1
33 99 58 16
34 4 20 1
34 6 63 11
34 7 57 14
34 8 43 3
34 9 7 3
34 12 59 20
34 15 30 16
34 16 14 14
34 20 6 6
34 21 21 12
34 22 10 15
34 23 2 17
34 25 22 9
34 29 41 5
34 30 40 5
34 33 26 2
34 37 48 20
34 38 21 4
34 40 34 2
34 44 23 6
34 45 21 15
34 46 5 1
34 48 52 11
34 49 58 20
34 50 28 5
34 54 56 1
34 55 5 1
34 56 46 14
34 57 11 8
34 62 29 19
34 64 5 17
34 65 40 17
34 68 31 9
34 72 5 1
34 76 27 19
34 77 10 15
34 78 28 14
34 89 63 5
34 91 63 4
34 92 28 8
34 94 7 10
34 97 49 3
35 0 60 18
35 4 57 12
35 6 18 13
35 8 45 15
35 9 61 5
35 11 54 8
35 13 59 18
35 20 54 5
35 21 2 5
35 22 13 14
35 25 29 17
35 28 54 18
35 31 28 20
35 32 57 11
35 34 2 19
35 37 50 17
35 38 36 18
35 43 10 4
35 44 16 11
35 48 14 9
35 50 49 13
35 51 30 12
35 55 41 17
35 56 15 15
35 57 24 12
35 60 36 10
35 62 64 4
35 64 60 10
35 65 6 10
35 70 58 20
35 71 12 17
35 72 1 1
35 76 6 2
35 78 54 8
35 80 57 19
35 83 17 1
35 85 33 6
35 87 5 20
35 88 52 18
35 89 26 5
35 90 51 17
35 91 44 11
35 93 20 19
35 94 34 14
35 95 10 18
36 0 44 4
36 2 30 11
36 10 54 17
36 13 11 20
36 14 47 4
36 15 48 13
36 16 23 6
36 19 3 6
36 22 25 4
36 24 52 2
36 26 29 1
36 33 28 11
36 35 39 1
36 42 22 13
36 43 41 11
36 46 60 20
36 47 58 6
36 48 5 10
36 54 52 3
36 58 58 14
36 59 1 6
36 60 8 20
36 65 7 18
36 67 27 15
36 68 24 1
36 71 21 1
36 75 5 12
36 76 1 18
36 77 48 17
36 78 55 10
36 80 15 19
36 81 61 13
36 85 18 11
36 89 47 6
36 94 15 17
36 95 27 15
36 98 55 5
36 99 6 13
37 1 61 4
37 3 52 12
37 7 13 2
37 11 58 3
37 13 11 18
37 17 14 10
37 19 21 19
37 20 36 4
37 22 28 15
37 25 54 15
37 27 58 18
37 29 26 2
37 31 50 8
37 33 27 15
37 36 64 6
37 38 10 4
37 39 58 15
37 40 43 9
37 41 25 4
37 45 58 19
37 49 32 12
37 55 28 3
37 56 27 14
37 57 15 9
37 58 6 15
37 60 48 16
37 64 21 11
37 65 50 4
37 66 40 8
37 72 4 3
37 73 11 19
37 76 53 8
37 78 5 20
37 81 23 2
37 82 45 14
37 86 50 10
37 91 33 20
37 94 7 5
37 95 43 6
37 96 3 13
37 97 21 19
37 99 27 14
38 2 34 11
38 4 23 9
38 6 44 17
38 12 61 13
38 15 28 12
38 17 52 2
38 20 27 8
38 22 55 11
38 25 21 16
38 32 55 8
38 36 8 6
38 39 23 1
38 41 32 20
38 47 42 18
38 50 37 10
38 51 46 3
38 52 22 13
38 54 16 16
38 56 29 11
38 57 35 3
38 58 19 12
38 59 13 18
38 62 6 1
38 65 16 1
38 66 54 15
38 69 31 20
38 70 42 20
38 71 21 14
38 73 15 11
38 76 41 14
38 78 27 14
38 81 61 3
38 85 1 9
38 86 34 7
38 88 53 5
38 96 37 16
38 97 57 3
39 4 14 7
39 8 5 12
39 10 2 15
39 12 21 14
39 14 42 15
39 17 50 9
39 18 47 19
39 25 30 19
39 26 42 9
39 32 5 13
39 34 42 4
39 35 11 12
39 36 30 18
39 43 38 13
39 44 54 8
39 46 51 14
39 51 62 18
39 52 26 1
39 54 20 4
39 56 22 2
39 59 57 4
39 62 34 8
39 63 15 14
39 68 27 1
39 73 62 5
39 76 40 1
39 81 64 11
39 83 49 18
39 86 5 19
39 90 55 2
39 93 9 3
39 94 1 16
39 95 47 15
39 97 45 4
39 98 56 6
40 10 7 18
40 12 49 20
40 15 30 11
40 16 49 11
40 17 42 12
40 18 39 4
40 20 49 20
40 21 53 5
40 22 43 9
40 26 47 4
40 27 13 11
40 31 29 17
40 33 31 5
40 35 24 1
40 36 16 13
40 39 63 5
40 41 28 6
40 42 32 7
40 44 45 12
40 45 62 12
40 48 42 17
40 54 1 14
40 60 37 20
40 64 16 1
40 69 8 19
40 70 4 1
40 74 46 9
40 77 21 6
40 78 56 18
40 82 6 5
40 83 31 11
40 85 12 11
40 86 57 3
40 88 29 1
40 90 22 17
40 92 31 18
40 93 48 19
40 99 22 1
41 2 38 19
41 3 56 10
41 5 47 8
41 11 51 20
41 12 52 13
41 16 39 11
41 17 54 6
41 18 30 3
41 19 56 16
41 23 51 13
41 24 54 20
41 26 30 5
41 29 36 20
41 31 15 10
41 34 64 7
41 35 1 19
41 39 57 18
41 43 41 10
41 44 34 19
41 45 4 19
41 48 55 1
41 50 8 7
41 52 36 2
41 59 50 14
41 61 19 3
41 62 30 12
41 64 34 18
41 65 7 16
41 70 7 18
41 71 49 11
41 73 25 7
41 74 13 8
41 75 42 13
41 76 7 5
41 78 29 20
41 81 36 6
41 84 42 6
41 86 58 1
41 90 51 17
41 95 40 19
41 96 56 11
41 98 17 19
41 99 8 20
42 0 60 13
42 2 44 7
42 7 25 13
42 8 59 10
42 11 30 1
42 20 37 16
42 23 44 5
42 24 56 16
42 26 8 3
42 30 46 16
42 31 24 11
42 33 6 16
42 34 49 6
42 35 11 1
42 37 60 14
42 39 57 19
42 41 35 9
42 45 30 11
42 46 34 16
42 48 8 1
42 49 16 6
42 50 50 14
42 54 62 8
42 55 38 14
42 57 13 8
42 65 20 15
42 66 61 1
42 68 45 10
42 69 21 18
42 70 58 2
42 72 51 1
42 73 11 6
42 76 40 12
42 77 39 18
42 82 50 8
42 84 24 3
42 89 37 15
42 92 44 13
42 94 11 4
43 0 62 11
43 1 52 9
43 10 30 3
43 11 47 5
43 12 33 3
43 21 20 12
43 23 4 8
43 26 40 4
43 27 36 13
43 28 51 5
43 29 61 4
43 30 13 14
43 33 40 17
43 34 44 11
43 37 19 16
43 40 47 19
43 42 20 14
43 44 20 19
43 50 36 15
43 60 31 16
43 63 42 4
43 66 14 7
43 69 33 16
43 70 11 11
43 75 61 1
43 76 38 9
43 78 40 20
43 80 21 16
43 84 4 5
43 85 49 7
43 87 23 2
43 89 57 12
43 95 34 15
43 97 40 6
44 3 63 9
44 5 51 19
44 7 16 12
44 9 15 16
44 10 57 2
44 15 53 11
44 19 44 1
44 20 1 12
44 22 60 8
44 24 25 12
44 26 4 14
44 29 40 10
44 30 9 1
44 36 34 7
44 37 7 11
44 38 26 18
44 42 27 3
44 46 36 5
44 47 53 19
44 50 23 15
44 51 16 6
44 53 57 7
44 55 38 17
44 58 22 10
44 60 2 10
44 63 19 5
44 64 5 5
44 68 36 2
44 69 60 15
44 70 57 16
44 72 12 17
44 74 38 6
44 75 5 15
44 76 31 10
44 81 49 2
44 82 13 20
44 85 47 15
44 86 52 11
44 88 11 14
44 89 39 6
44 93 62 20
44 94 53 11
44 99 55 1
45 4 3 16
45 5 12 5
45 8 39 20
45 9 3 6
45 10 50 7
45 20 38 7
45 25 6 6
45 26 26 13
45 28 47 18
45 29 7 7
45 30 11 3
45 31 39 11
45 32 9 12
45 36 32 16
45 44 31 10
45 48 39 11
45 56 45 15
45 57 29 15
45 59 45 10
45 60 50 13
45 62 12 16
45 64 61 20
45 66 43 5
45 69 24 2
45 74 33 6
45 75 24 1
45 77 44 7
45 83 1 17
45 85 52 14
45 86 18 15
45 90 43 2
45 92 32 2
45 94 1 1
45 95 51 17
46 0 49 1
46 2 14 2
46 4 23 7
46 5 64 3
46 7 42 20
46 8 27 12
46 10 7 15
46 12 8 16
46 14 53 3
46 15 28 7
46 16 33 2
46 18 49 17
46 20 30 4
46 23 4 6
46 25 27 7
46 30 18 19
46 31 4 11
46 35 4 2
46 37 26 10
46 38 61 14
46 43 6 13
46 45 28 12
46 50 58 2
46 52 5 2
46 55 36 8
46 56 3 14
46 58 14 4
46 62 36 18
46 64 51 18
46 70 56 12
46 72 8 12
46 73 41 5
46 74 4 19
46 75 27 9
46 79 5 5
46 80 40 10
46 81 29 14
46 82 5 8
46 83 1 15
46 86 19 13
46 87 42 16
46 88 14 13
46 90 11 14
46 91 32 2
46 98 11 18
46 99 21 3
47 0 9 5
47 1 10 11
47 5 44 14
47 7 27 1
47 8 14 13
47 14 35 19
47 19 33 14
47 22 40 7
47 24 48 2
47 25 37 14
47 29 5 9
47 30 47 12
47 31 53 10
47 35 3 1
47 37 44 19
47 39 36 8
47 40 17 10
47 41 50 13
47 42 59 6
47 43 12 12
47 45 19 18
47 46 46 16
47 48 40 1
47 49 16 10
47 51 1 14
47 54 40 9
47 55 64 6
47 60 53 4
47 61 61 20
47 62 36 19
47 63 50 5
47 69 26 6
47 72 13 3
47 76 20 18
47 78 28 8
47 79 2 6
47 80 7 11
47 85 32 7
47 95 3 3
47 98 41 20
48 0 28 16
48 1 20 10
48 4 61 3
48 5 26 16
48 11 14 10
48 15 51 11
48 16 13 13
48 26 39 1
48 27 36 7
48 28 63 4
48 31 17 17
48 32 61 2
48 33 39 18
48 37 64 7
48 38 45 8
48 39 10 6
48 43 18 7
48 46 41 13
48 49 30 13
48 50 8 17
48 62 14 2
48 63 21 19
48 68 46 5
48 70 6 14
48 71 3 19
48 75 60 5
48 76 41 16
48 77 13 20
48 79 64 8
48 81 29 3
48 83 56 5
48 84 3 11
48 85 7 16
48 88 62 6
48 89 62 2
48 90 39 18
48 97 59 4
48 98 11 9
48 99 60 7
49 1 25 16
49 2 38 6
49 6 18 18
49 9 63 1
49 11 31 5
49 15 52 8
49 16 24 12
49 18 29 9
49 20 28 11
49 24 22 3
49 25 57 17
49 27 4 4
49 29 33 7
49 32 25 18
49 33 24 11
49 35 4 1
49 39 9 12
49 40 35 9
49 41 58 4
49 43 49 16
49 44 58 8
49 45 23 16
49 46 36 15
49 50 5 16
49 52 21 15
49 56 29 19
49 57 16 5
49 66 8 1
49 68 51 5
49 71 11 9
49 73 46 15
49 76 38 17
49 78 54 9
49 79 56 8
49 83 55 9
49 84 50 18
49 89 43 13
49 92 9 13
49 93 49 10
50 1 54 14
50 2 21 19
50 3 8 13
50 6 61 8
50 7 26 7
50 8 45 11
50 10 49 8
50 12 29 10
50 13 4 2
50 19 35 7
50 22 34 10
50 24 42 18
50 26 14 13
50 32 41 5
50 36 38 18
50 37 31 2
50 40 54 7
50 54 24 5
50 56 61 13
50 61 55 4
50 62 8 9
50 63 9 10
50 64 55 1
50 68 10 20
50 69 44 5
50 71 57 7
50 73 38 4
50 76 64 3
50 77 4 3
50 82 28 7
50 84 53 16
50 85 11 19
50 88 22 7
50 89 14 7
50 90 15 2
50 91 30 19
50 93 23 4
50 94 43 9
50 98 38 13
50 99 36 13
51 0 1 16
51 3 3 16
51 7 47 18
51 8 29 3
51 12 28 2
51 13 35 4
51 16 43 11
51 18 42 9
51 20 50 18
51 22 62 9
51 24 15 17
51 27 47 15
51 33 59 10
51 34 52 12
51 37 41 20
51 40 41 9
51 43 35 5
51 46 4 11
51 49 33 19
51 50 35 16
51 54 11 4
51 56 61 19
51 59 50 2
51 63 4 8
51 65 24 17
51 66 21 13
51 68 33 18
51 71 37 17
51 84 50 4
51 86 4 12
51 87 22 17
51 89 28 16
51 90 19 10
52 0 64 15
52 2 53 8
52 8 52 13
52 17 21 4
52 18 45 1
52 24 63 18
52 25 48 12
52 26 39 7
52 32 51 10
52 33 49 16
52 34 39 13
52 35 48 19
52 37 17 8
52 40 31 13
52 42 24 6
52 44 29 13
52 45 34 12
52 48 18 5
52 50 23 13
52 53 61 11
52 57 7 1
52 60 42 11
52 61 61 20
52 62 12 20
52 72 48 13
52 73 50 20
52 75 35 3
52 77 36 6
52 79 39 17
52 80 20 15
52 82 12 18
52 83 48 13
52 85 25 3
52 88 49 5
52 90 12 14
52 94 53 15
52 95 49 3
52 96 30 12
53 0 23 14
53 2 3 4
53 5 27 16
53 7 48 6
53 8 49 19
53 10 16 17
53 12 62 18
53 15 14 12
53 16 22 2
53 19 10 10
53 20 12 20
53 21 53 5
53 23 13 18
53 25 27 10
53 28 15 16
53 31 4 10
53 35 19 16
53 36 49 11
53 40 43 3
53 41 56 9
53 42 41 1
53 46 61 4
53 47 60 15
53 49 29 12
53 50 12 12
53 51 12 1
53 55 9 1
53 56 25 9
53 59 58 2
53 62 50 2
53 76 45 11
53 79 3 5
53 80 2 8
53 82 60 13
53 86 48 5
53 87 17 2
53 92 63 13
53 99 60 3
54 0 14 5
54 2 41 3
54 3 25 5
54 7 34 16
54 8 8 4
54 9 9 4
54 12 51 15
54 19 48 5
54 22 3 5
54 27 3 20
54 30 35 12
54 31 9 3
54 37 55 14
54 41 64 9
54 43 16 6
54 44 7 19
54 45 39 11
54 46 24 12
54 48 18 14
54 52 19 13
54 53 44 5
54 56 19 19
54 59 27 3
54 62 1 14
54 63 1 4
54 65 8 20
54 67 30 17
54 68 42 20
54 70 41 11
54 73 44 13
54 75 57 2
54 76 50 15
54 81 24 6
54 83 35 16
54 84 30 9
54 89 36 19
54 93 22 3
54 95 10 13
55 1 9 7
55 6 34 14
55 7 54 3
55 10 60 1
55 12 32 15
55 13 60 20
55 14 29 11
55 21 8 7
55 26 22 19
55 27 55 18
55 28 23 17
55 32 46 14
55 33 14 7
55 36 42 1
55 40 52 18
55 41 56 12
55 43 42 15
55 45 49 19
55 49 61 8
55 50 38 14
55 51 64 18
55 52 48 15
55 54 46 6
55 57 23 10
55 58 24 19
55 59 16 6
55 62 15 17
55 64 17 11
55 65 14 4
55 66 36 10
55 69 39 3
55 72 6 18
55 80 5 14
55 81 17 15
55 82 2 3
55 85 13 4
55 87 62 6
55 88 6 13
55 91 57 5
55 92 59 16
55 94 62 8
56 0 51 10
56 2 43 17
56 3 42 15
56 5 13 8
56 6 9 19
56 9 38 17
56 10 47 3
56 17 54 18
56 18 13 16
56 21 14 20
56 23 59 3
56 24 21 3
56 26 52 14
56 28 35 12
56 31 30 15
56 32 28 19
56 33 24 11
56 36 41 17
56 40 22 5
56 44 47 14
56 47 36 9
56 52 46 8
56 55 52 4
56 57 9 14
56 59 4 16
56 61 49 4
56 62 54 2
56 63 36 1
56 64 58 15
56 66 10 13
56 68 41 11
56 69 17 20
56 70 34 3
56 72 33 10
56 73 52 7
56 76 61 12
56 78 27 1
56 79 54 13
56 81 14 1
56 82 20 13
56 84 24 10
56 86 45 15
56 89 29 6
56 90 34 7
56 91 41 2
56 93 61 7
56 98 15 17
57 3 7 7
57 5 15 8
57 7 27 19
57 9 26 2
57 10 39 1
57 11 5 10
57 12 53 12
57 15 39 14
57 18 38 17
57 19 42 2
57 21 61 16
57 26 51 18
57 32 52 3
57 33 17 5
57 41 23 19
57 44 36 5
57 46 33 8
57 47 17 20
57 50 23 12
57 51 11 13
57 59 51 12
57 63 51 19
57 64 36 7
57 69 19 10
57 72 53 8
57 77 17 4
57 79 37 11
57 82 10 20
57 86 12 15
57 90 40 15
57 91 45 19
57 92 19 19
57 96 51 3
57 98 40 17
58 0 34 2
58 10 29 2
58 13 14 2
58 22 2 2
58 23 16 17
58 31 9 2
58 34 47 7
58 35 39 1
58 39 27 1
58 42 46 18
58 45 34 12
58 47 15 4
58 48 24 6
58 50 23 18
58 60 39 3
58 62 39 10
58 72 31 8
58 74 35 9
58 75 4 16
58 76 24 11
58 79 51 7
58 82 40 1
58 83 59 2
58 87 11 19
58 90 47 17
58 92 27 8
59 3 62 7
59 8 25 20
59 9 20 9
59 16 23 19
59 17 47 10
59 18 61 3
59 19 29 7
59 22 13 4
59 24 19 4
59 28 61 4
59 29 19 11
59 30 43 16
59 34 34 9
59 35 55 8
59 37 29 7
59 40 64 19
59 42 27 6
59 44 46 20
59 46 57 7
59 47 1 5
59 48 36 3
59 49 37 13
59 50 31 14
59 61 3 13
59 62 50 15
59 63 18 3
59 68 43 8
59 70 59 3
59 72 43 20
59 74 20 7
59 75 17 4
59 76 12 19
59 79 21 18
59 83 44 6
59 90 12 5
59 92 10 1
59 97 48 17
59 98 28 2
59 99 53 6
60 4 56 9
60 7 42 13
60 10 32 10
60 14 31 19
60 15 36 18
60 17 26 3
60 18 25 8
60 24 27 15
60 26 63 16
60 27 58 7
60 28 37 4
60 30 41 10
60 32 49 19
60 33 34 1
60 34 60 8
60 38 3 18
60 39 59 15
60 41 39 6
60 42 18 3
60 46 47 11
60 48 38 16
60 49 39 18
60 50 44 11
60 51 22 9
60 53 21 17
60 55 29 13
60 56 33 1
60 57 1 18
60 59 34 11
60 64 19 12
60 66 33 10
60 67 26 18
60 68 1 4
60 69 21 6
60 76 2 5
60 77 64 17
60 81 57 2
60 84 19 17
60 86 15 5
60 91 53 13
60 94 35 3
60 96 15 3
61 1 54 1
61 2 57 14
61 5 27 16
61 11 52 16
61 12 46 12
61 13 63 19
61 20 40 7
61 27 61 12
61 28 42 4
61 29 30 20
61 30 30 3
61 33 59 11
61 35 12 20
61 36 18 19
61 37 22 17
61 38 32 11
61 39 37 4
61 42 21 5
61 46 57 10
61 49 43 2
61 53 33 18
61 54 7 4
61 55 50 10
61 57 47 6
61 63 45 4
61 69 20 16
61 72 35 8
61 73 64 6
61 76 47 6
61 77 27 8
61 85 45 20
61 87 56 20
61 92 16 7
61 97 11 20
61 99 59 7
62 2 23 10
62 5 3 12
62 7 30 10
62 9 6 19
62 11 29 11
62 14 12 6
62 23 5 10
62 26 64 5
62 27 56 8
62 29 62 14
62 31 60 7
62 36 7 4
62 37 6 13
62 40 53 16
62 42 28 6
62 44 55 1
62 49 37 19
62 51 38 10
62 57 33 16
62 65 23 2
62 66 21 18
62 68 37 16
62 69 12 13
62 72 26 17
62 74 46 14
62 75 64 20
62 76 48 13
62 78 47 20
62 79 4 20
62 80 63 1
62 82 22 3
62 84 4 5
62 87 19 3
62 93 9 9
62 94 40 14
62 95 25 9
62 99 36 8
63 3 38 16
63 4 39 2
63 5 37 13
63 6 38 1
63 8 2 12
63 9 14 17
63 10 6 10
63 11 4 3
63 13 28 9
63 14 32 4
63 19 13 14
63 24 55 17
63 32 58 20
63 34 30 5
63 35 37 6
63 36 21 18
63 38 8 9
63 40 49 12
63 41 48 9
63 42 58 19
63 45 42 10
63 52 53 8
63 55 28 11
63 58 42 15
63 60 45 12
63 62 45 20
63 64 36 13
63 66 59 4
63 69 43 7
63 70 15 12
63 77 29 1
63 79 32 10
63 83 64 19
63 84 16 3
63 89 7 4
63 90 56 17
63 93 7 7
63 96 61 9
63 97 47 6
63 99 25 12
64 0 57 6
64 1 57 16
64 3 58 6
64 9 31 6
64 11 64 18
64 12 62 12
64 14 63 7
64 15 49 13
64 18 56 18
64 21 6 16
64 27 3 3
64 28 21 19
64 30 52 6
64 31 5 16
64 36 33 17
64 47 20 2
64 48 54 19
64 49 40 7
64 51 21 8
64 53 46 17
64 58 17 5
64 61 53 20
64 62 9 8
64 65 30 19
64 67 56 3
64 72 52 3
64 74 54 10
64 75 33 16
64 76 49 14
64 77 64 2
64 78 1 16
64 82 27 5
64 84 27 8
64 85 55 1
64 88 44 20
64 89 54 7
64 90 35 16
64 91 24 16
64 95 57 4
64 97 52 12
65 4 29 16
65 10 49 2
65 12 59 20
65 14 24 2
65 15 20 5
65 18 39 10
65 20 28 5
65 24 47 5
65 29 6 11
65 31 13 3
65 33 1 2
65 39 53 18
65 43 21 20
65 44 57 9
65 45 39 18
65 46 61 8
65 47 1 3
65 48 39 19
65 50 35 6
65 56 43 20
65 58 49 2
65 60 36 12
65 63 24 2
65 74 26 2
65 77 39 14
65 78 24 5
65 80 37 1
65 83 14 19
65 88 11 4
65 89 45 2
65 90 59 19
65 94 17 14
65 95 44 7
65 99 53 6
66 0 20 4
66 5 42 13
66 7 17 2
66 10 38 5
66 12 26 4
66 18 23 7
66 20 10 20
66 26 18 9
66 28 51 6
66 29 41 14
66 34 4 3
66 36 28 12
66 40 56 14
66 41 33 12
66 44 59 4
66 46 30 18
66 48 49 1
66 50 37 7
66 58 43 11
66 70 48 5
66 74 53 14
66 75 10 6
66 78 20 5
66 79 14 17
66 80 56 13
66 81 37 15
66 84 48 19
66 86 25 10
66 87 41 9
66 88 23 12
66 91 11 10
66 92 63 3
66 94 64 2
66 95 50 8
66 99 42 11
67 0 5 6
67 1 37 17
67 2 11 5
67 7 50 13
67 11 45 9
67 15 23 1
67 16 46 9
67 20 52 12
67 25 50 8
67 26 34 17
67 27 39 20
67 29 27 9
67 34 7 18
67 35 28 19
67 37 35 13
67 40 45 4
67 41 30 14
67 42 21 17
67 43 5 14
67 45 50 5
67 48 26 4
67 51 17 3
67 52 37 6
67 56 46 20
67 62 8 15
67 65 31 9
67 66 54 6
67 74 56 6
67 75 2 2
67 81 22 7
67 84 32 3
67 87 30 8
67 89 54 17
67 90 40 9
67 92 50 15
67 93 5 15
67 97 50 18
67 99 16 15
68 0 55 17
68 1 36 4
68 5 33 6
68 6 59 11
68 7 52 7
68 9 24 3
68 10 37 3
68 14 50 11
68 15 2 4
68 22 57 10
68 23 30 6
68 24 27 2
68 25 24 9
68 27 2 13
68 28 48 16
68 32 17 20
68 33 53 17
68 35 52 9
68 37 1 10
68 38 1 8
68 40 12 11
68 41 7 18
68 43 35 14
68 45 12 15
68 46 61 13
68 47 53 7
68 52 44 13
68 57 28 15
68 58 53 8
68 64 60 6
68 66 4 1
68 67 22 3
68 71 36 12
68 72 48 14
68 75 55 18
68 80 26 7
68 81 11 10
68 82 57 14
68 83 10 6
68 90 22 10
68 91 17 1
68 93 23 5
68 94 46 15
69 3 5 6
69 4 35 12
69 10 34 10
69 11 49 13
69 14 53 11
69 16 21 16
69 18 61 11
69 29 62 11
69 32 19 9
69 33 15 4
69 34 53 15
69 35 49 8
69 36 6 5
69 37 18 14
69 39 34 13
69 46 56 3
69 48 8 9
69 52 38 13
69 53 54 17
69 58 20 5
69 59 44 2
69 64 39 18
69 66 22 4
69 68 7 12
69 73 60 10
69 79 60 13
69 82 36 18
69 85 25 11
69 91 22 11
69 93 48 19
69 94 63 8
69 99 59 2
70 0 57 8
70 2 3 19
70 3 5 15
70 6 50 20
70 7 21 1
70 8 22 3
70 9 29 1
70 10 24 1
70 12 38 10
70 13 55 9
70 19 59 17
70 20 53 12
70 21 55 18
70 22 26 16
70 23 50 1
70 25 51 15
70 32 19 17
70 34 49 18
70 39 60 9
70 45 49 7
70 47 31 11
70 49 61 13
70 50 7 18
70 51 29 3
70 53 53 8
70 55 29 12
70 57 5 18
70 61 24 10
70 64 21 8
70 65 24 4
70 67 17 12
70 68 27 2
70 75 23 9
70 78 23 1
70 80 61 10
70 83 19 1
70 86 40 10
70 88 23 9
70 89 26 16
70 91 1 13
70 94 21 20
71 1 9 5
71 7 5 11
71 8 12 13
71 11 13 13
71 16 11 17
71 17 9 13
71 20 1 4
71 22 35 15
71 24 41 2
71 27 14 17
71 28 37 15
71 31 26 15
71 32 56 14
71 33 10 14
71 37 1 15
71 40 59 16
71 43 19 6
71 44 3 2
71 47 20 18
71 52 59 6
71 60 32 17
71 63 27 12
71 65 19 8
71 67 37 9
71 70 10 19
71 74 15 20
71 78 39 8
71 81 37 18
71 86 17 14
71 87 27 4
71 91 8 2
71 94 18 10
71 97 35 9
71 99 40 18
72 2 17 8
72 7 47 3
72 9 39 17
72 12 51 6
72 14 26 15
72 15 12 8
72 16 25 2
72 19 4 6
72 21 42 12
72 22 6 2
72 23 24 20
72 27 48 2
72 28 4 10
72 30 50 19
72 31 48 19
72 38 6 15
72 40 22 7
72 41 64 20
72 43 30 17
72 45 47 13
72 51 40 8
72 53 8 12
72 54 52 17
72 60 36 12
72 63 44 16
72 65 37 15
72 66 2 11
72 67 27 4
72 70 59 13
72 79 62 14
72 80 34 1
72 83 51 6
72 85 27 8
72 88 10 16
72 89 34 13
72 90 3 3
72 91 44 12
72 94 19 4
72 95 48 13
72 98 3 12
73 1 35 3
73 6 62 3
73 7 46 9
73 8 23 10
73 11 38 13
73 13 20 12
73 15 26 9
73 17 12 1
73 18 38 19
73 22 64 20
73 24 18 13
73 26 12 19
73 27 8 5
73 28 7 9
73 29 7 2
73 30 60 16
73 32 16 6
73 35 36 16
73 44 19 8
73 47 63 1
73 48 8 18
73 51 26 5
73 53 21 4
73 55 10 18
73 57 8 2
73 58 50 15
73 59 22 5
73 60 64 13
73 63 3 2
73 64 59 14
73 65 52 12
73 68 57 14
73 70 50 4
73 72 16 11
73 75 30 2
73 77 60 3
73 83 6 7
73 87 38 4
73 90 6 18
73 91 10 20
73 92 29 16
73 93 34 10
73 99 32 13
74 1 17 9
74 2 63 4
74 4 42 12
74 6 14 15
74 7 57 16
74 11 13 5
74 12 8 11
74 15 31 17
74 16 39 2
74 19 62 16
74 27 63 2
74 30 60 2
74 33 21 11
74 34 22 10
74 35 15 17
74 37 7 8
74 38 39 8
74 43 11 1
74 50 38 15
74 54 8 15
74 55 51 13
74 56 17 6
74 57 17 13
74 60 30 10
74 63 31 9
74 68 34 6
74 69 58 15
74 70 5 10
74 72 40 7
74 75 10 6
74 78 13 19
74 79 33 8
74 84 12 4
74 85 60 1
74 87 26 3
74 88 59 7
74 91 57 18
74 93 13 6
74 96 60 1
74 97 1 13
75 0 31 4
75 2 18 20
75 5 46 2
75 6 31 13
75 8 59 8
75 11 18 20
75 12 24 5
75 13 57 20
75 15 56 19
75 17 29 19
75 18 7 11
75 20 7 1
75 22 57 13
75 23 8 10
75 27 60 3
75 33 23 6
75 35 56 16
75 37 45 7
75 38 5 8
75 39 30 18
75 40 1 11
75 42 38 10
75 47 46 15
75 49 62 11
75 50 8 8
75 53 40 7
75 56 32 16
75 60 9 7
75 61 61 3
75 63 35 1
75 65 24 18
75 71 54 5
75 72 25 15
75 76 56 2
75 78 40 12
75 82 44 11
75 84 47 6
75 85 17 3
75 86 37 17
75 87 21 18
75 88 21 11
75 89 26 14
75 96 31 13
75 97 37 3
75 99 4 5
76 3 39 7
76 7 37 14
76 8 5 18
76 11 53 7
76 14 42 5
76 16 64 12
76 21 53 2
76 22 56 11
76 24 23 16
76 25 14 10
76 27 28 1
76 30 59 16
76 40 9 11
76 45 44 19
76 46 36 7
76 51 36 6
76 57 19 1
76 63 30 5
76 65 12 20
76 69 54 6
76 70 17 1
76 73 28 2
76 74 46 12
76 77 16 9
76 80 62 15
76 86 12 14
76 88 25 1
76 89 53 15
76 91 26 18
76 92 14 2
76 95 41 8
77 1 61 14
77 6 26 6
77 7 62 5
77 12 56 1
77 15 18 2
77 20 35 5
77 21 32 2
77 22 11 1
77 28 34 20
77 31 3 4
77 32 59 7
77 35 23 16
77 37 56 1
77 38 57 12
77 39 40 17
77 41 47 18
77 44 52 1
77 46 39 19
77 47 1 11
77 51 36 11
77 54 37 18
77 55 33 10
77 56 36 9
77 58 14 2
77 62 19 8
77 66 52 18
77 68 14 3
77 69 37 18
77 70 27 5
77 71 45 20
77 72 54 13
77 74 50 9
77 75 11 19
77 79 6 19
77 80 36 10
77 81 23 20
77 82 56 18
77 83 41 19
77 85 24 19
77 87 5 5
77 88 52 10
77 89 52 17
77 91 58 14
77 92 18 9
77 93 58 18
77 94 46 15
77 95 38 18
77 96 13 13
78 2 49 9
78 7 26 18
78 9 3 3
78 10 2 10
78 15 9 7
78 16 25 16
78 18 17 4
78 20 35 10
78 24 64 8
78 26 40 1
78 27 22 6
78 28 6 8
78 29 46 6
78 30 33 16
78 42 38 3
78 46 15 6
78 51 57 14
78 52 57 9
78 60 5 18
78 63 57 14
78 67 53 19
78 72 36 10
78 76 42 3
78 77 6 19
78 79 13 4
78 81 12 20
78 92 15 5
78 97 17 3
79 0 58 4
79 1 10 4
79 4 20 1
79 6 2 8
79 7 9 13
79 12 14 7
79 13 27 10
79 14 44 8
79 17 55 4
79 20 50 12
79 21 4 13
79 22 23 11
79 25 3 17
79 26 41 7
79 29 7 11
79 30 33 9
79 33 17 13
79 34 39 18
79 35 31 12
79 36 37 7
79 37 38 8
79 38 41 17
79 39 16 16
79 40 18 8
79 41 59 9
79 43 55 7
79 44 19 5
79 50 28 17
79 51 11 3
79 54 6 4
79 55 18 14
79 61 40 20
79 64 18 19
79 65 5 14
79 67 8 20
79 68 33 14
79 70 9 18
79 73 18 18
79 75 50 16
79 80 30 10
79 81 3 10
79 82 20 2
79 85 28 1
79 87 28 15
79 91 5 10
79 93 40 6
79 96 25 20
79 97 38 18
79 99 23 8
80 3 60 9
80 7 30 16
80 10 37 15
80 11 3 12
80 13 5 15
80 14 59 9
80 17 36 14
80 19 50 7
80 21 47 1
80 26 54 15
80 27 59 11
80 28 46 14
80 31 16 14
80 34 24 9
80 37 50 4
80 38 61 14
80 39 35 18
80 42 19 12
80 44 10 16
80 48 43 8
80 51 60 6
80 54 42 4
80 56 7 16
80 58 23 12
80 59 20 13
80 61 53 7
80 63 40 3
80 64 24 4
80 67 19 15
80 69 9 15
80 73 20 2
80 75 64 3
80 78 42 14
80 85 5 13
80 86 20 10
80 87 38 11
80 89 22 14
80 95 14 4
80 97 17 19
80 98 34 18
80 99 9 2
81 1 39 10
81 2 3 5
81 6 12 6
81 8 38 17
81 10 38 12
81 12 39 13
81 14 19 6
81 18 52 20
81 19 46 7
81 24 59 5
81 27 43 2
81 29 17 12
81 30 61 15
81 31 28 1
81 32 32 15
81 33 55 2
81 34 48 4
81 40 14 10
81 43 58 6
81 45 4 17
81 47 22 20
81 49 14 3
81 50 6 8
81 51 16 20
81 57 1 14
81 58 30 9
81 59 44 8
81 61 40 11
81 62 10 3
81 63 41 4
81 64 29 9
81 69 60 19
81 73 59 12
81 75 32 18
81 80 26 15
81 83 12 7
81 85 54 12
81 86 46 16
81 87 42 3
81 88 49 19
81 89 46 1
81 90 44 14
81 92 52 1
81 93 57 4
81 94 33 8
81 95 57 10
81 96 9 11
82 1 18 5
82 2 15 4
82 3 29 17
82 5 28 9
82 10 57 17
82 11 13 20
82 13 62 10
82 15 2 4
82 18 8 4
82 20 19 17
82 21 1 4
82 22 42 1
82 23 18 5
82 24 28 3
82 26 29 1
82 30 8 17
82 35 35 11
82 38 47 1
82 39 49 15
82 49 64 20
82 51 15 9
82 54 18 4
82 59 18 8
82 60 54 16
82 61 29 16
82 63 17 14
82 65 60 11
82 70 19 13
82 72 10 9
82 73 7 16
82 76 13 2
82 80 6 12
82 81 48 9
82 86 37 2
82 89 20 4
82 92 3 13
82 95 35 11
82 99 43 7
83 0 12 9
83 3 18 6
83 8 11 14
83 11 25 15
83 13 1 15
83 14 44 15
83 15 64 13
83 18 27 19
83 22 46 13
83 23 47 10
83 27 41 4
83 32 24 1
83 33 5 11
83 34 58 6
83 37 26 14
83 38 54 2
83 42 59 11
83 43 4 6
83 44 58 18
83 47 16 1
83 50 54 7
83 51 8 5
83 53 31 8
83 55 34 7
83 56 33 6
83 57 48 8
83 61 13 7
83 62 13 3
83 64 34 10
83 67 51 1
83 69 63 2
83 71 10 12
83 75 34 4
83 76 35 4
83 82 55 17
83 84 49 4
83 87 47 1
83 88 8 18
83 90 19 15
83 93 28 9
83 94 63 5
83 96 33 7
84 2 11 2
84 9 44 7
84 10 35 7
84 15 17 17
84 16 22 20
84 18 7 19
84 21 56 14
84 25 63 8
84 29 18 6
84 30 10 11
84 34 24 19
84 36 23 18
84 37 60 13
84 38 4 12
84 40 36 2
84 44 46 10
84 45 30 2
84 46 58 18
84 55 61 20
84 58 44 2
84 65 2 3
84 68 28 8
84 70 63 15
84 71 55 19
84 72 22 18
84 76 45 15
84 77 2 15
84 78 62 17
84 81 19 2
84 85 23 2
84 86 36 16
84 87 44 1
84 93 45 7
84 95 19 16
84 99 39 15
85 0 34 4
85 1 35 20
85 4 26 6
85 5 33 12
85 6 11 19
85 7 9 8
85 11 64 19
85 13 56 11
85 15 56 11
85 19 13 15
85 21 4 16
85 27 12 9
85 29 49 16
85 30 45 7
85 31 18 16
85 32 2 13
85 37 57 15
85 41 19 14
85 42 61 7
85 53 30 13
85 54 7 10
85 56 1 16
85 57 10 8
85 58 55 20
85 59 41 16
85 62 46 3
85 63 20 5
85 65 18 3
85 66 24 20
85 68 57 4
85 70 10 7
85 76 42 14
85 83 44 20
85 88 21 17
85 91 7 4
85 92 1 14
85 93 36 19
85 96 6 19
85 97 20 10
85 98 44 10
85 99 11 13
86 0 37 6
86 1 60 7
86 2 10 20
86 3 1 15
86 9 62 2
86 11 25 5
86 13 38 18
86 15 10 2
86 17 29 18
86 18 14 12
86 19 40 3
86 21 53 14
86 22 9 8
86 23 8 17
86 24 16 13
86 25 2 13
86 30 6 5
86 32 47 19
86 34 20 10
86 43 1 11
86 48 15 12
86 49 26 1
86 52 64 5
86 54 60 8
86 55 16 8
86 59 21 13
86 61 16 16
86 64 29 7
86 68 37 20
86 69 42 4
86 72 16 13
86 73 36 8
86 74 27 4
86 77 16 4
86 79 7 6
86 83 20 19
86 87 16 6
86 89 47 12
86 90 60 15
86 93 36 12
86 94 34 12
86 96 37 20
86 98 57 20
86 99 8 19
87 0 56 18
87 2 8 12
87 3 21 10
87 5 46 2
87 8 16 2
87 12 44 15
87 14 21 4
87 16 52 15
87 18 11 9
87 20 29 10
87 25 63 4
87 31 32 2
87 32 35 1
87 36 42 20
87 37 5 9
87 38 37 12
87 39 64 18
87 40 11 12
87 41 14 3
87 42 36 3
87 44 49 15
87 45 12 20
87 47 52 8
87 48 60 3
87 50 30 8
87 54 24 14
87 56 6 15
87 57 30 12
87 60 44 11
87 63 12 15
87 64 55 9
87 65 57 16
87 68 27 5
87 69 58 1
87 78 42 6
87 82 34 19
87 85 8 15
87 88 22 10
87 89 55 10
87 90 40 15
87 91 18 16
87 93 12 1
87 94 27 6
87 97 39 15
87 98 64 7
88 2 20 18
88 4 45 18
88 5 27 18
88 9 2 10
88 14 31 7
88 15 1 14
88 16 30 3
88 24 10 3
88 26 8 11
88 27 47 14
88 29 36 3
88 30 1 12
88 31 29 15
88 34 21 19
88 36 43 8
88 37 7 4
88 39 11 8
88 42 52 6
88 43 23 2
88 45 37 18
88 49 31 6
88 51 58 14
88 54 17 9
88 56 42 7
88 57 52 16
88 59 61 20
88 60 60 4
88 62 54 20
88 71 41 19
88 78 18 20
88 79 1 10
88 80 64 11
88 84 31 18
88 86 28 18
88 90 57 8
88 91 13 16
88 92 51 5
88 93 32 3
88 94 23 3
88 95 50 14
88 97 40 4
88 99 47 4
89 0 21 13
89 3 18 1
89 5 55 14
89 7 1 19
89 8 57 17
89 13 12 15
89 18 9 16
89 19 37 10
89 22 53 16
89 27 22 13
89 28 23 8
89 29 43 1
89 37 50 16
89 38 7 8
89 39 10 17
89 40 4 9
89 41 11 10
89 46 40 18
89 47 49 3
89 53 37 17
89 57 24 9
89 59 52 16
89 60 58 9
89 62 40 2
89 66 7 3
89 71 49 4
89 73 19 9
89 79 64 13
89 83 9 4
89 84 54 10
89 85 35 7
89 88 7 17
89 91 22 19
89 92 39 12
89 93 8 20
89 95 39 2
90 1 31 18
90 3 64 19
90 4 61 18
90 6 34 14
90 10 36 4
90 15 62 17
90 22 4 2
90 27 35 1
90 36 9 4
90 38 36 19
90 43 39 4
90 44 9 18
90 47 18 4
90 49 55 2
90 54 32 18
90 62 33 10
90 66 12 20
90 69 13 11
90 70 46 7
90 74 51 6
90 76 38 2
90 77 48 17
90 80 52 4
90 82 33 17
90 84 63 18
90 85 12 15
90 89 30 14
90 97 53 5
91 1 21 13
91 2 32 8
91 4 42 8
91 10 60 9
91 11 26 16
91 15 57 1
91 17 35 15
91 21 63 6
91 22 10 3
91 23 8 3
91 26 58 14
91 28 35 11
91 30 18 20
91 31 37 7
91 36 16 17
91 39 4 3
91 42 34 11
91 43 38 7
91 44 5 8
91 47 63 7
91 48 58 16
91 49 8 4
91 51 36 19
91 52 11 14
91 53 39 14
91 54 21 7
91 58 39 5
91 59 11 14
91 61 62 13
91 62 10 18
91 63 22 15
91 65 5 14
91 67 37 5
91 75 57 2
91 78 10 11
91 81 52 20
91 82 23 10
91 84 31 4
91 94 21 15
91 95 49 17
91 98 59 12
92 0 22 18
92 3 58 17
92 4 40 18
92 8 41 4
92 10 18 13
92 13 41 10
92 16 15 3
92 17 31 14
92 18 9 14
92 20 38 9
92 23 7 15
92 24 9 5
92 26 58 14
92 27 58 18
92 30 22 5
92 31 45 19
92 36 23 16
92 37 36 5
92 39 63 18
92 43 60 8
92 44 44 7
92 46 24 14
92 47 63 2
92 48 4 16
92 50 57 10
92 52 21 9
92 54 46 14
92 56 20 1
92 62 55 1
92 65 34 17
92 68 61 16
92 69 40 1
92 70 51 7
92 71 10 18
92 74 38 20
92 75 18 2
92 79 35 20
92 80 60 1
92 83 33 14
92 84 24 11
92 86 56 18
92 87 51 12
92 90 17 7
92 91 23 7
92 93 30 14
93 1 43 8
93 2 14 7
93 4 42 8
93 6 18 6
93 7 34 8
93 8 53 10
93 10 44 7
93 11 46 13
93 18 16 9
93 19 41 5
93 20 59 1
93 21 44 15
93 22 49 1
93 24 59 19
93 26 10 17
93 29 61 12
93 36 60 6
93 37 4 14
93 38 37 14
93 42 13 18
93 46 12 14
93 48 13 13
93 51 4 16
93 52 35 13
93 55 11 6
93 57 19 14
93 58 42 15
93 60 18 17
93 61 15 17
93 65 12 3
93 72 40 17
93 76 59 20
93 78 4 12
93 80 13 5
93 82 34 6
93 90 10 5
93 91 64 17
93 94 42 14
93 96 21 19
94 1 52 5
94 4 29 9
94 6 22 12
94 8 4 2
94 15 39 6
94 16 14 12
94 19 48 1
94 21 44 14
94 25 14 5
94 27 59 9
94 28 17 16
94 29 46 13
94 32 3 2
94 38 56 1
94 40 29 7
94 41 16 6
94 43 26 12
94 46 47 2
94 49 60 17
94 51 47 13
94 53 12 8
94 56 29 5
94 57 26 2
94 58 50 8
94 63 22 3
94 64 41 7
94 73 42 7
94 74 6 17
94 75 2 6
94 76 58 17
94 78 63 9
94 80 61 20
94 82 63 11
94 84 64 9
94 85 11 7
94 89 10 16
94 90 42 19
94 92 62 6
94 96 7 2
95 2 52 19
95 4 39 19
95 7 38 16
95 10 1 18
95 14 16 3
95 15 5 12
95 19 19 2
95 24 19 8
95 25 13 9
95 30 20 5
95 32 13 5
95 33 23 7
95 34 4 11
95 40 22 10
95 42 41 20
95 44 59 17
95 46 42 3
95 48 55 8
95 55 44 12
95 60 37 5
95 61 22 4
95 68 31 5
95 69 53 4
95 73 39 19
95 74 29 2
95 75 53 18
95 83 19 7
95 85 40 9
95 90 51 14
95 92 64 1
95 93 34 2
96 0 18 18
96 1 63 8
96 5 49 10
96 10 21 20
96 11 56 3
96 17 14 15
96 18 61 8
96 20 5 2
96 21 25 4
96 22 29 1
96 29 42 15
96 31 24 7
96 32 61 5
96 34 28 13
96 36 10 9
96 39 25 14
96 40 5 15
96 42 48 3
96 43 59 14
96 44 53 16
96 45 37 2
96 46 28 8
96 47 35 13
96 48 18 17
96 49 37 10
96 50 51 8
96 51 58 11
96 54 20 8
96 55 47 19
96 59 56 17
96 62 64 13
96 64 41 5
96 65 64 7
96 68 59 19
96 69 24 20
96 70 27 4
96 72 36 12
96 76 42 15
96 80 19 17
96 87 55 16
96 89 16 4
96 90 60 10
96 91 36 18
96 92 33 15
96 97 46 7
96 98 35 9
97 0 46 5
97 1 52 2
97 2 50 1
97 6 62 20
97 7 59 10
97 11 51 15
97 12 5 15
97 15 52 12
97 18 45 19
97 19 29 12
97 20 30 8
97 24 17 15
97 29 24 5
97 31 1 19
97 32 20 5
97 33 19 17
97 35 21 2
97 36 23 2
97 41 44 10
97 44 35 2
97 45 59 18
97 46 8 6
97 47 18 13
97 49 45 20
97 50 51 8
97 51 1 1
97 52 38 20
97 53 33 15
97 54 41 8
97 57 58 17
97 62 37 1
97 65 48 5
97 66 5 4
97 68 53 5
97 69 56 7
97 70 52 1
97 72 57 4
97 73 41 20
97 77 46 7
97 81 28 13
97 82 15 11
97 83 63 19
97 84 50 5
97 89 15 10
97 91 53 6
97 94 63 17
97 95 24 2
98 0 56 17
98 3 20 1
98 7 37 2
98 9 2 18
98 11 12 9
98 12 36 7
98 14 52 10
98 15 18 9
98 21 9 1
98 22 50 17
98 23 46 13
98 24 59 3
98 25 47 5
98 27 1 7
98 28 42 19
98 33 10 18
98 37 8 13
98 38 51 3
98 40 45 10
98 44 53 12
98 49 38 3
98 53 44 11
98 54 61 16
98 60 4 19
98 61 37 7
98 62 57 8
98 63 7 16
98 64 47 18
98 69 61 6
98 70 25 15
98 75 20 6
98 76 2 7
98 77 36 6
98 79 41 10
98 81 42 9
98 82 48 17
98 83 4 9
98 89 24 17
98 92 31 18
98 93 44 5
98 95 7 3
98 97 52 19
98 99 12 7
99 2 26 14
99 5 55 19
99 8 29 3
99 12 45 7
99 15 32 3
99 16 51 2
99 20 44 13
99 21 59 14
99 22 40 1
99 23 5 9
99 25 13 16
99 26 36 11
99 27 37 11
99 28 34 1
99 34 39 7
99 35 6 12
99 38 16 3
99 39 49 3
99 42 11 3
99 43 53 13
99 45 23 16
99 47 51 11
99 49 18 8
99 52 27 10
99 54 41 20
99 55 63 2
99 56 47 5
99 57 31 12
99 60 39 12
99 64 8 14
99 68 49 2
99 70 6 16
99 72 63 13
99 74 9 14
99 77 63 5
99 83 3 9
99 87 21 3
99 89 30 12
99 90 53 4
99 92 11 5
99 93 62 1
99 94 20 12
99 95 60 7
99 97 20 20
