0 3 6 2
0 6 8 1
0 10 7 1
0 103 4 2
0 107 3 3
0 128 2 4
0 144 1 4
0 149 6 5
0 160 8 5
0 196 7 1
1 20 1 3
1 69 1 3
1 86 6 3
1 113 2 3
1 132 7 5
1 159 8 5
1 193 6 4
2 0 8 3
2 10 8 2
2 11 1 2
2 57 1 3
2 102 3 5
2 126 5 5
2 142 5 5
2 143 7 3
2 149 7 2
2 168 3 5
2 170 6 5
2 196 3 4
3 6 8 3
3 20 2 2
3 57 1 3
3 63 1 2
3 69 7 5
3 86 3 3
3 93 3 5
3 96 2 1
3 113 6 3
3 140 1 3
3 160 7 1
3 193 7 5
4 46 6 2
4 51 8 4
4 58 2 2
4 60 2 4
4 90 6 1
4 100 6 4
4 131 8 3
4 143 8 3
4 160 8 4
4 164 2 4
4 167 4 3
4 199 2 1
5 31 6 4
5 45 2 5
5 48 7 1
5 89 3 3
5 169 4 5
5 178 7 4
6 10 8 4
6 20 1 3
6 62 4 5
6 68 5 1
6 140 3 1
6 143 6 1
6 160 2 5
6 191 8 1
6 192 5 4
6 193 6 4
7 5 7 1
7 17 6 3
7 32 2 2
7 105 3 3
7 111 6 4
7 139 1 4
7 156 1 5
7 162 5 1
8 1 8 2
8 3 5 1
8 20 4 5
8 86 4 1
8 113 4 3
8 119 4 2
8 191 2 3
8 193 4 4
9 21 2 1
9 56 2 2
9 148 5 4
9 151 5 5
10 14 1 2
10 36 8 2
10 55 1 2
10 57 3 1
10 62 3 5
10 65 2 2
10 68 3 2
10 93 3 2
10 96 6 1
10 102 1 5
10 126 8 4
10 140 1 5
10 187 4 1
11 29 3 4
11 73 7 4
11 142 2 1
11 144 3 5
11 165 8 4
11 176 7 2
11 181 6 1
12 4 2 2
12 9 4 3
12 51 1 3
12 60 2 4
12 125 8 1
12 148 6 1
12 167 3 3
12 181 3 4
13 15 8 4
13 22 4 4
13 78 7 3
13 79 6 2
13 92 5 3
13 120 8 1
13 157 7 5
13 195 2 1
13 197 2 2
14 36 7 2
14 54 6 3
14 59 3 3
14 65 8 5
14 89 3 1
14 96 2 3
14 128 6 2
14 129 3 3
14 135 7 1
14 155 5 1
14 162 3 2
14 170 1 1
14 171 6 2
14 182 7 5
14 183 6 4
15 35 2 5
15 48 2 2
15 79 4 3
15 92 5 3
15 154 2 2
15 195 1 3
16 13 7 5
16 22 4 1
16 41 2 5
16 104 4 5
16 120 4 4
16 157 8 5
16 189 7 3
17 97 8 2
18 13 2 3
18 15 3 4
18 41 7 3
18 48 7 3
18 78 2 5
18 79 3 5
18 92 3 1
18 120 5 3
18 153 8 5
19 47 2 1
19 59 4 5
19 84 1 3
19 112 8 5
19 121 5 2
19 147 4 1
19 171 7 2
19 192 2 4
20 65 8 4
20 96 5 2
20 102 7 2
20 108 1 1
20 159 2 2
20 160 3 5
21 73 7 2
21 76 5 2
21 85 8 2
21 88 1 5
21 99 5 2
21 116 1 2
21 146 5 1
21 151 2 1
21 181 1 3
21 188 7 1
22 81 4 5
22 106 5 4
22 120 1 2
22 150 1 5
22 161 7 3
22 189 1 2
23 34 5 5
23 44 6 2
23 77 4 2
23 83 1 1
23 84 3 1
23 132 1 3
23 145 6 1
23 179 4 4
24 37 8 3
24 61 2 3
24 76 1 4
24 85 2 4
24 104 5 5
24 106 4 4
24 123 4 3
24 151 7 3
24 161 4 1
25 8 5 3
25 20 2 2
25 52 7 1
25 101 8 2
25 113 4 2
26 80 4 4
26 95 5 3
26 115 7 5
26 173 2 3
27 42 8 1
27 95 3 3
27 127 5 1
27 173 2 2
27 199 7 5
28 19 5 1
28 36 2 3
28 53 3 1
28 59 8 4
28 93 8 5
28 108 2 5
28 112 2 1
28 121 3 4
28 147 7 1
28 174 1 4
29 2 2 5
29 78 1 4
29 118 1 2
29 122 1 5
29 129 7 2
29 153 4 1
29 161 5 3
29 170 3 3
30 7 5 2
30 32 4 4
30 105 8 3
30 111 8 1
30 156 6 1
30 169 8 3
31 7 6 1
31 35 5 3
31 38 2 1
31 158 3 5
32 67 8 2
32 75 7 5
32 97 8 3
32 111 6 2
32 121 3 4
32 141 6 1
33 9 3 2
33 21 5 5
33 88 3 5
33 94 6 1
33 123 7 4
33 136 6 5
33 146 3 5
33 161 4 1
33 176 8 5
33 181 7 2
33 190 5 5
34 77 2 2
34 84 7 1
34 124 8 1
34 134 4 5
34 152 3 1
34 185 1 1
35 92 5 1
36 6 1 1
36 62 2 5
36 63 7 2
36 66 2 3
36 108 6 2
36 126 2 3
36 128 3 3
36 135 2 2
36 147 1 2
36 155 4 3
36 170 6 1
36 171 3 3
36 174 3 2
36 182 7 4
36 183 5 5
36 196 7 2
37 21 1 5
37 33 3 1
37 61 3 2
37 71 3 4
37 94 5 1
37 123 3 1
37 136 3 3
37 146 6 2
37 151 1 2
37 181 6 1
38 7 8 5
38 30 6 2
38 45 1 3
38 111 5 1
38 158 8 4
39 24 1 4
39 37 3 1
39 71 6 4
39 85 6 3
39 99 8 3
39 146 2 1
39 150 8 2
39 186 4 4
40 4 6 5
40 9 6 4
40 12 3 2
40 49 3 5
40 60 5 1
40 107 2 3
40 131 6 2
40 143 8 2
40 164 7 2
40 167 3 3
41 13 8 3
41 15 4 2
41 35 7 1
41 48 2 3
41 154 6 4
41 157 5 1
41 195 1 4
42 70 6 1
42 115 6 5
42 163 6 3
43 1 1 3
43 19 3 4
43 50 5 5
43 65 4 4
43 77 8 1
43 112 3 2
43 132 3 3
43 134 1 1
43 145 7 1
43 152 2 1
43 192 6 5
43 194 5 1
44 83 5 4
44 132 7 1
44 194 2 1
45 7 8 5
45 17 6 5
45 30 2 1
45 97 1 2
45 158 6 2
45 172 1 3
46 60 4 1
46 80 5 2
46 91 2 3
46 98 2 5
46 103 8 1
46 107 4 2
46 115 2 4
46 199 7 3
47 28 2 2
47 53 8 5
47 87 3 5
47 117 2 2
47 124 3 2
47 183 1 3
47 184 3 5
47 198 1 1
48 89 7 3
48 92 7 5
48 154 1 2
48 195 3 2
49 4 5 1
49 46 6 2
49 74 1 5
49 95 1 5
49 100 1 2
49 115 2 3
49 127 3 1
49 131 7 3
49 148 7 5
49 167 7 2
50 34 7 4
50 44 7 2
50 84 1 2
50 87 3 1
50 101 4 3
50 132 4 1
50 134 2 4
50 152 8 4
50 179 3 2
50 184 5 2
51 58 6 5
51 74 2 5
51 125 3 3
51 136 8 4
51 165 2 3
51 181 7 4
52 69 5 4
52 101 8 4
52 179 2 5
52 192 6 2
53 19 5 3
53 75 1 1
53 87 5 1
53 110 8 3
53 124 8 2
53 175 3 3
53 198 7 4
54 2 7 4
54 10 6 3
54 36 8 4
54 55 4 4
54 89 8 1
54 96 3 1
54 135 8 4
54 142 5 2
54 155 8 4
54 187 4 5
55 0 1 1
55 2 5 4
55 14 8 1
55 36 6 5
55 57 5 5
55 62 4 2
55 66 4 4
55 82 6 5
55 93 5 1
55 96 3 3
55 126 7 4
55 128 7 1
55 129 6 5
55 135 4 1
55 144 4 1
55 149 4 1
55 171 6 3
55 182 2 4
56 12 5 4
56 40 7 1
56 51 4 5
56 58 6 5
56 125 2 4
56 136 1 4
56 148 2 5
56 165 3 4
56 181 5 5
57 0 3 1
57 6 6 3
57 63 3 3
57 66 6 4
57 82 1 1
57 102 1 1
57 103 3 5
57 126 7 2
57 128 2 1
57 140 5 5
57 143 4 4
57 159 7 2
57 177 4 4
57 191 3 5
58 12 7 5
58 26 8 2
58 40 5 5
58 49 4 3
58 90 3 2
58 125 2 4
58 131 2 2
58 167 7 3
59 36 4 2
59 47 4 2
59 62 3 4
59 75 3 2
59 93 7 3
59 110 2 3
59 140 3 3
59 155 2 3
59 171 5 1
59 183 1 3
59 184 6 4
59 198 1 4
60 26 6 1
60 58 2 3
60 80 2 2
60 95 1 3
60 100 1 4
60 107 4 4
61 29 4 5
61 33 6 3
61 76 6 3
61 88 2 4
61 118 3 4
61 123 2 2
61 125 8 4
61 138 8 3
61 151 4 3
61 153 4 1
61 180 6 5
61 181 5 3
62 14 6 2
62 54 6 4
62 126 5 5
62 135 5 2
62 147 6 3
62 170 3 3
62 182 6 5
62 183 5 1
62 196 6 3
63 6 2 2
63 10 6 4
63 19 5 3
63 28 3 2
63 55 2 1
63 59 3 5
63 62 8 2
63 65 5 5
63 96 3 3
63 126 7 5
63 159 3 5
63 182 1 2
63 192 6 4
64 30 5 3
64 32 3 5
64 38 8 1
64 45 5 1
64 97 1 5
64 111 6 4
65 6 8 4
65 19 1 5
65 28 5 4
65 36 2 5
65 59 6 1
65 62 5 5
65 82 8 2
65 96 5 1
65 147 5 1
65 182 4 2
65 192 1 5
66 3 4 2
66 6 4 5
66 10 1 2
66 62 6 3
66 63 1 1
66 65 6 1
66 102 6 1
66 108 7 1
66 126 4 3
66 159 1 3
66 191 5 2
66 196 4 4
67 5 3 5
67 7 3 4
67 30 8 2
67 64 6 1
67 75 5 1
67 89 2 5
67 105 3 2
67 109 2 5
67 110 1 1
67 156 1 3
67 169 7 4
67 174 6 4
67 183 7 5
68 0 6 2
68 2 4 3
68 11 6 4
68 14 1 5
68 55 6 1
68 57 1 3
68 62 6 1
68 103 8 2
68 126 4 4
68 129 8 1
68 143 1 2
68 144 2 5
68 165 3 2
68 168 2 5
68 170 7 5
68 187 2 3
68 196 7 3
69 8 5 4
69 20 5 5
69 25 4 3
69 113 7 2
69 133 5 1
69 191 6 1
69 192 2 2
70 46 5 4
70 72 3 1
70 127 4 3
71 24 3 5
71 76 2 5
71 85 3 3
71 123 4 1
71 188 2 1
71 190 5 5
72 42 4 3
72 46 8 2
73 9 5 1
73 29 5 3
73 33 7 3
73 37 3 5
73 76 7 5
73 85 8 3
73 94 8 2
73 125 8 3
73 130 4 1
73 138 8 5
73 146 7 4
73 149 7 4
73 161 5 2
73 165 6 5
73 176 3 3
73 180 1 2
74 4 6 3
74 12 4 1
74 26 4 5
74 40 2 5
74 107 3 4
74 125 8 1
74 131 7 5
74 165 7 4
74 167 6 3
74 199 3 3
75 28 8 1
75 47 1 4
75 87 8 2
75 110 8 2
75 112 7 2
75 141 4 1
75 152 3 3
75 156 4 3
75 198 2 1
76 33 1 2
76 39 5 5
76 85 4 5
76 94 1 4
76 104 1 1
76 106 2 3
76 130 7 3
76 146 4 4
76 186 6 5
77 44 8 3
77 50 6 2
77 124 1 4
77 179 4 3
78 15 3 4
78 16 7 3
78 24 6 4
78 41 1 2
78 61 1 5
78 79 8 5
78 120 6 5
78 138 3 4
78 180 5 3
79 16 8 4
79 41 5 2
79 104 8 5
79 153 7 1
79 157 1 2
79 195 7 3
79 197 4 1
80 12 4 1
80 40 2 1
80 49 1 3
80 58 3 5
80 74 5 2
80 100 8 3
80 102 2 5
80 103 4 5
80 107 7 4
80 131 6 4
80 199 5 1
81 21 5 2
81 24 6 5
81 33 8 1
81 37 7 1
81 39 4 1
81 85 6 2
81 88 7 1
81 99 4 1
81 138 3 1
81 146 1 3
81 161 8 5
82 3 1 5
82 10 5 1
82 20 6 4
82 36 4 1
82 59 3 1
82 66 2 3
82 96 1 5
82 126 5 1
82 140 4 5
82 159 5 5
82 182 5 3
82 196 4 1
83 34 7 4
83 50 6 2
83 77 5 2
83 134 2 3
83 145 5 5
83 194 5 3
84 28 1 5
84 43 2 3
84 59 6 1
84 77 2 2
84 108 8 1
84 112 1 2
84 117 3 1
84 132 6 3
84 145 4 1
84 152 8 4
84 179 2 1
85 37 1 3
85 61 7 1
85 88 7 4
85 94 8 2
85 123 5 1
85 130 3 3
85 138 7 5
85 146 3 1
85 151 1 5
85 161 3 5
85 186 1 2
86 20 4 3
86 25 1 5
86 119 7 4
86 133 2 1
86 159 7 3
86 191 8 1
86 192 5 1
87 19 2 3
87 34 6 2
87 43 3 1
87 84 5 2
87 134 2 1
87 175 5 5
87 185 5 5
87 194 6 1
87 198 5 2
88 24 8 4
88 37 7 4
88 39 8 1
88 116 8 2
88 123 3 2
88 138 5 3
88 146 1 3
88 150 3 2
88 161 7 1
88 190 3 2
89 62 5 4
89 105 8 4
89 109 3 5
89 129 1 1
89 135 2 4
89 139 2 4
89 147 5 4
89 162 7 1
89 170 6 2
89 174 8 1
90 12 4 5
90 26 3 5
90 40 7 2
90 60 1 3
90 74 7 3
90 80 5 5
90 98 1 1
90 100 2 5
90 115 2 2
90 131 2 2
90 163 4 3
91 42 6 1
91 69 8 4
91 113 2 4
91 133 7 2
91 137 5 5
91 177 4 5
91 193 6 2
92 79 3 5
92 104 7 4
92 120 6 2
92 157 4 5
93 19 3 1
93 20 7 4
93 57 2 3
93 63 1 5
93 66 7 1
93 82 5 3
93 96 6 2
93 126 4 3
93 128 8 3
93 135 8 2
93 140 4 4
93 171 2 3
94 22 1 4
94 61 6 3
94 71 8 5
94 88 6 4
94 104 2 2
94 118 1 5
94 130 8 5
94 138 4 2
94 146 4 1
94 150 8 1
94 153 4 4
94 186 5 4
95 90 7 5
95 98 2 3
95 163 2 1
96 2 1 2
96 6 5 3
96 57 8 2
96 62 6 3
96 66 7 3
96 68 5 3
96 102 1 1
96 128 5 2
96 143 2 4
96 144 1 3
96 159 8 1
96 170 6 5
97 5 5 5
97 7 6 1
97 30 3 3
97 38 8 4
97 67 8 2
97 105 8 1
97 111 7 4
97 169 5 4
97 178 7 4
98 4 5 5
98 12 2 4
98 26 4 3
98 51 6 2
98 58 2 4
98 60 4 1
98 74 6 1
98 80 1 4
98 100 6 1
98 107 2 4
98 167 3 1
98 199 3 5
99 33 8 3
99 37 7 5
99 85 6 1
99 88 6 1
100 26 2 1
100 51 7 3
100 58 2 4
100 95 3 5
100 115 3 4
101 23 2 3
101 77 5 3
101 84 8 5
101 132 1 2
101 134 4 5
101 145 1 1
101 179 5 1
101 184 8 1
101 192 8 1
101 194 2 5
102 0 6 2
102 3 4 3
102 55 1 4
102 68 2 3
102 103 7 5
102 107 7 2
102 164 4 2
102 191 2 2
102 193 5 5
102 196 8 3
103 6 6 1
103 40 7 5
103 60 4 2
103 74 5 2
103 131 6 3
103 148 4 3
103 149 8 3
103 165 2 3
103 196 8 3
104 13 8 5
104 15 2 3
104 138 6 3
104 153 8 3
104 186 3 3
105 5 4 5
105 14 8 2
105 75 3 4
105 110 1 1
106 18 8 4
106 29 8 3
106 79 2 2
106 85 7 2
106 104 3 2
106 130 6 2
106 153 1 5
107 12 1 2
107 57 4 5
107 58 1 3
107 90 7 5
107 103 3 5
107 164 8 3
107 165 2 2
107 167 3 2
108 1 4 5
108 19 7 5
108 43 6 5
108 59 6 1
108 63 2 1
108 65 7 5
108 93 2 3
108 132 3 2
108 140 4 4
108 147 4 4
108 159 5 3
108 191 6 3
108 192 1 3
109 5 2 4
109 7 2 3
109 30 8 3
109 45 2 3
109 97 3 5
109 105 4 1
109 114 7 4
109 154 7 2
109 158 6 5
109 169 6 1
110 30 7 4
110 47 7 5
110 89 1 4
110 117 1 2
110 139 7 3
110 147 5 1
110 152 2 3
110 156 1 2
110 162 4 3
110 171 3 1
110 175 4 2
111 75 7 3
111 105 2 5
111 110 2 2
112 47 6 1
112 53 2 2
112 59 7 4
112 65 2 4
112 87 8 5
112 108 7 3
112 110 3 3
112 121 6 3
112 198 7 4
113 20 7 3
113 119 2 1
113 177 4 3
113 192 6 2
114 5 8 2
114 7 4 3
114 17 8 4
114 30 3 1
114 45 7 2
115 27 3 3
115 60 6 1
115 72 7 4
115 95 4 2
115 98 8 4
115 173 4 4
116 9 7 2
116 12 2 4
116 37 6 3
116 51 2 4
116 56 5 5
116 73 7 4
116 99 2 1
116 123 1 5
116 151 8 5
116 166 4 5
116 181 4 1
117 28 8 3
117 53 2 2
117 75 6 1
117 87 5 1
117 112 5 1
117 141 4 1
117 175 7 4
118 11 1 1
118 73 4 4
118 78 4 3
118 88 4 1
118 106 6 4
118 153 8 4
119 1 8 3
119 20 3 1
119 25 5 1
119 52 6 2
119 133 8 1
119 191 3 1
119 193 1 3
120 29 3 4
120 41 1 2
120 104 8 1
120 153 7 4
120 180 7 1
120 195 6 3
120 197 3 4
121 47 6 3
121 53 6 4
121 75 3 2
121 87 2 4
121 117 8 4
121 139 8 1
121 141 6 3
121 156 5 5
121 183 8 5
121 198 8 1
122 14 2 4
122 18 2 5
122 48 5 3
122 54 3 4
122 78 2 5
122 105 1 3
122 144 1 3
122 155 4 4
122 174 6 2
122 180 6 2
123 21 1 4
123 39 6 2
123 73 2 3
123 76 5 1
123 81 4 2
123 94 6 1
123 99 4 3
123 130 4 3
123 161 7 5
124 50 5 5
124 84 4 3
124 87 3 4
124 112 6 3
124 117 3 5
124 121 6 4
124 132 5 2
124 152 3 3
124 175 3 5
124 185 1 4
125 4 6 2
125 9 5 2
125 11 3 2
125 40 4 1
125 116 1 5
125 148 4 4
125 149 7 2
125 164 7 1
125 167 7 3
125 181 5 4
125 187 3 1
126 0 8 3
126 3 3 1
126 6 6 2
126 20 8 4
126 96 1 4
126 103 6 1
126 140 6 1
126 143 6 5
126 160 7 1
126 177 8 4
126 191 5 2
126 196 4 3
127 42 3 1
127 72 2 3
127 91 7 1
127 95 5 5
127 115 7 5
128 10 4 1
128 54 4 4
128 62 2 2
128 68 8 5
128 82 6 5
128 89 1 4
128 126 5 1
128 140 2 5
128 155 6 4
128 171 5 3
128 182 3 1
128 196 5 2
129 2 3 2
129 10 4 1
129 62 7 3
129 122 1 5
129 128 4 2
129 135 2 1
129 142 5 5
129 144 2 3
129 187 8 4
130 21 5 1
130 24 3 3
130 33 6 3
130 37 5 3
130 39 6 2
130 88 8 3
130 118 8 4
130 161 4 5
131 12 4 3
131 46 3 3
131 51 2 1
131 60 8 3
131 98 7 3
131 107 5 5
131 125 3 2
131 164 1 5
131 199 8 3
132 19 7 1
132 77 5 5
132 87 8 2
132 184 1 5
133 70 3 4
133 72 2 2
133 113 2 2
133 137 1 1
134 44 4 3
134 77 5 1
134 132 8 1
134 145 4 5
134 179 4 1
135 10 1 5
135 59 5 5
135 63 4 5
135 65 5 4
135 66 3 5
135 68 8 3
135 82 2 5
135 128 1 4
135 142 8 4
135 147 6 3
135 174 7 1
136 9 8 3
136 12 7 4
136 73 1 4
136 116 6 5
136 125 3 1
136 166 4 3
136 167 6 2
136 181 1 3
137 46 1 2
137 70 2 2
137 72 8 4
138 22 8 5
138 24 2 1
138 29 2 1
138 106 8 3
138 118 6 3
138 130 7 2
138 150 8 5
138 153 2 4
138 176 2 1
138 180 4 5
139 30 5 3
139 32 5 1
139 47 3 2
139 67 8 4
139 111 5 3
139 156 6 3
139 162 1 3
139 174 4 1
140 19 4 2
140 20 6 1
140 28 8 4
140 36 1 5
140 55 8 5
140 62 4 2
140 63 4 5
140 65 6 3
140 66 2 4
140 96 5 1
140 159 4 3
140 191 3 2
141 19 5 3
141 47 6 4
141 53 3 2
141 87 3 1
141 110 1 5
141 112 1 5
141 124 2 3
141 139 6 1
141 152 6 2
141 175 4 2
141 183 1 3
141 184 5 2
142 10 7 4
142 14 1 1
142 55 4 2
142 68 8 5
142 118 8 3
142 122 1 5
142 128 8 2
142 144 1 4
142 149 8 4
142 155 6 1
142 170 8 5
142 187 1 1
143 55 8 5
143 58 1 5
143 66 1 5
143 80 8 4
143 102 5 4
143 103 4 4
143 107 1 1
143 148 8 1
143 149 8 3
143 160 8 4
143 165 1 4
143 168 4 1
143 187 1 1
144 2 5 2
144 14 3 5
144 29 3 2
144 54 1 3
144 126 6 5
144 135 4 1
144 143 3 4
144 170 7 1
145 1 8 3
145 44 3 1
145 50 2 2
145 77 2 4
145 87 4 3
145 132 3 2
145 185 5 3
146 24 2 2
146 61 3 5
146 116 7 3
146 123 3 4
146 130 4 4
146 136 5 2
146 151 8 1
146 176 1 5
146 181 6 2
146 190 1 3
147 14 6 2
147 47 5 5
147 54 8 1
147 59 6 2
147 93 5 2
147 112 6 3
147 128 8 4
147 140 1 5
147 182 6 4
147 198 4 3
148 4 5 4
148 40 5 5
148 60 6 4
148 74 4 2
148 90 3 3
148 98 7 2
148 131 4 3
148 181 1 2
149 4 8 3
149 11 3 5
149 12 8 1
149 58 1 5
149 68 2 3
149 107 7 3
149 148 5 1
149 165 3 5
149 168 1 1
150 37 6 3
150 71 2 2
150 76 2 3
150 85 7 4
150 104 1 2
150 130 6 5
150 161 7 5
150 186 2 4
150 188 3 4
151 33 3 3
151 73 6 5
151 76 3 5
151 81 2 3
151 88 7 1
151 94 6 5
151 99 5 1
151 118 3 2
151 136 7 1
151 150 1 1
151 176 2 3
151 181 7 4
152 19 6 5
152 47 1 5
152 59 6 1
152 87 4 3
152 112 4 4
152 117 8 4
152 121 1 1
152 132 2 5
152 147 3 5
152 175 2 5
152 184 3 5
152 185 7 2
152 194 5 4
153 24 5 1
153 122 6 4
153 142 1 1
154 5 3 2
154 18 1 1
154 31 6 5
154 35 5 5
154 158 7 4
154 195 3 4
155 10 1 4
155 89 5 1
155 105 8 2
155 129 2 3
155 135 3 1
155 144 7 1
155 147 4 3
155 171 1 1
155 182 6 4
155 183 8 2
156 32 4 4
156 64 7 4
156 97 1 1
156 141 7 5
156 169 7 4
157 22 5 1
157 104 4 1
157 106 5 5
157 120 2 3
157 189 7 4
157 195 5 2
157 197 1 3
158 5 5 1
158 17 1 3
158 35 2 5
158 114 2 5
158 169 7 3
159 3 4 1
159 6 1 4
159 8 4 1
159 25 4 1
159 69 6 2
159 93 7 3
159 102 4 4
159 113 5 2
159 119 7 3
159 126 6 5
159 160 7 4
159 177 3 4
159 193 7 3
160 46 5 3
160 57 8 2
160 60 6 4
160 66 7 2
160 80 6 2
160 102 5 2
160 103 2 3
160 131 2 3
160 168 8 5
160 177 5 1
160 191 5 3
160 196 1 1
161 37 7 1
161 76 8 1
161 78 7 3
161 94 6 5
161 104 2 3
161 106 7 4
161 120 2 1
161 138 8 5
161 146 8 5
161 151 5 5
161 153 2 3
161 186 1 5
162 5 8 5
162 30 3 5
162 67 3 1
162 97 7 3
162 105 1 5
162 111 8 4
162 183 8 4
163 26 6 2
163 27 4 1
163 98 7 2
163 100 1 5
163 115 8 4
163 127 8 4
163 173 1 4
164 0 4 5
164 11 2 2
164 12 8 2
164 58 7 3
164 68 1 5
164 143 2 3
164 144 7 5
164 148 7 4
164 149 4 3
164 165 8 4
164 167 4 3
164 168 1 5
164 196 1 1
165 2 8 3
165 9 5 1
165 12 2 4
165 40 3 2
165 58 5 3
165 125 6 4
165 148 5 4
165 168 3 5
165 187 2 1
166 9 2 3
166 12 1 5
166 33 4 2
166 51 6 1
166 125 6 1
166 148 8 4
166 181 8 2
167 26 4 3
167 51 3 2
167 56 2 4
167 60 4 5
167 90 5 2
167 148 8 4
167 165 2 5
167 166 3 4
167 168 3 3
168 0 4 5
168 12 2 4
168 40 8 2
168 46 1 4
168 58 1 1
168 74 7 2
168 80 4 2
168 98 2 4
168 102 8 4
168 103 5 3
168 107 6 4
168 125 3 2
168 131 6 2
168 148 4 2
169 7 2 1
169 31 2 2
169 38 7 3
169 45 6 1
169 64 3 5
169 114 1 2
170 10 2 3
170 54 4 1
170 55 5 1
170 122 3 2
170 128 5 3
170 155 7 4
170 171 4 5
171 10 8 1
171 54 7 4
171 62 2 1
171 63 8 4
171 75 7 1
171 89 6 4
171 105 1 1
171 129 6 5
171 147 5 1
171 174 4 4
171 183 4 1
172 17 7 5
172 31 7 2
172 38 1 2
172 114 4 3
172 158 6 4
172 169 5 3
172 178 6 1
173 4 2 2
173 60 7 3
173 74 1 5
173 80 1 1
173 90 5 2
173 95 7 5
174 54 4 3
174 59 7 5
174 62 8 3
174 75 2 4
174 105 3 1
174 110 8 4
174 128 4 2
174 129 2 2
174 147 1 3
174 155 3 5
174 162 5 1
174 170 6 1
174 182 1 4
175 28 7 4
175 112 6 5
175 121 4 1
175 185 5 3
176 29 4 3
176 37 7 2
176 76 1 4
176 78 8 2
176 85 2 1
176 88 6 3
176 94 2 2
176 106 8 3
176 123 8 5
176 130 3 5
176 150 3 5
176 153 2 2
176 161 7 4
177 1 8 5
177 3 4 3
177 6 6 2
177 20 7 2
177 25 8 1
177 66 5 4
177 69 3 4
177 82 1 2
177 86 4 4
177 102 8 5
177 119 3 5
178 7 1 5
178 31 2 1
178 38 2 5
178 45 7 3
178 114 4 1
178 158 2 2
179 1 7 1
179 43 3 1
179 108 7 1
179 145 3 4
179 192 6 1
180 11 1 5
180 18 3 3
180 106 1 3
180 118 8 1
180 153 7 2
180 176 1 3
180 187 5 2
181 9 8 4
181 40 6 2
181 73 7 1
181 88 2 2
181 130 8 5
181 149 8 5
181 164 2 2
181 165 4 4
181 167 8 4
182 59 6 2
182 66 1 3
182 93 2 5
182 112 1 1
182 135 4 4
182 140 8 1
182 171 2 1
182 183 1 3
182 191 7 1
182 192 3 3
183 19 4 3
183 30 4 2
183 75 2 4
183 89 8 2
183 110 6 5
183 112 5 1
183 139 3 5
184 19 3 1
184 28 1 4
184 34 3 4
184 43 2 3
184 53 8 3
184 77 6 2
184 84 2 4
184 87 5 5
184 108 1 5
184 124 7 5
184 134 5 3
184 145 2 3
184 175 4 4
184 179 7 5
184 198 3 3
185 44 8 3
185 47 8 2
185 50 5 3
185 53 5 1
185 77 1 5
185 84 3 2
185 112 3 4
185 121 8 4
185 132 4 2
185 141 7 4
185 184 4 3
185 194 4 4
186 22 7 5
186 24 7 4
186 81 8 3
186 130 8 2
186 138 6 2
186 189 2 5
187 0 7 3
187 11 3 5
187 29 6 1
187 61 6 1
187 73 3 5
187 118 8 4
187 144 6 3
187 149 1 2
187 164 3 1
187 170 1 5
187 196 6 1
188 39 8 5
188 81 3 5
188 99 3 4
188 123 7 2
188 146 5 4
188 190 2 3
189 13 8 4
189 15 2 5
189 24 5 5
189 41 6 3
189 78 3 2
189 79 7 1
189 104 4 3
189 138 8 1
189 153 5 3
189 197 1 3
190 37 1 4
190 39 6 4
190 76 4 2
190 85 5 4
190 94 5 5
190 123 2 5
190 130 1 5
190 151 1 4
191 0 2 2
191 1 4 1
191 3 6 5
191 36 4 2
191 65 8 4
191 82 3 1
191 93 8 3
191 96 6 2
191 113 7 4
191 159 6 4
192 3 8 5
192 8 3 5
192 20 8 3
192 25 3 5
192 66 7 5
192 82 5 2
192 84 2 5
192 93 6 3
192 96 1 3
192 119 6 4
192 132 7 1
192 140 7 4
192 177 7 2
192 191 6 2
192 193 1 1
193 20 2 5
193 25 3 2
193 57 7 3
193 113 8 4
193 126 8 4
193 133 6 2
193 160 5 4
193 177 7 2
193 191 4 2
194 23 3 5
194 34 5 3
194 50 2 5
194 84 3 3
194 132 5 2
194 145 8 4
195 16 6 5
195 18 1 4
195 35 5 4
195 92 5 4
196 3 7 3
196 6 3 1
196 10 8 2
196 54 2 4
196 55 7 5
196 57 6 3
196 96 7 2
196 107 8 4
196 135 3 1
196 170 5 1
196 191 2 5
197 15 2 4
197 16 6 1
197 41 6 3
197 78 7 2
197 104 7 5
197 195 2 4
198 84 5 4
198 110 3 4
198 117 4 2
198 141 3 3
198 152 4 2
198 175 8 5
198 185 5 3
199 26 2 4
199 90 3 5
199 100 5 5
199 115 6 2
199 127 6 2
199 163 3 3
