0 2 29 1
0 6 36 1
0 8 52 1
0 9 44 1
0 10 8 1
0 13 14 1
0 15 14 1
0 16 12 1
0 21 26 1
0 22 24 1
0 23 43 1
0 26 64 1
0 29 33 1
0 32 30 1
0 35 48 1
0 36 36 1
0 39 20 1
0 40 25 1
0 41 42 1
0 42 13 1
0 45 53 1
0 46 33 1
0 48 58 1
0 51 21 1
0 53 3 1
0 54 6 1
0 58 20 1
0 61 30 1
0 63 56 1
0 64 11 1
0 68 26 1
0 69 47 1
0 73 40 1
0 85 41 1
0 93 56 1
0 94 29 1
0 96 57 1
0 97 53 1
1 0 42 1
1 5 16 1
1 9 19 1
1 13 1 1
1 15 21 1
1 23 13 1
1 25 14 1
1 27 55 1
1 28 55 1
1 29 34 1
1 30 34 1
1 32 15 1
1 38 29 1
1 47 19 1
1 54 29 1
1 59 51 1
1 63 18 1
1 65 53 1
1 68 17 1
1 69 64 1
1 70 63 1
1 73 25 1
1 74 31 1
1 75 48 1
1 76 39 1
1 78 11 1
1 79 48 1
1 84 39 1
1 86 5 1
1 87 24 1
1 91 28 1
1 92 19 1
1 93 58 1
1 94 50 1
1 97 27 1
2 1 17 1
2 7 37 1
2 9 3 1
2 10 19 1
2 15 41 1
2 17 35 1
2 22 37 1
2 25 35 1
2 31 9 1
2 32 42 1
2 34 55 1
2 38 44 1
2 41 63 1
2 44 11 1
2 46 38 1
2 48 8 1
2 56 32 1
2 57 3 1
2 60 13 1
2 65 16 1
2 67 14 1
2 68 43 1
2 79 53 1
2 80 62 1
2 81 12 1
2 83 57 1
2 85 18 1
2 87 23 1
2 92 32 1
2 96 37 1
2 99 45 1
3 0 31 1
3 2 55 1
3 5 52 1
3 9 32 1
3 12 30 1
3 13 17 1
3 18 25 1
3 19 13 1
3 22 37 1
3 25 5 1
3 29 47 1
3 30 63 1
3 33 62 1
3 38 51 1
3 39 49 1
3 53 29 1
3 56 6 1
3 58 7 1
3 59 48 1
3 61 40 1
3 67 27 1
3 68 19 1
3 71 47 1
3 76 8 1
3 81 17 1
3 84 47 1
3 88 55 1
3 94 44 1
3 95 55 1
3 97 13 1
3 99 64 1
4 1 12 1
4 3 17 1
4 5 50 1
4 9 29 1
4 13 4 1
4 16 3 1
4 19 8 1
4 22 22 1
4 23 39 1
4 29 59 1
4 32 9 1
4 34 59 1
4 36 36 1
4 37 18 1
4 42 39 1
4 44 36 1
4 49 12 1
4 50 1 1
4 54 20 1
4 58 35 1
4 59 49 1
4 60 60 1
4 64 49 1
4 65 24 1
4 66 43 1
4 67 60 1
4 68 42 1
4 70 60 1
4 72 34 1
4 73 53 1
4 84 17 1
4 91 26 1
4 99 43 1
5 2 28 1
5 8 18 1
5 13 20 1
5 14 4 1
5 15 8 1
5 19 22 1
5 23 2 1
5 29 12 1
5 31 41 1
5 35 1 1
5 37 30 1
5 38 4 1
5 39 34 1
5 40 53 1
5 42 45 1
5 43 42 1
5 45 2 1
5 47 44 1
5 48 28 1
5 49 33 1
5 58 45 1
5 60 22 1
5 61 10 1
5 64 53 1
5 67 36 1
5 68 7 1
5 70 57 1
5 71 5 1
5 74 19 1
5 78 2 1
5 79 36 1
5 85 63 1
5 87 22 1
5 96 8 1
5 97 3 1
5 99 4 1
6 1 6 1
6 2 50 1
6 7 24 1
6 9 18 1
6 13 38 1
6 15 46 1
6 17 26 1
6 18 36 1
6 25 2 1
6 29 29 1
6 30 46 1
6 31 5 1
6 33 36 1
6 42 15 1
6 45 48 1
6 48 6 1
6 50 15 1
6 51 52 1
6 57 20 1
6 58 43 1
6 60 4 1
6 61 52 1
6 66 14 1
6 67 5 1
6 78 4 1
6 80 5 1
6 81 29 1
6 83 57 1
6 86 22 1
6 87 62 1
6 88 8 1
7 1 44 1
7 11 18 1
7 12 16 1
7 14 27 1
7 16 15 1
7 17 40 1
7 19 49 1
7 21 24 1
7 22 4 1
7 25 19 1
7 27 54 1
7 30 25 1
7 33 41 1
7 35 44 1
7 36 64 1
7 38 6 1
7 40 61 1
7 41 27 1
7 42 27 1
7 43 49 1
7 44 8 1
7 46 7 1
7 47 20 1
7 49 62 1
7 50 10 1
7 51 40 1
7 52 5 1
7 57 30 1
7 60 47 1
7 61 7 1
7 64 10 1
7 65 51 1
7 67 33 1
7 71 62 1
7 72 3 1
7 73 31 1
7 74 40 1
7 75 8 1
7 76 21 1
7 77 48 1
7 79 4 1
7 85 4 1
7 90 54 1
7 93 60 1
7 94 22 1
7 95 41 1
7 98 57 1
8 1 28 1
8 2 58 1
8 4 46 1
8 7 30 1
8 13 19 1
8 16 21 1
8 19 46 1
8 26 19 1
8 27 10 1
8 34 39 1
8 35 15 1
8 36 6 1
8 40 33 1
8 45 25 1
8 48 22 1
8 49 45 1
8 50 29 1
8 59 23 1
8 60 38 1
8 61 47 1
8 62 30 1
8 65 51 1
8 67 45 1
8 68 50 1
8 69 64 1
8 71 20 1
8 78 32 1
8 79 2 1
8 81 28 1
8 86 1 1
8 90 39 1
8 96 50 1
9 5 46 1
9 7 27 1
9 8 26 1
9 11 14 1
9 12 4 1
9 14 16 1
9 16 6 1
9 17 21 1
9 20 13 1
9 25 10 1
9 26 26 1
9 29 59 1
9 30 48 1
9 36 32 1
9 39 50 1
9 40 28 1
9 41 11 1
9 49 51 1
9 55 10 1
9 56 4 1
9 57 30 1
9 58 41 1
9 59 14 1
9 63 36 1
9 64 27 1
9 65 55 1
9 67 55 1
9 68 21 1
9 69 32 1
9 70 46 1
9 72 53 1
9 74 53 1
9 75 26 1
9 78 18 1
9 80 12 1
9 83 1 1
9 84 20 1
9 85 44 1
9 87 53 1
9 92 44 1
9 94 44 1
9 96 18 1
9 98 35 1
10 1 51 1
10 3 12 1
10 6 60 1
10 9 16 1
10 11 33 1
10 12 38 1
10 13 52 1
10 14 1 1
10 15 16 1
10 16 42 1
10 18 35 1
10 19 3 1
10 20 8 1
10 21 58 1
10 23 25 1
10 25 9 1
10 27 53 1
10 29 7 1
10 34 17 1
10 42 57 1
10 44 10 1
10 50 33 1
10 51 29 1
10 52 3 1
10 55 39 1
10 64 26 1
10 69 17 1
10 71 13 1
10 77 37 1
10 79 24 1
10 81 31 1
10 82 50 1
10 83 25 1
10 84 56 1
10 87 28 1
10 92 13 1
10 93 10 1
10 99 59 1
11 1 53 1
11 6 53 1
11 13 36 1
11 15 20 1
11 17 51 1
11 29 33 1
11 31 17 1
11 33 9 1
11 34 48 1
11 37 12 1
11 43 50 1
11 60 57 1
11 65 7 1
11 67 18 1
11 72 36 1
11 73 52 1
11 78 11 1
11 79 21 1
11 85 55 1
11 86 61 1
11 88 61 1
11 91 50 1
11 96 34 1
11 97 29 1
11 99 9 1
12 0 11 1
12 5 60 1
12 8 6 1
12 13 41 1
12 14 22 1
12 15 38 1
12 21 18 1
12 22 62 1
12 24 45 1
12 29 59 1
12 30 18 1
12 31 59 1
12 36 45 1
12 37 40 1
12 40 62 1
12 43 47 1
12 44 55 1
12 46 2 1
12 50 31 1
12 52 23 1
12 53 9 1
12 55 47 1
12 56 12 1
12 59 19 1
12 61 4 1
12 67 38 1
12 71 23 1
12 78 40 1
12 79 23 1
12 81 63 1
12 82 6 1
12 84 16 1
12 88 7 1
12 90 44 1
12 96 63 1
13 2 16 1
13 7 38 1
13 9 19 1
13 14 20 1
13 15 33 1
13 18 47 1
13 21 2 1
13 22 31 1
13 24 39 1
13 25 24 1
13 29 32 1
13 37 4 1
13 39 9 1
13 45 46 1
13 47 27 1
13 48 11 1
13 50 10 1
13 55 28 1
13 56 35 1
13 57 29 1
13 58 59 1
13 62 35 1
13 63 44 1
13 64 34 1
13 65 63 1
13 70 4 1
13 71 21 1
13 73 10 1
13 75 48 1
13 78 60 1
13 79 39 1
13 83 15 1
13 85 30 1
13 88 14 1
13 93 27 1
13 95 61 1
13 96 39 1
14 0 42 1
14 1 35 1
14 2 51 1
14 3 41 1
14 8 20 1
14 17 54 1
14 19 46 1
14 22 6 1
14 24 42 1
14 25 49 1
14 30 53 1
14 31 15 1
14 33 9 1
14 34 42 1
14 35 12 1
14 37 18 1
14 39 15 1
14 44 31 1
14 46 56 1
14 49 44 1
14 54 40 1
14 55 60 1
14 56 14 1
14 58 52 1
14 61 56 1
14 62 21 1
14 65 13 1
14 67 48 1
14 69 19 1
14 70 37 1
14 71 33 1
14 72 21 1
14 74 55 1
14 75 42 1
14 76 12 1
14 77 10 1
14 79 44 1
14 85 37 1
14 86 7 1
14 88 35 1
14 90 62 1
15 4 50 1
15 8 8 1
15 9 47 1
15 14 55 1
15 16 20 1
15 18 2 1
15 20 52 1
15 21 48 1
15 25 24 1
15 32 32 1
15 34 50 1
15 35 8 1
15 38 42 1
15 43 54 1
15 48 40 1
15 49 9 1
15 52 19 1
15 59 12 1
15 62 47 1
15 63 28 1
15 64 46 1
15 65 1 1
15 70 51 1
15 72 36 1
15 73 47 1
15 74 3 1
15 75 15 1
15 83 58 1
15 88 7 1
15 89 36 1
15 92 8 1
15 94 43 1
15 97 34 1
15 98 56 1
15 99 20 1
16 1 40 1
16 2 35 1
16 12 3 1
16 13 33 1
16 14 17 1
16 19 48 1
16 20 45 1
16 22 19 1
16 26 51 1
16 30 26 1
16 31 3 1
16 33 16 1
16 34 25 1
16 35 15 1
16 43 60 1
16 44 27 1
16 45 41 1
16 46 31 1
16 47 49 1
16 51 52 1
16 52 20 1
16 54 27 1
16 58 48 1
16 61 37 1
16 64 36 1
16 67 8 1
16 68 16 1
16 70 9 1
16 75 61 1
16 77 54 1
16 89 45 1
16 93 30 1
16 94 62 1
16 96 27 1
16 97 29 1
16 99 37 1
17 0 6 1
17 1 5 1
17 3 43 1
17 8 9 1
17 10 11 1
17 12 7 1
17 13 8 1
17 16 54 1
17 23 20 1
17 26 54 1
17 27 31 1
17 30 43 1
17 31 31 1
17 34 35 1
17 35 10 1
17 36 29 1
17 37 40 1
17 38 53 1
17 44 36 1
17 45 38 1
17 46 45 1
17 47 38 1
17 50 4 1
17 51 57 1
17 54 64 1
17 55 15 1
17 57 1 1
17 59 6 1
17 60 12 1
17 61 42 1
17 63 38 1
17 64 18 1
17 66 32 1
17 67 16 1
17 68 34 1
17 70 16 1
17 71 24 1
17 74 57 1
17 87 38 1
17 91 64 1
17 92 39 1
17 95 46 1
17 98 8 1
18 0 57 1
18 2 39 1
18 7 24 1
18 8 47 1
18 9 8 1
18 11 3 1
18 12 4 1
18 14 48 1
18 16 40 1
18 23 16 1
18 28 6 1
18 35 47 1
18 36 16 1
18 41 2 1
18 46 61 1
18 47 9 1
18 53 21 1
18 57 57 1
18 60 32 1
18 61 6 1
18 64 63 1
18 69 51 1
18 70 17 1
18 72 32 1
18 79 1 1
18 80 56 1
18 82 25 1
18 83 33 1
18 85 34 1
18 86 2 1
18 91 36 1
18 93 50 1
18 94 62 1
18 95 22 1
18 96 17 1
18 97 37 1
18 98 54 1
18 99 17 1
19 1 64 1
19 12 56 1
19 13 31 1
19 15 54 1
19 17 19 1
19 22 16 1
19 24 27 1
19 25 32 1
19 29 16 1
19 30 46 1
19 40 40 1
19 41 56 1
19 43 51 1
19 46 20 1
19 47 41 1
19 52 46 1
19 55 5 1
19 58 25 1
19 59 56 1
19 62 14 1
19 66 33 1
19 68 61 1
19 70 19 1
19 71 58 1
19 72 38 1
19 73 32 1
19 74 33 1
19 79 45 1
19 81 28 1
19 83 51 1
19 84 39 1
19 91 41 1
19 94 13 1
19 96 27 1
20 0 14 1
20 1 50 1
20 6 51 1
20 7 28 1
20 8 62 1
20 11 44 1
20 13 62 1
20 17 24 1
20 18 7 1
20 21 8 1
20 25 20 1
20 27 5 1
20 32 19 1
20 33 61 1
20 37 46 1
20 38 23 1
20 39 14 1
20 41 15 1
20 43 19 1
20 45 46 1
20 48 27 1
20 50 43 1
20 51 14 1
20 53 16 1
20 56 17 1
20 58 31 1
20 59 41 1
20 62 24 1
20 65 13 1
20 66 58 1
20 67 16 1
20 68 44 1
20 70 7 1
20 72 15 1
20 73 5 1
20 75 58 1
20 82 12 1
20 85 29 1
20 88 24 1
20 91 43 1
20 92 5 1
20 95 9 1
20 98 26 1
21 2 37 1
21 3 63 1
21 4 62 1
21 5 45 1
21 8 55 1
21 9 35 1
21 17 24 1
21 18 3 1
21 23 30 1
21 25 47 1
21 28 55 1
21 31 5 1
21 32 61 1
21 33 55 1
21 35 48 1
21 38 48 1
21 44 16 1
21 45 13 1
21 50 7 1
21 52 15 1
21 54 55 1
21 55 60 1
21 56 54 1
21 60 58 1
21 63 7 1
21 68 37 1
21 71 18 1
21 74 12 1
21 78 16 1
21 83 61 1
21 85 30 1
21 88 48 1
21 91 37 1
21 95 54 1
21 96 13 1
21 98 39 1
21 99 55 1
22 1 53 1
22 5 19 1
22 9 50 1
22 18 54 1
22 21 24 1
22 24 13 1
22 27 5 1
22 29 51 1
22 30 47 1
22 32 31 1
22 33 53 1
22 35 42 1
22 36 11 1
22 37 54 1
22 40 30 1
22 41 21 1
22 42 36 1
22 44 20 1
22 49 47 1
22 53 51 1
22 61 44 1
22 62 32 1
22 63 60 1
22 64 12 1
22 65 17 1
22 66 33 1
22 70 37 1
22 74 57 1
22 75 30 1
22 77 17 1
22 79 64 1
22 80 23 1
22 83 12 1
22 88 53 1
22 98 57 1
23 2 6 1
23 3 51 1
23 8 1 1
23 9 60 1
23 12 47 1
23 13 20 1
23 16 36 1
23 19 20 1
23 20 43 1
23 27 8 1
23 31 43 1
23 37 34 1
23 39 23 1
23 42 38 1
23 43 33 1
23 44 37 1
23 50 40 1
23 55 10 1
23 56 55 1
23 58 29 1
23 59 51 1
23 70 62 1
23 74 42 1
23 75 57 1
23 79 5 1
23 80 34 1
23 84 40 1
23 86 33 1
23 94 4 1
23 97 49 1
23 98 63 1
23 99 64 1
24 1 49 1
24 3 57 1
24 8 60 1
24 21 57 1
24 32 21 1
24 39 34 1
24 44 57 1
24 45 28 1
24 52 1 1
24 54 23 1
24 61 58 1
24 62 29 1
24 64 57 1
24 68 30 1
24 70 48 1
24 71 62 1
24 72 1 1
24 82 62 1
24 84 19 1
24 88 50 1
24 90 25 1
24 94 7 1
24 96 28 1
24 97 9 1
25 4 19 1
25 11 41 1
25 12 26 1
25 18 15 1
25 23 28 1
25 27 56 1
25 29 23 1
25 31 10 1
25 32 44 1
25 35 26 1
25 39 44 1
25 40 33 1
25 41 49 1
25 42 31 1
25 43 54 1
25 46 3 1
25 48 10 1
25 51 20 1
25 56 33 1
25 58 20 1
25 60 42 1
25 61 46 1
25 62 7 1
25 63 22 1
25 64 21 1
25 65 5 1
25 68 59 1
25 69 10 1
25 76 36 1
25 85 39 1
25 86 16 1
25 87 1 1
25 88 42 1
25 90 28 1
25 93 31 1
25 94 24 1
25 96 55 1
25 97 24 1
25 98 52 1
26 1 18 1
26 2 21 1
26 3 42 1
26 4 24 1
26 7 1 1
26 10 7 1
26 22 27 1
26 29 62 1
26 30 31 1
26 40 40 1
26 44 58 1
26 46 23 1
26 48 58 1
26 54 35 1
26 59 28 1
26 61 22 1
26 65 31 1
26 68 14 1
26 72 9 1
26 77 23 1
26 82 22 1
26 83 34 1
26 84 20 1
26 85 1 1
26 90 37 1
27 2 33 1
27 3 60 1
27 4 52 1
27 5 7 1
27 12 7 1
27 13 19 1
27 14 15 1
27 16 45 1
27 18 13 1
27 19 27 1
27 21 47 1
27 24 41 1
27 26 57 1
27 34 57 1
27 35 57 1
27 38 57 1
27 40 38 1
27 42 61 1
27 46 39 1
27 49 51 1
27 50 13 1
27 52 7 1
27 53 54 1
27 58 19 1
27 61 18 1
27 63 37 1
27 64 13 1
27 68 15 1
27 71 55 1
27 72 23 1
27 75 23 1
27 76 40 1
27 79 18 1
27 80 14 1
27 82 64 1
27 83 43 1
27 86 9 1
27 91 52 1
27 98 48 1
28 0 13 1
28 2 45 1
28 4 7 1
28 5 59 1
28 6 24 1
28 7 59 1
28 12 16 1
28 13 34 1
28 14 35 1
28 17 44 1
28 19 61 1
28 22 35 1
28 23 34 1
28 24 56 1
28 25 38 1
28 26 50 1
28 29 60 1
28 35 61 1
28 39 58 1
28 42 54 1
28 43 40 1
28 44 20 1
28 45 48 1
28 47 53 1
28 50 12 1
28 53 19 1
28 54 13 1
28 57 12 1
28 59 52 1
28 61 1 1
28 63 20 1
28 67 2 1
28 70 6 1
28 74 4 1
28 76 13 1
28 79 21 1
28 80 53 1
28 86 16 1
28 87 22 1
28 91 28 1
28 95 49 1
28 98 1 1
29 2 3 1
29 16 29 1
29 17 10 1
29 18 32 1
29 20 26 1
29 21 46 1
29 23 63 1
29 24 36 1
29 31 15 1
29 35 30 1
29 37 18 1
29 43 3 1
29 46 10 1
29 50 31 1
29 58 33 1
29 59 5 1
29 60 50 1
29 61 6 1
29 62 21 1
29 66 11 1
29 68 50 1
29 70 61 1
29 71 42 1
29 72 40 1
29 73 58 1
29 74 47 1
29 77 32 1
29 78 32 1
29 80 31 1
29 82 41 1
29 83 45 1
29 86 37 1
29 88 16 1
29 93 54 1
29 94 63 1
29 96 6 1
30 0 11 1
30 2 20 1
30 4 4 1
30 5 55 1
30 8 7 1
30 10 20 1
30 11 17 1
30 15 4 1
30 18 4 1
30 20 44 1
30 21 2 1
30 23 47 1
30 24 14 1
30 25 25 1
30 27 1 1
30 28 53 1
30 31 31 1
30 36 27 1
30 38 48 1
30 39 24 1
30 42 6 1
30 43 48 1
30 45 11 1
30 49 27 1
30 51 39 1
30 52 24 1
30 53 43 1
30 56 49 1
30 57 61 1
30 59 57 1
30 60 38 1
30 61 20 1
30 64 34 1
30 68 17 1
30 70 34 1
30 73 32 1
30 74 33 1
30 78 16 1
30 81 32 1
30 84 51 1
30 87 64 1
30 89 12 1
30 93 49 1
30 95 41 1
30 98 46 1
31 0 17 1
31 1 50 1
31 3 52 1
31 7 55 1
31 9 35 1
31 10 50 1
31 13 43 1
31 15 31 1
31 19 27 1
31 20 38 1
31 22 42 1
31 27 49 1
31 28 29 1
31 33 37 1
31 35 14 1
31 39 40 1
31 41 15 1
31 50 1 1
31 51 23 1
31 57 63 1
31 58 42 1
31 60 40 1
31 67 3 1
31 69 16 1
31 70 33 1
31 71 36 1
31 74 8 1
31 76 13 1
31 79 26 1
31 85 61 1
31 87 29 1
31 88 18 1
31 90 15 1
31 94 62 1
31 97 28 1
31 99 39 1
32 3 60 1
32 5 53 1
32 6 17 1
32 7 2 1
32 8 10 1
32 9 29 1
32 11 53 1
32 12 53 1
32 13 36 1
32 17 41 1
32 18 57 1
32 19 54 1
32 27 55 1
32 28 22 1
32 37 2 1
32 38 19 1
32 49 22 1
32 50 41 1
32 59 64 1
32 64 24 1
32 68 46 1
32 69 50 1
32 71 28 1
32 72 26 1
32 76 64 1
32 83 52 1
32 84 15 1
32 87 55 1
32 91 19 1
32 92 3 1
32 93 53 1
32 99 11 1
33 0 27 1
33 2 5 1
33 8 36 1
33 9 40 1
33 10 57 1
33 12 34 1
33 17 46 1
33 18 26 1
33 19 64 1
33 23 25 1
33 24 21 1
33 25 33 1
33 26 20 1
33 27 24 1
33 29 5 1
33 32 62 1
33 38 49 1
33 39 32 1
33 41 19 1
33 47 4 1
33 48 10 1
33 49 33 1
33 56 7 1
33 58 60 1
33 60 41 1
33 61 44 1
33 62 62 1
33 67 43 1
33 74 12 1
33 75 29 1
33 78 20 1
33 83 17 1
33 85 50 1
33 86 28 1
33 88 9 1
33 91 64 1
33 93 26 1
33 98 10 1
33 99 60 1
34 1 7 1
34 3 39 1
34 5 54 1
34 9 21 1
34 12 21 1
34 13 12 1
34 20 46 1
34 21 54 1
34 23 61 1
34 24 57 1
34 25 38 1
34 28 54 1
34 29 42 1
34 30 22 1
34 31 46 1
34 32 10 1
34 33 1 1
34 37 7 1
34 38 27 1
34 40 12 1
34 42 53 1
34 45 2 1
34 47 46 1
34 51 12 1
34 54 55 1
34 55 64 1
34 56 28 1
34 58 29 1
34 59 59 1
34 60 6 1
34 61 58 1
34 62 41 1
34 64 62 1
34 67 60 1
34 68 63 1
34 69 44 1
34 73 34 1
34 74 55 1
34 75 60 1
34 77 6 1
34 79 47 1
34 80 33 1
34 84 45 1
34 85 27 1
34 91 61 1
34 93 46 1
34 96 52 1
35 1 9 1
35 2 25 1
35 3 37 1
35 4 54 1
35 6 61 1
35 9 14 1
35 10 11 1
35 11 56 1
35 12 44 1
35 13 18 1
35 19 35 1
35 23 30 1
35 33 59 1
35 34 39 1
35 39 49 1
35 41 32 1
35 43 38 1
35 50 6 1
35 51 43 1
35 55 35 1
35 56 18 1
35 58 59 1
35 61 24 1
35 64 9 1
35 71 8 1
35 72 38 1
35 73 45 1
35 74 22 1
35 77 56 1
35 78 47 1
35 80 49 1
35 89 42 1
35 90 21 1
35 93 5 1
36 1 13 1
36 2 49 1
36 3 5 1
36 5 36 1
36 10 14 1
36 13 64 1
36 14 17 1
36 21 40 1
36 23 2 1
36 26 7 1
36 27 9 1
36 28 23 1
36 29 55 1
36 33 2 1
36 34 28 1
36 35 46 1
36 39 20 1
36 41 56 1
36 49 27 1
36 50 1 1
36 52 49 1
36 53 44 1
36 54 6 1
36 58 6 1
36 59 37 1
36 60 22 1
36 61 28 1
36 63 39 1
36 65 14 1
36 71 59 1
36 76 9 1
36 78 35 1
36 79 53 1
36 80 59 1
36 86 32 1
36 88 54 1
36 91 27 1
36 93 15 1
36 94 62 1
36 95 23 1
36 98 5 1
37 3 51 1
37 6 26 1
37 7 37 1
37 8 49 1
37 9 26 1
37 10 17 1
37 15 23 1
37 16 11 1
37 18 15 1
37 24 27 1
37 25 38 1
37 27 25 1
37 28 12 1
37 33 41 1
37 39 54 1
37 40 17 1
37 41 34 1
37 43 26 1
37 44 1 1
37 50 37 1
37 55 43 1
37 57 50 1
37 58 63 1
37 62 13 1
37 66 29 1
37 68 4 1
37 73 53 1
37 76 15 1
37 78 48 1
37 85 15 1
37 87 17 1
37 88 25 1
37 92 50 1
37 95 30 1
37 99 54 1
38 4 37 1
38 9 1 1
38 13 25 1
38 14 17 1
38 16 27 1
38 19 15 1
38 22 22 1
38 23 29 1
38 25 49 1
38 28 49 1
38 29 50 1
38 35 36 1
38 36 12 1
38 37 51 1
38 42 62 1
38 44 33 1
38 47 61 1
38 48 6 1
38 49 10 1
38 58 55 1
38 61 7 1
38 63 24 1
38 64 25 1
38 65 2 1
38 66 11 1
38 67 15 1
38 69 56 1
38 70 35 1
38 71 12 1
38 73 14 1
38 76 33 1
38 77 23 1
38 78 58 1
38 80 43 1
38 83 22 1
38 90 7 1
38 91 43 1
38 93 36 1
38 95 12 1
38 96 21 1
38 99 27 1
39 2 37 1
39 4 58 1
39 11 18 1
39 15 32 1
39 16 28 1
39 18 26 1
39 19 27 1
39 21 2 1
39 22 42 1
39 27 5 1
39 29 51 1
39 32 4 1
39 34 34 1
39 38 10 1
39 44 49 1
39 45 56 1
39 46 30 1
39 47 17 1
39 49 14 1
39 50 51 1
39 55 39 1
39 58 31 1
39 67 43 1
39 68 5 1
39 70 50 1
39 72 19 1
39 73 63 1
39 75 33 1
39 77 61 1
39 79 9 1
39 83 11 1
39 84 13 1
39 86 32 1
39 87 15 1
39 88 59 1
39 91 57 1
39 92 39 1
39 95 28 1
39 99 31 1
40 1 23 1
40 2 23 1
40 3 39 1
40 6 43 1
40 11 4 1
40 14 40 1
40 15 27 1
40 16 30 1
40 17 31 1
40 18 16 1
40 20 54 1
40 21 49 1
40 28 31 1
40 30 32 1
40 31 34 1
40 33 35 1
40 35 33 1
40 36 54 1
40 38 27 1
40 39 37 1
40 41 37 1
40 43 26 1
40 44 8 1
40 45 39 1
40 47 43 1
40 48 15 1
40 49 24 1
40 53 1 1
40 54 33 1
40 55 9 1
40 61 54 1
40 62 1 1
40 65 57 1
40 67 22 1
40 69 52 1
40 73 54 1
40 76 38 1
40 78 36 1
40 80 31 1
40 87 26 1
40 91 11 1
40 98 27 1
41 6 54 1
41 10 2 1
41 16 41 1
41 17 17 1
41 23 52 1
41 27 9 1
41 28 24 1
41 29 4 1
41 30 54 1
41 39 41 1
41 44 38 1
41 48 43 1
41 50 45 1
41 62 46 1
41 68 53 1
41 69 29 1
41 78 10 1
41 80 49 1
41 81 21 1
41 82 37 1
41 83 25 1
41 84 10 1
41 85 47 1
41 87 42 1
41 99 38 1
42 1 53 1
42 2 3 1
42 8 5 1
42 13 42 1
42 14 30 1
42 15 2 1
42 16 24 1
42 17 15 1
42 18 23 1
42 20 7 1
42 21 26 1
42 31 29 1
42 32 31 1
42 33 30 1
42 35 23 1
42 36 36 1
42 39 41 1
42 44 61 1
42 47 60 1
42 48 5 1
42 51 62 1
42 52 8 1
42 54 22 1
42 57 49 1
42 59 15 1
42 61 30 1
42 62 28 1
42 70 58 1
42 72 29 1
42 73 13 1
42 76 21 1
42 77 57 1
42 78 8 1
42 79 11 1
42 85 38 1
42 91 39 1
42 92 16 1
42 98 8 1
43 0 37 1
43 1 1 1
43 2 63 1
43 6 51 1
43 9 57 1
43 10 56 1
43 13 5 1
43 14 27 1
43 17 32 1
43 31 53 1
43 33 53 1
43 39 15 1
43 42 52 1
43 50 27 1
43 57 32 1
43 58 38 1
43 60 24 1
43 62 8 1
43 63 61 1
43 65 4 1
43 69 51 1
43 71 48 1
43 72 37 1
43 78 3 1
43 79 46 1
43 85 7 1
43 86 14 1
43 92 60 1
43 93 14 1
43 96 45 1
44 3 34 1
44 6 54 1
44 8 31 1
44 9 40 1
44 13 42 1
44 18 36 1
44 19 50 1
44 27 15 1
44 29 53 1
44 30 2 1
44 31 35 1
44 33 38 1
44 34 19 1
44 45 19 1
44 48 37 1
44 58 33 1
44 59 35 1
44 60 24 1
44 61 19 1
44 62 25 1
44 63 42 1
44 65 16 1
44 68 62 1
44 69 21 1
44 72 32 1
44 76 1 1
44 77 4 1
44 78 49 1
44 82 62 1
44 92 35 1
44 93 15 1
44 94 49 1
44 95 47 1
44 98 33 1
44 99 43 1
45 1 46 1
45 2 35 1
45 3 21 1
45 4 14 1
45 7 15 1
45 9 18 1
45 11 61 1
45 12 37 1
45 14 27 1
45 15 37 1
45 18 21 1
45 19 38 1
45 22 30 1
45 23 15 1
45 25 26 1
45 26 24 1
45 27 60 1
45 29 17 1
45 31 21 1
45 33 42 1
45 35 8 1
45 36 44 1
45 37 42 1
45 41 17 1
45 43 26 1
45 46 13 1
45 47 52 1
45 51 37 1
45 52 64 1
45 56 58 1
45 61 10 1
45 62 13 1
45 64 7 1
45 66 27 1
45 68 28 1
45 72 32 1
45 79 5 1
45 85 63 1
45 86 37 1
45 98 39 1
45 99 26 1
46 1 15 1
46 3 21 1
46 4 6 1
46 5 54 1
46 8 35 1
46 9 23 1
46 10 55 1
46 13 22 1
46 21 11 1
46 23 22 1
46 24 10 1
46 28 43 1
46 30 43 1
46 33 17 1
46 34 62 1
46 35 49 1
46 36 32 1
46 37 42 1
46 38 45 1
46 40 12 1
46 41 50 1
46 44 43 1
46 52 16 1
46 53 2 1
46 54 61 1
46 58 20 1
46 59 36 1
46 62 51 1
46 64 10 1
46 67 12 1
46 72 50 1
46 79 34 1
46 82 55 1
46 83 54 1
46 84 5 1
46 88 64 1
46 90 35 1
46 91 58 1
46 94 51 1
46 95 54 1
46 99 50 1
47 0 51 1
47 2 58 1
47 6 6 1
47 9 56 1
47 11 14 1
47 12 58 1
47 14 15 1
47 15 19 1
47 20 57 1
47 22 48 1
47 23 8 1
47 30 9 1
47 31 7 1
47 32 64 1
47 35 38 1
47 37 29 1
47 41 16 1
47 43 36 1
47 44 44 1
47 59 43 1
47 60 25 1
47 66 48 1
47 67 11 1
47 72 21 1
47 73 49 1
47 78 39 1
47 79 40 1
47 83 55 1
47 87 9 1
47 88 2 1
47 89 54 1
47 94 17 1
47 95 38 1
47 96 19 1
47 99 37 1
48 3 42 1
48 7 30 1
48 9 26 1
48 10 26 1
48 11 12 1
48 12 22 1
48 14 51 1
48 18 21 1
48 19 25 1
48 22 18 1
48 23 46 1
48 27 31 1
48 28 45 1
48 29 40 1
48 31 54 1
48 32 9 1
48 34 12 1
48 35 44 1
48 36 31 1
48 37 62 1
48 39 8 1
48 43 43 1
48 54 14 1
48 57 37 1
48 58 29 1
48 59 19 1
48 64 26 1
48 65 54 1
48 67 36 1
48 68 23 1
48 69 42 1
48 70 28 1
48 71 34 1
48 72 21 1
48 73 15 1
48 74 7 1
48 77 34 1
48 79 9 1
48 80 32 1
48 82 1 1
48 83 32 1
48 85 37 1
48 86 13 1
48 90 64 1
48 93 7 1
48 96 13 1
48 99 5 1
49 1 39 1
49 3 34 1
49 12 30 1
49 17 7 1
49 19 46 1
49 23 13 1
49 24 6 1
49 25 41 1
49 29 58 1
49 31 36 1
49 34 46 1
49 44 17 1
49 45 32 1
49 46 42 1
49 47 59 1
49 56 38 1
49 58 5 1
49 61 56 1
49 62 34 1
49 63 44 1
49 64 35 1
49 65 21 1
49 67 14 1
49 68 61 1
49 69 14 1
49 73 4 1
49 76 7 1
49 78 21 1
49 80 17 1
49 82 8 1
49 89 47 1
49 93 41 1
49 94 53 1
49 97 30 1
49 98 6 1
50 0 8 1
50 1 53 1
50 2 51 1
50 3 23 1
50 9 53 1
50 11 18 1
50 14 60 1
50 18 4 1
50 19 16 1
50 25 63 1
50 30 6 1
50 33 63 1
50 34 29 1
50 38 31 1
50 40 34 1
50 42 27 1
50 45 55 1
50 46 43 1
50 47 10 1
50 48 13 1
50 49 48 1
50 51 21 1
50 52 41 1
50 53 62 1
50 55 63 1
50 56 42 1
50 58 53 1
50 59 58 1
50 64 21 1
50 78 28 1
50 79 35 1
50 80 19 1
50 82 55 1
50 85 47 1
50 86 48 1
50 87 24 1
50 88 7 1
50 89 30 1
50 90 25 1
50 91 51 1
50 94 20 1
50 96 39 1
50 98 47 1
51 2 12 1
51 5 10 1
51 11 53 1
51 12 3 1
51 14 35 1
51 15 13 1
51 19 54 1
51 22 43 1
51 23 24 1
51 28 21 1
51 32 44 1
51 33 27 1
51 37 54 1
51 40 12 1
51 43 39 1
51 47 55 1
51 48 26 1
51 49 13 1
51 52 39 1
51 57 19 1
51 59 57 1
51 60 8 1
51 61 47 1
51 65 56 1
51 66 59 1
51 69 45 1
51 74 11 1
51 75 28 1
51 78 53 1
51 80 55 1
51 87 40 1
51 88 51 1
51 92 23 1
51 97 14 1
52 1 22 1
52 3 51 1
52 4 28 1
52 8 25 1
52 9 52 1
52 13 3 1
52 17 5 1
52 22 38 1
52 29 41 1
52 31 2 1
52 34 59 1
52 35 29 1
52 37 33 1
52 38 38 1
52 39 19 1
52 40 52 1
52 43 11 1
52 44 42 1
52 47 38 1
52 48 12 1
52 56 4 1
52 58 43 1
52 60 63 1
52 61 25 1
52 67 8 1
52 71 23 1
52 73 35 1
52 74 25 1
52 78 25 1
52 79 8 1
52 80 61 1
52 83 3 1
52 88 30 1
52 90 44 1
52 94 37 1
52 95 21 1
52 96 55 1
52 98 56 1
53 1 13 1
53 2 47 1
53 6 42 1
53 8 45 1
53 9 56 1
53 16 25 1
53 17 64 1
53 19 30 1
53 26 39 1
53 29 32 1
53 44 49 1
53 45 39 1
53 48 16 1
53 59 61 1
53 67 7 1
53 68 23 1
53 70 36 1
53 75 35 1
53 76 26 1
53 77 26 1
53 78 1 1
53 79 10 1
53 81 44 1
53 82 43 1
53 87 52 1
53 91 26 1
53 97 14 1
54 3 52 1
54 5 46 1
54 7 33 1
54 8 10 1
54 9 16 1
54 10 63 1
54 12 22 1
54 13 51 1
54 18 37 1
54 19 14 1
54 20 42 1
54 22 26 1
54 25 40 1
54 27 17 1
54 29 13 1
54 30 28 1
54 31 13 1
54 32 10 1
54 35 25 1
54 38 2 1
54 43 63 1
54 45 29 1
54 47 21 1
54 49 1 1
54 51 16 1
54 52 27 1
54 53 12 1
54 58 20 1
54 61 17 1
54 69 14 1
54 73 20 1
54 74 54 1
54 75 41 1
54 76 25 1
54 78 37 1
54 81 32 1
54 82 4 1
54 83 7 1
54 84 48 1
54 87 28 1
54 88 20 1
54 90 63 1
54 92 62 1
54 98 30 1
54 99 55 1
55 0 10 1
55 2 15 1
55 5 22 1
55 11 38 1
55 15 49 1
55 18 13 1
55 20 30 1
55 22 59 1
55 25 35 1
55 28 8 1
55 29 41 1
55 30 51 1
55 31 50 1
55 32 35 1
55 33 63 1
55 36 44 1
55 41 1 1
55 42 60 1
55 43 43 1
55 44 12 1
55 45 44 1
55 47 3 1
55 49 11 1
55 51 39 1
55 56 2 1
55 60 39 1
55 61 10 1
55 64 2 1
55 65 28 1
55 73 39 1
55 84 24 1
55 86 47 1
55 87 34 1
55 88 32 1
55 91 52 1
55 92 36 1
55 93 36 1
55 98 53 1
56 0 42 1
56 1 37 1
56 4 12 1
56 6 19 1
56 8 53 1
56 10 8 1
56 11 59 1
56 15 52 1
56 16 25 1
56 17 55 1
56 19 16 1
56 22 1 1
56 24 18 1
56 27 41 1
56 28 19 1
56 29 34 1
56 31 10 1
56 32 23 1
56 36 28 1
56 37 46 1
56 38 1 1
56 39 21 1
56 44 17 1
56 46 60 1
56 47 58 1
56 48 60 1
56 51 39 1
56 53 57 1
56 54 33 1
56 58 10 1
56 59 15 1
56 64 36 1
56 68 44 1
56 69 21 1
56 71 58 1
56 72 10 1
56 77 15 1
56 79 45 1
56 80 44 1
56 83 58 1
56 84 33 1
56 85 27 1
56 87 49 1
56 91 18 1
56 93 57 1
56 94 9 1
56 96 47 1
56 98 57 1
56 99 33 1
57 0 10 1
57 1 9 1
57 10 14 1
57 11 57 1
57 15 43 1
57 20 52 1
57 29 22 1
57 32 62 1
57 33 62 1
57 39 27 1
57 40 60 1
57 47 4 1
57 50 39 1
57 60 2 1
57 62 1 1
57 65 64 1
57 68 46 1
57 69 19 1
57 71 13 1
57 73 12 1
57 75 57 1
57 81 23 1
57 88 61 1
57 91 23 1
57 95 30 1
57 96 22 1
57 97 18 1
57 99 59 1
58 7 51 1
58 10 58 1
58 12 60 1
58 17 6 1
58 18 27 1
58 21 6 1
58 22 51 1
58 24 18 1
58 28 1 1
58 30 50 1
58 32 22 1
58 40 20 1
58 42 2 1
58 45 63 1
58 47 48 1
58 51 47 1
58 55 33 1
58 57 30 1
58 61 55 1
58 62 19 1
58 63 62 1
58 69 16 1
58 71 32 1
58 72 37 1
58 76 47 1
58 83 30 1
58 84 43 1
58 88 44 1
58 91 35 1
58 92 52 1
58 93 27 1
58 95 64 1
58 96 4 1
58 97 56 1
58 98 8 1
58 99 24 1
59 2 50 1
59 5 46 1
59 6 24 1
59 11 13 1
59 14 44 1
59 16 62 1
59 21 59 1
59 22 30 1
59 24 7 1
59 27 40 1
59 33 6 1
59 35 31 1
59 37 17 1
59 38 10 1
59 39 42 1
59 40 27 1
59 41 39 1
59 43 22 1
59 49 33 1
59 55 53 1
59 57 53 1
59 58 42 1
59 60 51 1
59 61 8 1
59 62 63 1
59 65 40 1
59 66 18 1
59 67 62 1
59 68 11 1
59 69 56 1
59 71 45 1
59 74 44 1
59 77 59 1
59 79 27 1
59 80 59 1
59 82 26 1
59 89 29 1
59 90 28 1
59 91 17 1
59 93 3 1
59 94 30 1
59 95 37 1
59 98 58 1
59 99 10 1
60 0 45 1
60 1 2 1
60 3 9 1
60 9 50 1
60 10 30 1
60 12 35 1
60 13 2 1
60 14 22 1
60 15 44 1
60 16 60 1
60 20 54 1
60 23 39 1
60 24 23 1
60 27 36 1
60 28 1 1
60 32 21 1
60 37 2 1
60 38 40 1
60 41 63 1
60 42 40 1
60 46 41 1
60 49 29 1
60 50 37 1
60 54 48 1
60 56 55 1
60 58 49 1
60 61 31 1
60 62 12 1
60 63 13 1
60 64 60 1
60 65 57 1
60 68 6 1
60 70 2 1
60 72 44 1
60 75 38 1
60 77 52 1
60 78 58 1
60 81 9 1
60 83 22 1
60 88 60 1
60 89 6 1
60 90 9 1
60 92 8 1
61 1 56 1
61 2 16 1
61 4 50 1
61 10 20 1
61 13 59 1
61 20 16 1
61 21 50 1
61 31 60 1
61 32 44 1
61 37 10 1
61 39 60 1
61 41 62 1
61 43 1 1
61 46 58 1
61 50 45 1
61 57 57 1
61 69 14 1
61 70 9 1
61 74 44 1
61 75 25 1
61 77 52 1
61 82 4 1
61 83 4 1
61 84 39 1
61 86 52 1
61 92 11 1
61 93 59 1
61 97 50 1
61 98 50 1
61 99 63 1
62 0 41 1
62 1 63 1
62 2 27 1
62 3 19 1
62 4 62 1
62 5 18 1
62 6 45 1
62 7 25 1
62 9 50 1
62 16 63 1
62 17 14 1
62 18 49 1
62 21 11 1
62 23 49 1
62 26 48 1
62 28 59 1
62 30 63 1
62 31 16 1
62 32 49 1
62 35 4 1
62 36 8 1
62 38 40 1
62 39 2 1
62 47 34 1
62 48 21 1
62 50 61 1
62 53 62 1
62 54 16 1
62 55 35 1
62 56 25 1
62 63 26 1
62 65 19 1
62 66 19 1
62 72 21 1
62 73 32 1
62 78 31 1
62 79 58 1
62 80 53 1
62 81 63 1
62 89 35 1
62 90 52 1
62 92 1 1
62 94 35 1
62 98 36 1
62 99 11 1
63 2 41 1
63 7 35 1
63 8 35 1
63 10 27 1
63 12 32 1
63 14 54 1
63 16 63 1
63 18 30 1
63 19 3 1
63 23 61 1
63 26 54 1
63 30 2 1
63 31 50 1
63 33 38 1
63 35 43 1
63 37 24 1
63 39 59 1
63 40 1 1
63 42 17 1
63 45 45 1
63 47 20 1
63 51 35 1
63 52 35 1
63 53 12 1
63 55 8 1
63 56 45 1
63 57 12 1
63 59 8 1
63 61 53 1
63 65 26 1
63 70 38 1
63 71 33 1
63 72 15 1
63 74 26 1
63 75 16 1
63 76 14 1
63 78 37 1
63 79 29 1
63 81 55 1
63 83 43 1
63 84 1 1
63 86 46 1
63 93 64 1
63 94 33 1
64 1 6 1
64 2 50 1
64 3 52 1
64 6 13 1
64 8 3 1
64 14 8 1
64 19 61 1
64 20 37 1
64 28 26 1
64 29 48 1
64 33 57 1
64 37 15 1
64 39 27 1
64 40 13 1
64 42 7 1
64 47 36 1
64 51 35 1
64 52 41 1
64 54 12 1
64 57 23 1
64 59 38 1
64 62 33 1
64 63 52 1
64 66 37 1
64 69 35 1
64 70 13 1
64 71 32 1
64 72 42 1
64 75 46 1
64 77 17 1
64 79 45 1
64 80 34 1
64 91 26 1
64 94 4 1
64 97 20 1
64 98 41 1
65 0 53 1
65 3 19 1
65 6 57 1
65 10 36 1
65 12 41 1
65 16 61 1
65 17 31 1
65 18 31 1
65 19 7 1
65 21 61 1
65 23 51 1
65 24 19 1
65 27 35 1
65 28 3 1
65 29 30 1
65 30 50 1
65 31 47 1
65 32 7 1
65 33 19 1
65 34 36 1
65 35 64 1
65 37 24 1
65 39 40 1
65 41 35 1
65 42 16 1
65 45 15 1
65 47 55 1
65 52 13 1
65 53 43 1
65 58 37 1
65 61 51 1
65 64 23 1
65 66 27 1
65 69 18 1
65 72 8 1
65 74 8 1
65 76 5 1
65 77 41 1
65 81 11 1
65 82 61 1
65 84 58 1
65 86 54 1
65 87 63 1
65 88 56 1
65 91 29 1
65 92 39 1
65 93 17 1
65 97 20 1
65 99 30 1
66 1 48 1
66 2 4 1
66 9 6 1
66 11 41 1
66 14 7 1
66 15 22 1
66 16 24 1
66 23 9 1
66 25 17 1
66 28 13 1
66 30 5 1
66 31 33 1
66 32 16 1
66 33 51 1
66 34 59 1
66 35 5 1
66 39 19 1
66 40 29 1
66 42 52 1
66 48 35 1
66 49 29 1
66 52 14 1
66 54 58 1
66 55 34 1
66 56 27 1
66 57 26 1
66 58 31 1
66 61 30 1
66 63 55 1
66 67 10 1
66 68 46 1
66 69 33 1
66 71 47 1
66 75 11 1
66 78 28 1
66 83 13 1
66 86 54 1
66 87 48 1
66 88 62 1
66 89 60 1
66 92 34 1
66 96 16 1
66 97 40 1
66 99 41 1
67 0 26 1
67 10 64 1
67 13 40 1
67 15 20 1
67 18 39 1
67 19 56 1
67 21 43 1
67 22 46 1
67 23 40 1
67 25 3 1
67 26 60 1
67 27 22 1
67 29 42 1
67 30 55 1
67 32 34 1
67 35 62 1
67 36 39 1
67 37 49 1
67 41 8 1
67 42 54 1
67 45 49 1
67 50 1 1
67 51 39 1
67 54 38 1
67 55 8 1
67 57 53 1
67 60 61 1
67 61 8 1
67 62 29 1
67 63 27 1
67 65 52 1
67 73 34 1
67 74 33 1
67 75 42 1
67 76 46 1
67 79 30 1
67 80 24 1
67 82 22 1
67 83 61 1
67 85 18 1
67 91 63 1
67 97 14 1
67 98 9 1
67 99 30 1
68 6 44 1
68 7 34 1
68 11 20 1
68 13 18 1
68 14 49 1
68 15 26 1
68 18 17 1
68 22 18 1
68 23 60 1
68 28 9 1
68 31 23 1
68 33 11 1
68 40 36 1
68 42 37 1
68 43 15 1
68 46 16 1
68 47 49 1
68 52 34 1
68 54 5 1
68 58 23 1
68 62 16 1
68 64 20 1
68 65 50 1
68 67 21 1
68 70 44 1
68 72 51 1
68 75 10 1
68 80 30 1
68 82 61 1
68 85 49 1
68 87 39 1
68 88 2 1
68 89 6 1
68 93 33 1
68 95 9 1
68 99 46 1
69 2 37 1
69 6 57 1
69 7 2 1
69 11 21 1
69 13 60 1
69 15 23 1
69 16 13 1
69 19 31 1
69 20 63 1
69 21 27 1
69 22 37 1
69 28 27 1
69 30 44 1
69 33 26 1
69 37 26 1
69 42 14 1
69 45 52 1
69 50 50 1
69 52 33 1
69 55 8 1
69 60 58 1
69 63 19 1
69 67 10 1
69 68 53 1
69 71 59 1
69 74 44 1
69 76 15 1
69 77 46 1
69 79 13 1
69 87 40 1
69 88 34 1
69 91 64 1
69 93 4 1
69 95 34 1
69 98 22 1
69 99 19 1
70 0 28 1
70 3 10 1
70 7 49 1
70 12 4 1
70 25 1 1
70 26 56 1
70 27 31 1
70 32 55 1
70 33 33 1
70 35 54 1
70 36 49 1
70 40 34 1
70 44 26 1
70 45 20 1
70 46 34 1
70 47 51 1
70 49 14 1
70 50 38 1
70 51 44 1
70 52 13 1
70 54 57 1
70 55 44 1
70 58 41 1
70 59 36 1
70 65 46 1
70 69 26 1
70 71 51 1
70 72 45 1
70 73 37 1
70 76 39 1
70 81 7 1
70 83 40 1
70 85 55 1
70 90 14 1
70 94 20 1
70 95 40 1
70 97 47 1
70 99 23 1
71 0 17 1
71 1 57 1
71 4 24 1
71 6 48 1
71 11 47 1
71 15 48 1
71 16 3 1
71 18 1 1
71 20 42 1
71 23 28 1
71 25 31 1
71 26 53 1
71 28 4 1
71 33 63 1
71 34 18 1
71 37 15 1
71 40 29 1
71 41 61 1
71 42 40 1
71 44 31 1
71 45 52 1
71 46 8 1
71 47 53 1
71 49 52 1
71 50 41 1
71 51 27 1
71 55 17 1
71 60 26 1
71 61 44 1
71 62 24 1
71 65 43 1
71 67 27 1
71 68 30 1
71 72 2 1
71 74 11 1
71 75 38 1
71 80 29 1
71 82 18 1
71 90 42 1
71 95 44 1
71 97 18 1
71 99 61 1
72 0 20 1
72 5 36 1
72 6 9 1
72 8 39 1
72 12 3 1
72 13 50 1
72 16 50 1
72 21 57 1
72 22 21 1
72 28 8 1
72 31 63 1
72 33 22 1
72 34 64 1
72 40 13 1
72 50 7 1
72 51 29 1
72 52 38 1
72 53 48 1
72 54 23 1
72 61 44 1
72 66 4 1
72 67 5 1
72 69 29 1
72 75 29 1
72 76 57 1
72 77 5 1
72 79 45 1
72 83 45 1
72 84 18 1
72 85 39 1
72 88 6 1
72 89 9 1
72 92 19 1
72 93 59 1
72 94 36 1
72 96 21 1
72 98 4 1
72 99 22 1
73 2 63 1
73 5 40 1
73 6 2 1
73 10 59 1
73 12 38 1
73 14 34 1
73 16 8 1
73 17 10 1
73 21 28 1
73 22 4 1
73 25 5 1
73 28 57 1
73 31 44 1
73 32 58 1
73 33 19 1
73 45 31 1
73 50 21 1
73 51 40 1
73 56 6 1
73 58 3 1
73 59 24 1
73 61 11 1
73 63 43 1
73 64 56 1
73 65 61 1
73 66 53 1
73 68 47 1
73 69 11 1
73 71 8 1
73 72 13 1
73 78 43 1
73 79 11 1
73 84 39 1
73 92 20 1
73 96 23 1
73 98 64 1
74 0 17 1
74 6 33 1
74 10 55 1
74 11 52 1
74 16 16 1
74 18 44 1
74 25 61 1
74 32 39 1
74 37 39 1
74 39 39 1
74 40 40 1
74 42 51 1
74 43 60 1
74 45 11 1
74 47 45 1
74 49 43 1
74 55 3 1
74 56 10 1
74 58 3 1
74 60 50 1
74 64 10 1
74 66 24 1
74 70 21 1
74 72 25 1
74 73 37 1
74 75 20 1
74 77 35 1
74 87 56 1
74 93 47 1
74 94 8 1
74 97 16 1
75 2 12 1
75 5 51 1
75 6 39 1
75 10 19 1
75 11 36 1
75 17 18 1
75 18 19 1
75 21 27 1
75 25 52 1
75 26 29 1
75 28 52 1
75 29 14 1
75 31 25 1
75 35 25 1
75 36 7 1
75 37 62 1
75 38 53 1
75 40 61 1
75 41 18 1
75 42 11 1
75 45 34 1
75 46 49 1
75 47 24 1
75 48 18 1
75 58 34 1
75 62 37 1
75 65 21 1
75 69 54 1
75 70 41 1
75 73 23 1
75 78 32 1
75 81 7 1
75 82 39 1
75 83 7 1
75 86 38 1
75 92 10 1
75 95 59 1
75 96 58 1
75 99 22 1
76 2 52 1
76 4 33 1
76 5 63 1
76 8 47 1
76 10 17 1
76 12 6 1
76 13 35 1
76 16 13 1
76 17 49 1
76 18 55 1
76 19 4 1
76 20 42 1
76 21 39 1
76 22 16 1
76 23 23 1
76 24 42 1
76 26 43 1
76 30 35 1
76 34 55 1
76 35 15 1
76 39 33 1
76 45 44 1
76 46 12 1
76 47 45 1
76 48 10 1
76 50 33 1
76 52 39 1
76 55 12 1
76 59 16 1
76 60 40 1
76 62 58 1
76 64 52 1
76 68 3 1
76 75 18 1
76 78 50 1
76 79 38 1
76 82 39 1
76 84 2 1
76 85 61 1
76 86 42 1
76 90 5 1
76 96 28 1
76 97 36 1
76 99 11 1
77 1 18 1
77 2 7 1
77 3 60 1
77 6 28 1
77 8 60 1
77 9 63 1
77 17 45 1
77 23 17 1
77 27 56 1
77 28 12 1
77 30 40 1
77 31 36 1
77 32 4 1
77 33 19 1
77 37 41 1
77 40 30 1
77 43 4 1
77 46 59 1
77 50 35 1
77 51 38 1
77 54 21 1
77 55 51 1
77 57 50 1
77 58 51 1
77 62 20 1
77 63 22 1
77 68 61 1
77 71 61 1
77 73 48 1
77 75 45 1
77 76 28 1
77 79 18 1
77 80 17 1
77 81 52 1
77 83 9 1
77 86 58 1
77 89 51 1
77 91 41 1
77 93 45 1
77 94 19 1
77 97 35 1
78 2 6 1
78 3 4 1
78 7 36 1
78 14 56 1
78 16 48 1
78 17 20 1
78 18 46 1
78 19 48 1
78 20 11 1
78 23 57 1
78 25 3 1
78 26 8 1
78 27 47 1
78 31 11 1
78 32 14 1
78 34 50 1
78 45 28 1
78 46 3 1
78 48 7 1
78 57 35 1
78 58 51 1
78 61 25 1
78 64 59 1
78 65 52 1
78 67 21 1
78 68 38 1
78 70 53 1
78 72 16 1
78 74 38 1
78 77 43 1
78 84 11 1
78 89 31 1
78 90 35 1
78 91 16 1
78 93 4 1
78 97 8 1
79 0 46 1
79 3 30 1
79 6 35 1
79 9 15 1
79 15 42 1
79 16 23 1
79 17 54 1
79 20 18 1
79 21 56 1
79 25 29 1
79 26 61 1
79 32 57 1
79 33 20 1
79 35 32 1
79 37 64 1
79 38 22 1
79 44 26 1
79 55 64 1
79 57 43 1
79 58 41 1
79 60 51 1
79 65 44 1
79 66 37 1
79 68 57 1
79 70 28 1
79 74 54 1
79 75 41 1
79 78 22 1
79 80 24 1
79 81 11 1
79 83 56 1
79 85 10 1
79 86 49 1
79 89 1 1
79 91 9 1
79 92 44 1
79 95 43 1
79 97 32 1
79 99 7 1
80 0 37 1
80 1 30 1
80 3 48 1
80 5 4 1
80 7 32 1
80 8 15 1
80 12 15 1
80 15 3 1
80 21 43 1
80 24 50 1
80 25 8 1
80 26 15 1
80 30 33 1
80 31 48 1
80 33 28 1
80 37 21 1
80 39 35 1
80 43 47 1
80 44 26 1
80 45 12 1
80 46 9 1
80 47 49 1
80 54 63 1
80 55 3 1
80 57 57 1
80 58 21 1
80 60 27 1
80 61 54 1
80 63 7 1
80 66 57 1
80 69 7 1
80 70 45 1
80 72 22 1
80 74 53 1
80 75 28 1
80 76 53 1
80 82 10 1
80 85 42 1
80 86 59 1
80 88 9 1
80 90 32 1
80 96 57 1
80 97 33 1
80 98 4 1
80 99 60 1
81 0 38 1
81 1 45 1
81 7 36 1
81 11 3 1
81 17 48 1
81 18 9 1
81 20 25 1
81 22 63 1
81 23 25 1
81 24 15 1
81 25 53 1
81 26 37 1
81 27 1 1
81 28 30 1
81 29 1 1
81 33 22 1
81 36 55 1
81 37 31 1
81 39 56 1
81 40 25 1
81 45 15 1
81 50 61 1
81 56 63 1
81 59 9 1
81 67 17 1
81 68 25 1
81 71 50 1
81 72 12 1
81 78 51 1
81 80 50 1
81 83 23 1
81 84 22 1
81 86 19 1
81 94 39 1
81 95 47 1
81 96 18 1
81 97 33 1
81 99 25 1
82 0 25 1
82 1 21 1
82 2 41 1
82 4 25 1
82 7 3 1
82 8 64 1
82 9 2 1
82 14 21 1
82 16 64 1
82 17 11 1
82 19 59 1
82 22 61 1
82 23 5 1
82 25 19 1
82 33 61 1
82 35 58 1
82 36 33 1
82 37 40 1
82 40 30 1
82 45 10 1
82 60 32 1
82 62 51 1
82 63 23 1
82 70 30 1
82 72 17 1
82 81 15 1
82 83 19 1
82 84 12 1
82 85 19 1
82 86 38 1
82 91 61 1
82 93 23 1
82 94 42 1
82 99 13 1
83 1 5 1
83 3 35 1
83 5 38 1
83 8 55 1
83 11 7 1
83 12 52 1
83 14 34 1
83 16 48 1
83 17 14 1
83 20 50 1
83 24 3 1
83 28 51 1
83 30 46 1
83 31 25 1
83 34 22 1
83 35 10 1
83 37 1 1
83 42 28 1
83 43 30 1
83 44 34 1
83 45 12 1
83 49 32 1
83 50 16 1
83 53 52 1
83 55 50 1
83 64 25 1
83 65 57 1
83 68 17 1
83 69 28 1
83 74 28 1
83 78 60 1
83 80 55 1
83 91 21 1
83 92 32 1
83 97 12 1
84 5 24 1
84 7 34 1
84 8 56 1
84 13 17 1
84 14 16 1
84 16 4 1
84 17 8 1
84 18 11 1
84 22 28 1
84 25 15 1
84 28 36 1
84 29 41 1
84 31 26 1
84 33 54 1
84 35 8 1
84 36 30 1
84 38 38 1
84 42 49 1
84 44 52 1
84 45 51 1
84 47 47 1
84 48 6 1
84 49 13 1
84 51 50 1
84 52 26 1
84 59 32 1
84 60 1 1
84 64 36 1
84 66 40 1
84 68 61 1
84 74 56 1
84 83 29 1
84 86 11 1
84 88 23 1
84 89 27 1
84 91 35 1
85 1 53 1
85 10 33 1
85 12 26 1
85 15 6 1
85 16 40 1
85 17 6 1
85 19 35 1
85 22 3 1
85 23 10 1
85 27 17 1
85 28 14 1
85 29 1 1
85 32 8 1
85 35 58 1
85 36 18 1
85 38 28 1
85 39 12 1
85 40 29 1
85 44 5 1
85 46 44 1
85 47 62 1
85 49 53 1
85 52 28 1
85 54 61 1
85 55 4 1
85 57 54 1
85 58 46 1
85 59 9 1
85 63 30 1
85 65 2 1
85 66 18 1
85 69 37 1
85 73 48 1
85 74 11 1
85 75 52 1
85 81 33 1
85 83 47 1
85 86 57 1
85 88 27 1
85 93 25 1
85 98 33 1
86 2 22 1
86 4 30 1
86 7 50 1
86 9 29 1
86 10 25 1
86 12 52 1
86 13 53 1
86 15 7 1
86 16 57 1
86 17 42 1
86 19 39 1
86 20 7 1
86 21 32 1
86 30 9 1
86 32 21 1
86 35 11 1
86 37 42 1
86 38 11 1
86 40 48 1
86 41 24 1
86 44 13 1
86 46 37 1
86 47 38 1
86 49 52 1
86 51 21 1
86 52 9 1
86 54 21 1
86 56 38 1
86 58 35 1
86 59 40 1
86 60 35 1
86 62 24 1
86 64 33 1
86 67 13 1
86 68 15 1
86 70 43 1
86 71 61 1
86 72 52 1
86 74 15 1
86 78 53 1
86 83 32 1
86 89 43 1
86 90 10 1
86 91 50 1
86 95 28 1
86 96 13 1
86 98 45 1
87 0 11 1
87 4 39 1
87 7 32 1
87 8 14 1
87 11 39 1
87 12 44 1
87 13 9 1
87 15 37 1
87 16 1 1
87 18 14 1
87 20 54 1
87 21 63 1
87 23 12 1
87 26 60 1
87 27 34 1
87 33 35 1
87 34 11 1
87 36 35 1
87 38 28 1
87 42 35 1
87 43 20 1
87 44 23 1
87 45 49 1
87 46 15 1
87 48 48 1
87 49 53 1
87 52 8 1
87 59 63 1
87 61 29 1
87 62 13 1
87 63 1 1
87 64 14 1
87 67 13 1
87 71 32 1
87 72 23 1
87 76 63 1
87 78 21 1
87 81 54 1
87 83 23 1
87 85 60 1
87 91 29 1
87 92 41 1
87 93 22 1
87 96 63 1
88 0 35 1
88 1 50 1
88 2 18 1
88 5 59 1
88 7 53 1
88 8 38 1
88 9 18 1
88 16 50 1
88 17 28 1
88 18 61 1
88 19 14 1
88 23 40 1
88 27 29 1
88 30 39 1
88 32 46 1
88 34 30 1
88 38 20 1
88 40 59 1
88 41 14 1
88 43 34 1
88 45 35 1
88 48 62 1
88 53 13 1
88 56 21 1
88 61 16 1
88 62 7 1
88 63 12 1
88 64 42 1
88 67 34 1
88 71 49 1
88 73 37 1
88 75 55 1
88 76 4 1
88 77 46 1
88 78 56 1
88 79 29 1
88 81 1 1
88 83 41 1
88 86 35 1
88 87 17 1
88 89 53 1
88 92 12 1
88 93 53 1
88 94 41 1
88 96 63 1
88 98 49 1
89 2 37 1
89 4 48 1
89 5 32 1
89 9 36 1
89 11 63 1
89 12 42 1
89 13 57 1
89 14 64 1
89 21 9 1
89 22 50 1
89 23 8 1
89 25 48 1
89 28 24 1
89 29 36 1
89 31 21 1
89 32 17 1
89 33 50 1
89 34 11 1
89 38 50 1
89 42 40 1
89 45 30 1
89 48 56 1
89 51 40 1
89 52 9 1
89 54 37 1
89 56 17 1
89 57 34 1
89 61 42 1
89 70 55 1
89 71 24 1
89 73 26 1
89 74 32 1
89 83 6 1
89 85 58 1
89 91 45 1
89 94 26 1
89 97 26 1
89 99 58 1
90 0 62 1
90 2 46 1
90 3 54 1
90 9 4 1
90 10 15 1
90 11 63 1
90 17 5 1
90 19 60 1
90 20 18 1
90 23 35 1
90 29 38 1
90 30 57 1
90 33 14 1
90 39 23 1
90 40 2 1
90 41 10 1
90 53 30 1
90 56 55 1
90 61 27 1
90 63 56 1
90 65 40 1
90 67 16 1
90 68 49 1
90 69 30 1
90 72 32 1
90 75 55 1
90 77 13 1
90 79 29 1
90 81 63 1
90 82 49 1
90 84 16 1
90 85 13 1
90 87 29 1
90 88 25 1
90 91 51 1
90 92 63 1
90 93 28 1
90 94 11 1
90 95 35 1
90 96 18 1
91 2 6 1
91 3 29 1
91 5 20 1
91 6 62 1
91 7 16 1
91 9 31 1
91 12 9 1
91 13 48 1
91 14 17 1
91 15 8 1
91 16 11 1
91 22 13 1
91 23 11 1
91 30 33 1
91 31 7 1
91 35 3 1
91 37 60 1
91 41 25 1
91 43 47 1
91 45 2 1
91 47 54 1
91 49 64 1
91 51 59 1
91 52 32 1
91 54 60 1
91 60 43 1
91 61 54 1
91 62 49 1
91 63 8 1
91 70 32 1
91 73 12 1
91 74 24 1
91 85 60 1
91 88 62 1
91 92 33 1
91 95 13 1
91 97 22 1
92 0 27 1
92 6 3 1
92 7 22 1
92 11 59 1
92 13 6 1
92 18 38 1
92 25 48 1
92 28 37 1
92 29 26 1
92 30 47 1
92 33 59 1
92 40 31 1
92 41 6 1
92 45 11 1
92 47 24 1
92 48 35 1
92 50 47 1
92 57 41 1
92 59 39 1
92 63 29 1
92 67 10 1
92 68 57 1
92 71 38 1
92 77 49 1
92 78 43 1
92 80 56 1
92 81 43 1
92 85 52 1
92 86 26 1
92 97 50 1
92 99 24 1
93 2 61 1
93 3 56 1
93 4 4 1
93 5 39 1
93 9 60 1
93 15 29 1
93 17 63 1
93 19 6 1
93 21 63 1
93 23 10 1
93 26 8 1
93 27 64 1
93 28 35 1
93 37 41 1
93 39 30 1
93 41 36 1
93 45 44 1
93 47 21 1
93 52 60 1
93 53 10 1
93 54 59 1
93 60 8 1
93 62 56 1
93 64 28 1
93 66 27 1
93 67 63 1
93 70 24 1
93 71 48 1
93 75 15 1
93 79 42 1
93 80 51 1
93 81 31 1
93 83 17 1
93 86 22 1
93 91 9 1
93 95 28 1
93 98 9 1
94 2 22 1
94 4 17 1
94 5 50 1
94 8 7 1
94 13 30 1
94 17 6 1
94 20 2 1
94 26 63 1
94 27 51 1
94 28 25 1
94 30 31 1
94 32 1 1
94 33 43 1
94 34 23 1
94 35 55 1
94 37 6 1
94 40 36 1
94 42 6 1
94 48 61 1
94 53 45 1
94 55 42 1
94 60 16 1
94 61 13 1
94 65 11 1
94 67 52 1
94 71 42 1
94 75 29 1
94 76 9 1
94 78 2 1
94 79 42 1
94 80 15 1
94 83 47 1
94 84 28 1
94 85 26 1
94 86 31 1
94 87 16 1
94 91 61 1
94 93 41 1
94 97 31 1
95 1 10 1
95 2 11 1
95 4 49 1
95 8 33 1
95 9 33 1
95 10 5 1
95 11 28 1
95 14 63 1
95 16 41 1
95 22 29 1
95 23 39 1
95 24 57 1
95 25 56 1
95 26 22 1
95 27 50 1
95 29 44 1
95 33 11 1
95 35 63 1
95 41 29 1
95 48 57 1
95 49 16 1
95 50 63 1
95 53 35 1
95 54 38 1
95 56 28 1
95 60 23 1
95 61 2 1
95 62 25 1
95 65 32 1
95 67 49 1
95 76 10 1
95 77 47 1
95 78 12 1
95 80 10 1
95 83 21 1
95 84 36 1
95 85 46 1
95 87 39 1
95 88 54 1
95 92 9 1
95 94 31 1
95 97 15 1
96 1 2 1
96 3 38 1
96 4 17 1
96 6 61 1
96 14 16 1
96 15 13 1
96 17 52 1
96 22 23 1
96 23 64 1
96 26 17 1
96 27 38 1
96 28 24 1
96 32 42 1
96 33 9 1
96 35 64 1
96 36 21 1
96 37 16 1
96 39 58 1
96 40 17 1
96 42 35 1
96 44 48 1
96 46 38 1
96 49 31 1
96 51 6 1
96 53 34 1
96 55 13 1
96 59 17 1
96 60 32 1
96 62 61 1
96 64 19 1
96 67 26 1
96 68 39 1
96 69 32 1
96 70 48 1
96 71 53 1
96 74 42 1
96 77 35 1
96 78 46 1
96 79 23 1
96 83 37 1
96 84 60 1
96 89 10 1
96 91 13 1
96 93 11 1
96 94 18 1
96 95 45 1
97 2 62 1
97 4 4 1
97 6 50 1
97 7 33 1
97 8 4 1
97 12 40 1
97 13 63 1
97 14 54 1
97 19 40 1
97 20 50 1
97 21 51 1
97 22 14 1
97 27 48 1
97 28 60 1
97 29 29 1
97 30 62 1
97 32 58 1
97 33 38 1
97 34 60 1
97 35 27 1
97 36 7 1
97 37 17 1
97 39 54 1
97 40 58 1
97 42 41 1
97 43 17 1
97 44 3 1
97 45 61 1
97 46 63 1
97 50 1 1
97 52 1 1
97 54 42 1
97 55 38 1
97 56 56 1
97 59 24 1
97 60 63 1
97 62 33 1
97 63 24 1
97 68 43 1
97 69 23 1
97 72 18 1
97 75 10 1
97 85 58 1
97 87 17 1
97 90 49 1
97 93 63 1
97 96 25 1
97 98 49 1
98 1 20 1
98 2 43 1
98 4 35 1
98 5 26 1
98 6 23 1
98 8 43 1
98 14 45 1
98 19 18 1
98 29 16 1
98 31 57 1
98 35 51 1
98 37 38 1
98 39 2 1
98 47 16 1
98 48 56 1
98 57 34 1
98 63 6 1
98 65 8 1
98 66 24 1
98 70 45 1
98 71 36 1
98 74 61 1
98 75 10 1
98 76 7 1
98 78 37 1
98 83 14 1
98 84 44 1
98 89 55 1
98 92 16 1
98 94 58 1
98 96 21 1
98 99 9 1
99 8 7 1
99 9 30 1
99 14 33 1
99 17 43 1
99 20 56 1
99 22 48 1
99 24 17 1
99 25 30 1
99 26 63 1
99 27 54 1
99 30 10 1
99 34 47 1
99 35 2 1
99 40 24 1
99 42 39 1
99 43 59 1
99 49 9 1
99 51 52 1
99 52 38 1
99 53 28 1
99 55 3 1
99 60 12 1
99 63 36 1
99 64 48 1
99 73 39 1
99 74 20 1
99 77 63 1
99 78 41 1
99 83 2 1
99 84 36 1
99 85 52 1
99 87 23 1
99 88 37 1
99 90 23 1
99 93 6 1
99 94 11 1
99 96 44 1
99 97 22 1
