0 12 29 1
0 13 25 6
0 32 48 18
0 68 4 8
1 2 16 20
1 5 2 19
1 27 16 18
1 36 64 6
1 38 64 15
1 44 41 17
1 59 26 1
1 65 42 14
1 76 20 17
1 79 54 3
1 86 54 16
1 96 46 13
1 97 21 17
2 5 24 3
2 36 11 20
2 44 61 2
2 51 49 7
2 58 18 13
2 61 22 4
2 64 57 13
3 19 48 12
3 30 19 15
3 34 41 7
3 49 3 9
3 99 57 20
4 29 26 19
4 48 58 12
4 52 1 20
4 54 11 16
4 56 19 14
4 91 25 8
4 92 7 11
5 3 24 11
5 11 45 12
5 19 55 20
5 25 39 8
5 26 61 6
5 41 30 11
5 49 52 17
5 64 9 9
5 70 20 18
5 79 3 11
5 97 47 17
5 99 37 13
6 2 60 5
6 4 43 17
6 11 52 9
6 15 42 8
6 23 39 11
6 37 2 14
6 60 10 18
6 82 1 16
6 92 61 9
7 2 48 11
7 4 12 2
7 14 12 4
7 15 55 9
7 39 3 8
7 48 7 6
7 51 9 13
7 52 64 6
7 60 4 6
7 80 24 11
7 92 27 16
7 94 16 2
8 13 43 10
8 18 43 7
8 22 63 1
8 33 44 8
8 38 59 13
8 45 57 10
8 58 58 8
8 59 5 1
8 66 13 13
8 73 50 8
8 76 39 11
8 84 63 9
8 87 7 20
8 90 46 7
8 98 58 4
9 3 6 13
9 5 42 17
9 34 1 14
9 49 14 6
9 78 5 16
9 79 37 7
9 95 33 18
9 97 25 5
10 6 39 4
10 52 20 14
10 56 53 6
10 60 41 16
10 72 61 8
10 73 58 11
10 84 25 12
10 91 7 20
11 2 6 17
11 7 50 1
11 14 44 20
11 30 44 8
11 37 6 6
11 45 18 13
11 92 24 18
12 24 62 20
12 35 51 17
12 53 10 7
12 65 50 16
12 69 27 4
12 85 21 17
12 89 61 15
13 12 14 2
13 18 41 8
13 24 33 12
13 32 39 20
13 33 47 4
13 35 43 14
13 36 48 16
13 43 35 5
13 59 56 1
13 65 40 17
13 67 34 15
13 68 45 4
13 72 63 3
13 76 61 14
13 77 11 1
13 85 29 8
14 5 56 18
14 21 37 15
14 36 30 19
14 37 62 13
14 38 63 10
14 44 45 2
14 51 47 19
14 61 30 8
14 94 34 7
14 97 27 15
15 14 37 16
15 30 55 17
15 31 42 2
15 37 44 19
15 56 19 20
15 58 17 7
15 61 28 8
15 64 40 10
15 80 28 14
15 92 1 4
16 1 11 3
16 18 52 9
16 19 7 19
16 53 15 3
16 78 7 20
17 53 36 12
17 62 26 18
17 65 17 15
17 75 24 17
17 83 45 19
17 85 42 10
17 88 8 11
17 89 16 3
18 1 4 16
18 21 12 5
18 24 63 1
18 36 39 18
18 38 51 14
18 44 38 12
18 45 6 5
18 47 25 5
18 53 23 5
18 58 23 11
18 72 50 12
18 75 8 17
18 89 64 17
19 1 36 15
19 9 32 11
19 49 45 3
19 79 1 18
19 99 42 11
20 0 32 12
20 13 61 12
20 24 52 7
20 47 53 2
20 50 20 13
20 69 6 10
20 83 52 9
20 93 23 5
21 1 1 14
21 2 43 10
21 8 41 6
21 13 18 3
21 32 54 9
21 45 22 20
21 65 24 4
21 68 19 18
21 69 27 17
21 72 22 4
21 75 59 1
21 76 19 9
21 87 42 2
22 0 21 9
22 55 12 2
22 57 2 13
22 77 28 20
22 87 49 18
23 4 55 10
23 7 21 14
23 10 22 16
23 15 62 19
23 29 13 13
23 31 22 17
23 37 24 5
23 48 42 11
23 92 7 7
24 1 19 1
24 17 50 5
24 21 21 13
24 32 15 1
24 50 10 3
24 53 41 18
24 67 31 4
24 68 57 12
24 76 11 7
24 83 5 17
24 93 64 12
24 96 50 10
25 3 30 7
25 9 55 6
25 16 7 20
25 19 2 3
25 34 25 9
25 49 9 15
25 78 45 3
25 79 13 9
25 86 53 11
26 1 10 4
26 2 22 13
26 9 3 13
26 11 47 4
26 15 51 6
26 19 48 10
26 41 61 3
26 64 33 17
26 67 59 2
26 99 6 19
27 16 24 6
27 17 6 11
27 43 49 1
27 44 53 9
27 47 44 7
27 50 43 5
27 53 24 19
27 65 51 3
27 67 19 1
28 4 12 19
28 6 60 1
28 7 8 1
28 23 20 20
28 29 34 4
28 37 28 4
28 39 18 12
28 54 1 15
28 60 61 9
28 61 45 9
28 82 59 7
29 6 18 19
29 10 61 5
29 91 7 17
30 9 17 9
30 26 11 15
30 49 34 18
30 64 29 9
30 80 7 17
30 97 42 8
31 4 51 2
31 6 3 17
31 10 59 9
31 11 38 20
31 28 49 12
31 29 17 5
31 48 12 15
31 52 56 12
31 56 43 18
31 73 12 20
31 82 40 20
32 8 11 4
32 12 43 19
32 18 44 17
32 33 49 15
32 38 12 7
32 43 21 8
32 59 36 11
32 65 31 3
32 69 2 18
32 85 29 4
32 87 51 8
32 88 41 12
32 90 64 15
32 98 32 18
33 1 43 19
33 2 22 7
33 14 31 16
33 18 63 7
33 21 10 8
33 24 61 19
33 36 1 15
33 45 16 10
33 55 9 19
33 65 29 8
33 68 29 8
33 90 49 2
33 98 27 18
34 2 64 7
34 19 36 16
34 26 53 7
34 30 14 6
34 51 57 3
34 70 14 14
34 78 37 2
34 80 27 11
34 95 38 16
35 32 33 6
35 46 46 4
35 55 55 6
35 57 33 15
35 69 61 7
35 85 55 4
35 98 19 20
36 8 18 6
36 21 56 10
36 24 34 7
36 32 61 5
36 38 59 15
36 58 60 11
36 59 3 16
36 68 50 11
36 75 42 14
36 84 54 4
36 87 42 18
36 96 9 15
37 4 51 17
37 7 59 15
37 30 42 7
37 52 51 20
37 56 30 1
37 61 59 10
37 80 61 4
37 91 31 17
37 92 40 8
37 94 47 18
38 21 48 1
38 44 4 17
38 45 39 2
38 55 22 15
38 67 64 19
38 69 30 6
38 72 37 9
38 84 7 19
38 96 63 10
38 98 10 16
39 6 51 3
39 10 59 20
39 11 32 3
39 15 35 12
39 37 1 16
39 40 33 4
39 56 49 9
39 61 20 15
40 23 49 15
40 56 11 13
40 60 58 9
41 2 63 3
41 7 6 4
41 11 13 8
41 14 41 3
41 15 8 2
41 30 16 8
41 34 14 7
41 51 34 16
41 52 45 8
41 58 17 6
41 61 64 9
41 64 22 8
42 8 33 11
42 10 62 13
42 52 50 18
42 59 24 7
42 66 31 6
42 73 46 13
42 98 21 18
43 17 7 9
43 20 4 8
43 24 38 1
43 47 24 16
43 53 54 11
43 65 41 12
43 68 61 19
43 69 48 17
43 74 61 13
43 75 13 16
43 83 10 1
43 88 37 4
43 93 50 16
44 8 8 20
44 13 14 20
44 26 54 4
44 36 18 3
44 53 5 9
44 59 38 1
44 67 45 3
44 68 29 16
44 96 36 4
45 1 27 17
45 2 2 11
45 14 52 2
45 26 10 14
45 32 19 10
45 44 33 9
45 58 56 5
45 59 44 3
45 67 36 14
45 68 11 15
45 71 51 15
45 90 34 6
46 0 53 8
46 22 52 7
46 55 60 11
46 69 16 12
46 71 5 12
47 12 39 16
47 17 8 9
47 24 59 6
47 50 17 1
47 53 52 1
47 65 49 15
47 68 28 17
47 81 37 6
47 85 1 7
47 89 28 19
48 28 35 9
48 29 44 7
48 37 51 13
48 39 5 4
48 40 6 8
48 54 45 19
48 56 31 11
48 61 48 11
48 91 32 10
49 2 1 1
49 26 36 10
49 34 20 20
49 64 36 13
49 95 17 12
50 0 27 3
50 12 2 4
50 13 7 4
50 17 59 17
50 18 23 5
50 32 10 14
50 43 54 9
50 55 51 2
50 67 32 13
50 69 38 17
50 81 49 4
50 83 44 18
50 88 39 10
50 89 26 5
50 93 20 15
51 6 7 17
51 15 20 4
51 26 33 3
51 54 60 5
51 61 22 19
51 64 32 2
51 80 27 19
51 92 24 5
52 2 56 2
52 6 54 6
52 11 21 17
52 14 12 3
52 15 5 9
52 39 11 5
52 45 47 18
52 56 35 3
52 58 48 13
52 61 55 10
52 73 33 14
52 84 62 10
52 91 14 4
53 13 17 13
53 20 19 17
53 32 5 6
53 50 54 2
53 62 36 10
53 67 62 8
53 74 3 19
53 81 62 2
53 88 52 8
53 89 38 7
54 15 4 9
54 23 51 7
54 29 28 8
54 39 63 10
54 41 52 14
54 80 47 1
54 82 63 6
55 0 46 14
55 8 26 19
55 13 19 2
55 20 55 12
55 32 48 14
55 36 12 12
55 57 56 15
55 68 6 3
55 69 58 16
55 77 27 6
55 81 7 19
55 87 15 3
55 88 25 3
55 90 38 17
55 93 5 1
55 96 41 8
55 98 13 4
56 6 56 12
56 28 54 7
56 29 23 9
56 61 50 11
56 82 16 10
57 8 42 19
57 46 44 18
57 73 25 4
57 90 29 5
58 11 4 5
58 14 31 19
58 21 2 12
58 26 54 12
58 33 43 12
58 44 39 20
58 67 9 12
58 68 21 13
59 2 33 20
59 11 17 8
59 21 6 6
59 26 15 17
59 38 29 11
59 52 2 8
59 58 7 5
59 71 11 17
59 72 23 6
59 96 33 19
60 4 59 11
60 15 53 13
60 23 3 15
60 29 37 13
60 31 42 2
60 39 44 11
60 48 1 6
60 52 33 2
60 54 25 17
60 56 48 18
60 91 39 9
61 4 34 14
61 7 58 9
61 23 40 4
61 54 49 18
61 60 14 20
61 64 39 19
61 70 58 18
61 82 53 1
61 91 61 13
61 92 53 18
61 94 54 16
62 27 13 16
62 47 43 3
62 89 19 7
63 22 35 16
63 42 57 20
63 46 23 7
63 57 22 18
63 71 57 5
63 77 27 4
64 7 28 17
64 11 48 15
64 14 12 2
64 37 24 14
64 80 20 5
64 95 31 8
64 97 7 6
64 99 17 3
65 16 59 2
65 24 12 7
65 36 40 19
65 38 36 9
65 44 36 17
65 50 34 14
65 68 12 1
65 88 10 16
66 22 48 4
66 57 39 5
66 63 30 5
66 72 31 11
66 84 21 4
66 90 12 16
67 1 54 8
67 16 19 14
67 21 50 4
67 32 34 2
67 33 49 7
67 47 63 19
67 59 6 18
67 65 31 6
67 68 3 14
67 74 18 10
67 76 13 15
67 88 11 7
67 97 19 7
68 1 50 8
68 18 55 20
68 20 63 13
68 32 39 18
68 50 28 13
68 53 62 9
68 72 60 9
68 75 41 4
68 76 58 15
68 77 59 14
68 83 20 3
68 85 36 14
68 87 23 3
68 88 26 6
68 89 22 18
68 90 18 16
68 98 18 15
69 8 25 14
69 13 19 13
69 18 26 4
69 22 27 13
69 24 54 12
69 53 40 10
69 68 12 14
69 77 17 12
69 85 7 18
69 90 62 3
70 2 59 4
70 7 32 3
70 9 34 2
70 11 46 6
70 15 45 16
70 26 27 6
70 30 47 5
70 37 33 6
70 41 39 7
70 49 52 17
70 51 9 10
70 64 34 18
70 92 44 6
70 94 50 2
70 95 5 10
71 8 50 11
71 10 42 12
71 21 50 17
71 33 51 15
71 36 22 11
71 38 13 20
71 42 26 1
71 57 3 14
71 66 49 14
71 72 57 17
71 87 32 13
72 2 18 19
72 6 61 13
72 8 10 10
72 11 3 14
72 14 41 13
72 22 37 6
72 32 28 2
72 33 58 5
72 42 53 5
72 44 7 17
72 45 56 11
72 58 6 11
72 87 1 17
72 96 27 15
72 98 50 16
73 22 59 10
73 66 53 6
73 71 54 3
73 98 20 12
74 16 22 3
74 17 27 17
74 47 47 10
74 62 38 10
74 88 7 20
74 89 19 19
75 12 15 20
75 16 25 1
75 20 63 8
75 24 38 18
75 27 45 18
75 33 26 15
75 65 41 12
75 67 45 16
75 74 30 12
75 89 56 19
76 16 62 18
76 18 61 3
76 36 33 10
76 38 3 20
76 44 33 9
76 45 49 18
76 53 14 4
76 65 32 6
76 75 54 1
76 89 40 12
77 21 9 11
77 32 39 13
77 33 34 9
77 36 25 5
77 42 58 19
77 45 34 3
77 46 23 6
77 66 7 10
77 72 37 17
77 73 63 17
77 90 21 16
77 96 38 9
77 98 1 13
78 3 43 2
78 5 38 1
78 19 12 16
78 86 63 18
78 95 30 13
78 99 23 12
79 3 3 4
79 16 58 2
79 26 14 4
79 34 40 3
79 49 22 16
79 78 46 17
79 97 2 7
80 6 53 10
80 11 1 9
80 26 36 10
80 41 63 9
80 49 38 5
80 61 53 5
81 12 37 19
81 13 8 20
81 20 62 2
81 24 30 6
81 32 23 20
81 35 61 15
81 43 61 14
81 69 9 14
81 85 45 8
81 88 10 8
81 89 3 14
82 4 35 10
82 7 37 17
82 10 12 20
82 15 16 20
82 23 28 20
82 29 46 6
82 37 60 11
82 39 58 13
82 40 2 7
82 41 26 12
82 48 5 19
82 52 30 2
82 60 22 3
83 18 27 12
83 27 61 7
83 62 14 1
83 74 16 19
83 75 51 16
83 76 10 14
83 81 11 14
83 88 3 1
84 21 50 19
84 42 3 19
84 45 38 17
84 46 34 10
84 57 4 19
84 59 5 3
84 63 49 12
84 71 44 20
84 73 9 7
84 96 53 5
85 18 5 14
85 20 27 9
85 50 22 16
85 65 18 2
85 83 29 4
86 5 21 3
86 9 4 18
86 16 12 7
86 27 61 4
86 79 55 4
87 0 20 14
87 13 46 1
87 33 4 7
87 35 12 5
87 38 1 6
87 66 27 8
87 69 45 18
87 73 21 12
87 84 40 6
87 98 26 10
88 12 39 13
88 18 58 7
88 20 50 18
88 24 64 3
88 27 39 9
88 44 46 5
88 62 3 11
88 69 56 8
88 75 8 15
88 76 48 13
88 85 41 17
88 96 62 13
89 24 22 8
89 27 9 8
89 43 20 20
89 67 43 14
89 83 37 2
89 85 26 1
89 88 16 9
90 13 32 15
90 22 30 1
90 35 7 16
90 36 10 7
90 38 34 5
90 46 31 13
90 71 38 1
90 72 4 4
90 84 2 9
90 85 53 4
90 87 58 20
90 96 56 7
91 6 56 8
91 7 34 18
91 23 30 16
91 28 49 17
91 39 7 15
91 40 3 6
91 42 56 6
92 30 41 2
92 39 40 18
92 41 46 12
92 54 61 9
92 64 45 19
92 80 58 15
92 82 57 3
93 0 62 20
93 12 15 3
93 13 50 13
93 17 32 18
93 32 12 5
93 35 47 11
93 53 50 3
93 68 60 8
93 69 63 14
93 75 60 8
93 81 62 12
93 83 60 13
93 85 39 20
93 88 44 5
94 6 40 15
94 11 63 8
94 15 8 10
94 26 57 20
94 30 60 10
94 34 63 12
94 49 51 16
94 51 26 11
94 54 50 8
94 64 8 1
94 80 58 1
94 95 62 13
94 97 64 4
95 3 21 19
95 19 41 11
95 25 11 4
95 30 41 13
95 99 15 15
96 13 26 4
96 18 11 5
96 21 27 14
96 32 28 3
96 33 46 20
96 50 53 18
96 53 29 4
96 58 39 12
96 65 45 3
96 67 48 16
96 68 46 1
96 71 52 18
96 76 62 14
96 85 5 3
97 2 53 13
97 11 49 9
97 16 39 19
97 19 4 12
97 25 5 1
97 26 27 20
97 34 47 18
97 41 35 18
97 49 48 13
97 78 42 6
97 86 17 16
97 95 34 7
98 0 23 11
98 22 58 11
98 36 15 12
98 46 52 1
98 57 33 20
98 63 1 10
98 66 19 2
98 69 6 3
98 71 45 19
98 90 5 5
99 9 41 6
99 30 26 19
99 70 42 2
99 86 22 17
99 97 13 3
