0 6 53 10
0 78 43 9
2 41 38 5
2 47 23 7
3 12 20 17
3 39 24 4
3 87 32 10
7 53 40 19
8 47 27 19
8 79 34 18
9 68 27 5
10 5 24 10
11 8 52 18
11 47 33 2
11 98 37 13
15 6 23 4
16 54 19 19
16 84 23 20
17 94 54 9
18 26 26 5
19 29 2 1
20 1 62 9
20 44 64 5
22 17 58 1
22 94 61 14
23 28 56 2
23 80 18 19
24 93 43 18
25 57 12 5
25 71 14 3
26 0 36 7
27 23 40 7
27 80 8 5
27 89 46 18
28 27 45 5
28 80 64 4
30 61 59 6
30 67 44 19
32 85 21 7
32 96 58 9
33 18 52 4
33 26 46 18
34 3 15 2
34 39 8 2
34 87 8 1
35 7 21 18
36 0 7 20
36 6 41 2
36 26 16 3
38 99 37 6
39 87 23 12
41 79 11 14
43 7 48 9
43 48 52 16
43 53 20 7
44 77 56 12
45 97 56 9
48 88 33 8
50 13 28 19
50 72 62 6
51 5 63 12
52 42 29 16
54 37 16 19
56 0 23 14
56 78 11 19
57 60 33 18
57 83 52 11
58 65 48 17
58 79 32 6
59 58 16 2
59 65 3 2
60 25 56 1
60 83 55 4
61 67 7 15
62 58 53 16
62 84 41 1
63 4 55 20
63 18 46 19
63 26 62 16
63 56 36 10
63 78 64 16
63 90 18 13
65 41 28 13
65 62 5 1
69 92 16 5
70 1 13 20
70 56 37 18
70 63 47 10
72 14 61 15
75 12 40 7
76 72 23 4
77 1 36 4
77 20 56 3
78 26 12 20
78 33 11 4
79 11 53 3
79 62 64 5
79 98 39 20
80 89 60 15
81 83 63 15
81 95 63 6
82 4 25 2
82 63 22 7
83 95 19 20
84 32 29 4
84 85 16 1
84 96 3 20
85 16 9 15
85 54 21 15
85 58 4 12
85 62 42 6
86 97 2 17
87 12 15 11
87 74 59 1
90 0 45 12
90 6 5 7
90 26 20 8
90 33 27 1
90 36 52 20
90 56 12 18
90 78 34 1
91 73 15 15
95 62 29 2
96 16 40 17
96 59 23 18
96 85 21 6
98 8 42 14
