0 27 25 17
0 36 4 5
0 42 29 16
0 46 25 19
0 60 55 16
0 90 34 8
1 3 62 12
1 50 43 13
1 52 11 9
1 61 49 17
1 87 49 3
1 91 28 4
2 36 45 12
2 64 52 20
2 68 9 6
3 47 5 5
3 52 51 19
3 61 52 8
4 5 48 7
4 26 59 11
4 82 1 9
4 85 12 19
5 6 25 17
5 46 60 14
5 63 11 10
5 80 22 1
5 82 17 4
5 95 49 10
6 0 46 2
6 60 47 16
6 90 52 11
6 95 8 8
7 0 37 11
7 6 30 10
7 75 62 10
7 90 15 13
7 93 28 20
7 95 16 8
8 67 36 20
8 87 34 8
9 21 30 15
9 22 47 6
9 26 22 19
9 51 28 6
10 12 20 1
10 17 7 14
10 34 14 8
10 72 55 20
11 71 4 10
11 74 52 9
11 98 10 6
11 99 30 11
12 1 51 19
12 21 45 17
12 25 9 20
12 34 37 9
12 50 61 19
12 91 24 11
13 19 47 13
13 28 42 6
13 35 24 17
13 65 25 4
13 78 37 17
13 83 15 7
14 29 62 2
15 55 32 11
15 56 53 18
15 57 12 6
15 85 48 13
15 88 41 16
15 92 28 17
15 96 51 13
16 1 32 16
16 3 33 5
16 52 18 5
16 67 57 11
16 87 61 2
17 9 2 5
17 12 47 20
17 23 53 7
17 32 23 4
17 34 45 18
17 51 32 7
17 79 63 13
18 2 23 9
18 31 10 12
18 39 24 20
18 43 32 18
18 59 57 20
18 71 28 13
18 97 36 15
19 20 11 4
19 38 27 15
19 62 51 9
19 65 43 19
19 69 53 16
19 83 44 12
20 54 56 17
20 62 34 16
20 94 30 10
21 10 63 1
21 17 32 1
21 23 48 20
21 34 39 2
21 48 16 17
21 58 58 20
21 72 3 12
22 23 14 18
22 26 8 6
22 56 54 8
22 89 48 10
23 9 64 12
23 24 37 5
23 26 14 8
23 58 43 9
24 9 45 14
24 22 63 7
24 26 58 20
24 33 32 2
24 56 46 1
24 85 19 5
25 10 39 1
25 19 11 15
25 21 64 5
25 83 12 17
26 5 34 15
26 63 4 12
27 7 9 5
27 60 55 9
27 93 3 8
28 19 58 15
28 20 4 4
28 25 39 1
28 35 44 19
28 65 18 9
28 81 5 17
28 83 9 1
28 94 52 7
29 2 64 16
29 44 15 20
29 68 49 13
30 13 53 12
30 20 22 13
30 28 42 7
30 38 11 19
30 62 61 7
30 65 62 13
30 69 30 14
30 81 55 5
30 94 4 8
31 2 56 6
31 40 56 19
31 42 63 1
31 51 60 1
31 53 56 12
31 59 18 8
31 76 35 10
31 79 42 5
32 31 7 18
32 45 40 20
32 47 55 6
32 51 60 15
33 15 16 8
33 55 1 17
33 56 40 8
33 57 7 10
33 85 8 20
33 88 14 6
34 25 17 13
34 72 31 8
35 10 33 11
35 38 58 16
35 94 38 20
36 14 46 5
36 29 22 18
36 44 55 9
36 49 33 20
36 64 11 14
36 90 19 7
38 20 5 4
38 28 33 10
38 65 37 13
38 69 37 7
38 78 28 12
38 83 48 9
39 11 48 17
39 45 13 3
39 59 35 2
39 70 31 7
39 71 20 16
39 74 25 5
39 97 40 9
40 5 49 15
40 6 54 6
40 26 46 15
40 46 50 1
40 51 12 19
40 60 56 9
40 63 41 16
40 76 14 10
40 89 3 5
40 93 63 9
40 95 27 15
41 11 24 12
41 37 50 15
41 39 35 2
41 70 24 4
41 71 15 6
41 74 41 12
41 99 47 6
42 2 46 10
42 6 54 1
42 36 24 15
42 93 42 2
43 39 32 2
44 14 61 4
44 49 4 12
44 68 19 6
45 18 34 16
45 47 53 10
45 70 51 4
45 77 42 3
45 91 55 3
45 97 19 5
45 98 15 7
45 99 40 19
46 6 63 11
46 7 61 11
46 27 20 2
46 60 54 16
46 75 37 5
46 90 58 5
46 93 63 4
46 95 62 6
47 12 54 20
47 71 9 10
47 77 47 10
48 9 40 16
48 10 3 4
48 17 62 2
48 23 64 13
49 14 35 15
49 64 15 19
49 84 24 20
49 90 53 15
50 3 13 12
50 16 42 6
50 47 44 18
51 5 64 4
51 23 39 16
51 26 58 19
51 48 3 5
51 53 2 16
51 58 62 11
51 79 11 5
52 50 48 8
52 61 22 7
52 77 4 20
52 91 8 17
53 17 13 12
53 32 62 16
53 40 15 13
53 48 36 20
53 58 29 2
53 63 48 19
53 76 40 20
53 89 2 11
53 95 42 6
54 28 14 16
54 30 53 10
54 38 30 10
54 62 13 12
54 69 45 16
54 81 2 4
54 83 51 10
54 94 44 6
55 22 17 7
55 24 48 11
55 66 44 16
55 92 29 7
56 66 29 6
56 85 39 19
57 56 7 11
57 85 37 11
57 88 50 8
57 96 6 12
58 10 22 18
58 48 28 17
58 63 1 7
58 79 40 1
59 2 51 12
59 32 28 7
59 45 24 18
59 71 42 2
60 7 49 5
60 75 20 2
60 93 37 13
61 16 61 7
62 13 41 16
62 28 1 17
62 35 46 14
62 38 5 13
62 65 2 5
62 81 26 20
62 83 52 12
62 94 58 10
63 23 39 6
63 48 31 15
64 14 36 19
64 29 32 6
64 42 47 16
64 84 44 14
65 8 34 1
65 35 30 2
65 54 1 8
65 72 15 12
65 78 4 8
65 83 64 6
66 57 38 20
66 88 55 5
67 1 28 2
67 12 23 11
67 65 38 13
67 81 19 9
67 87 31 3
68 14 15 11
68 64 51 16
68 84 34 13
69 13 44 4
69 20 13 18
69 28 11 15
69 35 63 7
69 62 2 19
69 83 9 17
70 11 21 18
70 59 19 20
71 45 3 7
71 74 17 13
71 91 38 20
71 98 47 2
72 12 47 18
72 16 42 6
72 50 30 13
72 67 54 8
73 22 23 3
73 24 14 5
73 33 13 4
73 92 19 15
74 43 11 11
74 45 48 12
74 97 30 20
75 4 28 16
75 5 51 13
75 6 63 18
75 27 48 12
75 95 51 2
76 32 52 8
76 51 8 9
77 1 61 20
77 3 7 14
77 16 17 9
77 50 41 14
77 98 43 19
78 8 14 3
78 54 9 12
78 81 40 9
78 87 28 13
79 9 50 14
79 21 41 2
79 23 57 12
79 32 14 8
79 48 30 12
79 53 52 17
79 63 64 18
79 76 25 4
80 57 62 4
81 8 59 8
81 13 39 6
81 20 46 13
81 38 60 8
81 65 35 18
82 26 37 2
82 80 15 9
82 85 42 17
83 35 25 12
83 94 28 2
84 14 63 12
84 29 17 1
84 36 31 13
85 22 14 16
85 26 36 14
85 55 51 2
85 66 27 11
85 80 34 11
85 88 49 13
85 92 51 6
86 37 19 1
87 38 19 10
87 61 28 13
87 65 19 2
87 72 29 4
87 81 49 16
88 24 34 17
88 56 55 1
89 5 5 16
89 9 47 7
89 21 23 13
89 23 31 16
89 26 18 1
89 51 14 3
89 58 14 11
89 63 52 1
89 79 5 20
90 14 23 17
90 27 27 16
90 60 33 17
91 3 49 10
91 16 31 10
91 50 44 2
91 77 34 11
91 98 34 17
92 22 3 19
92 33 47 5
92 56 3 9
92 66 36 4
92 88 23 16
93 0 47 20
93 6 61 12
93 90 23 17
93 95 33 8
94 13 6 15
94 69 20 1
95 4 25 10
95 26 58 16
95 27 23 4
95 63 35 8
96 33 27 2
96 55 35 13
96 56 29 19
96 80 26 13
96 85 5 14
96 88 52 8
97 11 21 15
97 41 63 8
98 41 33 3
98 52 10 1
98 70 51 5
99 18 10 3
99 39 21 20
99 43 39 7
99 59 20 10
99 70 27 16
99 71 23 5
99 74 2 20
99 97 18 2
