0 2 4 4
0 10 5 3
0 14 6 4
0 21 2 2
0 23 7 2
0 33 7 3
0 54 3 2
0 62 6 3
0 69 8 1
0 76 6 2
0 81 7 5
0 88 3 3
0 93 1 4
0 94 8 4
0 99 4 5
0 103 5 4
0 113 8 5
0 119 5 4
0 130 3 2
0 144 4 4
0 146 8 3
0 155 7 1
0 171 3 3
1 3 5 1
1 24 7 3
1 26 4 1
1 32 1 1
1 44 5 5
1 49 2 2
1 58 5 4
1 63 6 4
1 72 1 5
1 80 6 2
1 89 6 3
1 92 2 5
1 94 4 5
1 120 1 5
1 133 3 3
1 135 2 5
1 137 8 5
1 149 4 3
1 150 1 2
1 169 1 2
1 170 3 3
1 180 2 3
1 184 8 5
1 193 8 5
1 194 6 4
1 198 6 3
2 3 6 3
2 11 5 4
2 13 5 2
2 22 3 3
2 24 6 1
2 25 2 2
2 34 5 5
2 50 8 2
2 58 3 4
2 78 3 2
2 99 5 4
2 103 1 1
2 119 4 2
2 146 8 3
2 150 7 5
2 153 7 5
2 184 3 1
2 189 2 5
2 197 8 3
3 14 4 4
3 29 5 1
3 34 1 4
3 36 2 5
3 41 2 5
3 44 3 3
3 53 7 5
3 56 2 3
3 63 7 4
3 68 7 1
3 77 5 1
3 85 5 1
3 91 3 3
3 100 3 2
3 126 4 4
3 128 8 2
3 133 2 2
3 137 4 2
3 139 1 5
3 140 4 2
3 146 6 5
3 149 1 4
3 153 2 4
3 160 8 5
3 176 1 3
3 180 5 1
3 184 2 1
3 198 3 4
4 0 2 2
4 2 4 1
4 22 8 2
4 68 1 1
4 69 5 3
4 99 2 1
4 103 3 4
4 113 8 1
4 123 4 1
4 134 2 4
4 146 5 4
4 155 5 1
4 157 2 4
4 172 7 1
5 27 7 4
5 66 1 4
5 107 4 5
5 152 3 2
5 182 1 3
5 191 8 3
5 195 8 2
5 196 2 3
6 46 7 1
6 55 2 3
6 79 2 3
6 91 3 1
6 111 6 1
6 124 7 3
6 125 3 5
6 127 4 5
6 139 1 3
6 162 4 5
6 177 1 3
6 190 6 3
7 3 2 4
7 4 7 3
7 10 8 3
7 13 6 4
7 19 1 5
7 21 6 3
7 22 6 2
7 25 7 5
7 33 4 4
7 68 5 3
7 69 5 3
7 70 2 5
7 93 7 2
7 94 3 3
7 103 8 4
7 106 3 3
7 113 8 4
7 119 6 2
7 130 4 1
7 148 5 3
7 157 7 4
7 173 3 1
7 180 3 1
8 28 8 4
8 40 8 1
8 60 7 4
8 71 5 5
8 97 8 4
8 109 7 1
8 110 1 3
8 168 1 1
8 174 2 2
8 179 7 3
8 193 1 2
8 199 5 5
9 1 8 3
9 8 5 4
9 12 4 4
9 17 8 5
9 37 8 2
9 49 2 3
9 52 5 2
9 72 8 4
9 80 1 5
9 109 7 4
9 126 3 4
9 136 4 1
9 143 7 3
9 149 7 4
9 166 8 2
9 168 7 1
9 184 1 1
10 2 7 1
10 21 1 5
10 24 7 1
10 25 5 2
10 49 4 1
10 58 4 1
10 62 6 1
10 68 1 2
10 70 1 2
10 72 7 5
10 76 7 1
10 113 8 5
10 116 1 1
10 119 2 5
10 123 2 4
10 131 7 2
10 137 5 5
10 146 2 5
10 150 2 3
10 159 4 5
10 165 4 4
10 184 5 3
10 185 7 1
11 4 2 3
11 10 4 5
11 14 3 1
11 53 8 2
11 54 4 4
11 68 3 5
11 70 8 3
11 93 3 3
11 99 4 2
11 100 4 1
11 103 6 1
11 113 8 5
11 123 2 3
11 130 5 1
11 146 4 4
11 165 2 5
11 173 2 4
11 185 5 1
12 35 3 2
12 49 3 1
12 60 8 3
12 62 1 1
12 72 8 4
12 73 4 2
12 92 2 2
12 131 7 2
12 142 7 1
12 161 8 2
12 181 8 3
12 199 3 4
13 0 8 5
13 4 4 4
13 10 1 1
13 11 6 2
13 23 1 1
13 24 6 1
13 25 4 1
13 32 5 3
13 48 6 3
13 68 7 5
13 94 7 4
13 103 8 1
13 116 6 3
13 119 1 4
13 137 4 5
13 144 7 3
13 150 7 5
13 159 8 4
13 171 8 4
14 2 2 4
14 13 8 1
14 19 2 1
14 21 7 4
14 33 4 2
14 48 1 5
14 55 5 4
14 58 2 1
14 62 6 4
14 69 2 2
14 76 2 1
14 78 7 1
14 103 3 1
14 112 7 3
14 119 7 1
14 120 3 2
14 124 2 2
14 149 6 1
14 156 1 5
14 173 4 2
14 185 2 3
15 6 5 1
15 31 6 4
15 79 7 5
15 82 3 5
15 85 1 2
15 95 6 3
15 101 6 2
15 125 5 3
15 162 7 5
16 10 3 3
16 12 2 1
16 13 6 1
16 20 6 2
16 48 8 4
16 62 5 1
16 72 5 2
16 73 3 3
16 76 6 5
16 94 7 4
16 113 6 2
16 114 8 1
16 119 4 1
16 129 8 4
16 142 6 5
16 144 2 5
16 150 3 3
16 159 6 2
16 161 7 5
16 166 6 5
16 187 3 3
17 8 8 3
17 40 7 4
17 44 5 3
17 57 4 1
17 84 2 2
17 89 8 3
17 90 8 4
17 98 2 5
17 104 6 1
17 115 7 4
17 135 8 4
17 138 1 2
17 143 6 3
17 152 5 2
17 158 8 5
17 170 3 3
17 191 8 1
17 195 7 2
17 198 3 3
18 0 5 3
18 13 2 2
18 16 3 5
18 23 5 4
18 32 8 1
18 35 8 3
18 49 8 1
18 62 2 4
18 113 4 1
18 119 7 5
18 122 1 4
18 150 1 2
18 171 7 5
19 11 3 4
19 25 6 3
19 38 1 3
19 39 3 2
19 55 7 1
19 78 6 4
19 81 1 3
19 111 2 3
19 130 3 2
19 132 3 3
19 140 2 1
19 153 3 4
19 156 8 3
19 173 7 4
19 176 3 5
19 177 7 4
19 185 5 4
19 190 8 2
19 197 6 3
20 18 8 4
20 32 7 4
20 48 6 1
20 51 4 5
20 62 6 1
20 72 3 4
20 73 3 4
20 131 8 5
20 161 7 2
20 171 3 2
20 187 1 5
21 13 6 5
21 16 8 2
21 18 6 3
21 24 1 2
21 25 3 1
21 32 1 3
21 49 7 2
21 53 3 3
21 54 1 4
21 65 5 3
21 68 6 3
21 69 2 4
21 70 8 2
21 76 3 3
21 80 7 3
21 88 8 3
21 103 6 3
21 113 1 3
21 130 6 1
21 131 8 2
21 144 5 3
21 146 6 3
21 150 1 5
21 171 6 4
21 185 5 1
21 187 8 2
22 0 6 2
22 11 4 1
22 54 4 1
22 81 8 5
22 96 3 3
22 103 2 4
22 113 1 3
22 119 5 3
22 123 8 4
22 146 1 4
22 157 4 5
22 165 2 5
22 175 3 2
22 185 1 5
23 2 5 1
23 7 5 3
23 10 3 2
23 11 3 2
23 14 8 2
23 22 8 3
23 25 3 3
23 54 2 2
23 68 5 1
23 76 7 4
23 81 5 4
23 88 3 2
23 93 7 1
23 94 6 3
23 103 8 4
23 123 1 3
23 130 8 5
23 146 5 1
23 172 3 2
24 0 7 3
24 7 7 1
24 12 5 2
24 16 3 5
24 18 1 5
24 23 3 5
24 25 5 2
24 32 5 5
24 49 2 2
24 54 6 4
24 62 4 4
24 63 6 5
24 68 2 2
24 88 7 1
24 92 4 1
24 103 5 2
24 123 2 1
24 159 7 5
24 184 5 2
25 1 5 3
25 3 7 4
25 11 5 3
25 14 2 5
25 33 4 2
25 53 6 2
25 54 6 4
25 63 8 2
25 65 4 2
25 68 5 1
25 76 2 4
25 80 8 4
25 94 8 3
25 103 1 2
25 112 4 4
25 119 7 1
25 120 7 1
25 123 3 2
25 134 4 3
25 140 2 5
25 153 6 3
25 160 4 2
25 171 3 1
25 184 1 1
25 185 4 3
26 8 7 4
26 9 3 5
26 16 6 5
26 40 6 2
26 49 4 5
26 61 8 3
26 62 5 2
26 80 7 3
26 87 6 3
26 89 3 3
26 92 2 1
26 114 7 2
26 120 2 1
26 126 1 1
26 161 7 2
26 166 2 4
26 169 4 3
26 184 5 4
26 187 4 3
26 193 8 1
27 47 7 5
27 52 6 4
27 71 8 1
27 83 5 5
27 86 8 4
27 104 7 2
27 110 1 1
27 117 1 4
27 143 5 3
27 168 5 5
28 9 7 2
28 12 4 1
28 30 4 5
28 42 1 1
28 51 1 5
28 60 7 5
28 73 4 2
28 89 4 1
28 109 3 3
28 166 8 4
28 169 6 1
28 181 6 4
28 187 6 5
28 199 2 1
29 1 7 4
29 17 2 3
29 63 2 1
29 74 5 5
29 75 6 5
29 91 7 2
29 105 4 3
29 108 4 1
29 120 6 4
29 133 4 5
29 135 3 3
29 138 1 5
29 149 8 3
29 152 5 3
29 156 4 5
29 160 3 5
29 162 1 2
29 178 2 3
29 180 5 5
29 188 3 2
29 190 4 4
29 194 5 5
29 198 5 1
30 8 8 4
30 12 8 2
30 20 8 1
30 26 2 1
30 42 7 5
30 49 8 1
30 59 5 4
30 60 3 4
30 72 5 5
30 73 1 4
30 92 3 3
30 109 8 3
30 131 6 2
30 181 6 4
30 193 2 5
31 6 8 4
31 39 3 1
31 45 7 4
31 56 3 2
31 79 4 4
31 82 6 3
31 91 2 2
31 127 6 1
31 132 6 4
31 147 2 3
31 162 4 5
31 176 4 1
32 0 1 1
32 14 3 2
32 16 6 1
32 25 5 5
32 26 4 3
32 30 6 4
32 54 1 4
32 62 7 5
32 63 5 2
32 65 4 5
32 68 3 2
32 76 4 4
32 87 5 5
32 88 1 3
32 119 7 3
32 122 5 4
32 131 8 3
32 137 4 3
32 142 4 4
32 144 3 4
32 146 7 1
32 185 5 3
32 187 8 3
33 4 1 3
33 13 5 4
33 18 5 2
33 21 8 3
33 24 5 4
33 32 1 1
33 53 5 3
33 54 5 4
33 58 1 5
33 62 6 1
33 68 4 3
33 88 1 3
33 94 4 2
33 99 7 2
33 103 3 1
33 113 2 2
33 137 2 3
33 150 6 4
33 165 3 3
33 197 3 2
34 1 1 4
34 7 8 3
34 14 1 4
34 19 1 4
34 55 8 1
34 58 3 1
34 63 5 1
34 78 6 4
34 81 7 3
34 91 3 2
34 100 4 3
34 105 4 1
34 112 8 3
34 120 8 1
34 124 1 2
34 134 8 3
34 139 1 2
34 141 1 5
34 148 2 1
34 150 1 5
34 154 1 3
34 156 5 5
34 180 3 1
34 184 6 4
34 197 8 2
35 16 3 2
35 20 2 2
35 30 5 1
35 60 1 5
35 62 3 4
35 72 6 1
35 73 2 4
35 131 3 2
35 142 3 3
35 161 1 4
35 167 5 4
35 179 7 5
36 41 4 3
36 44 6 3
36 45 3 3
36 55 5 4
36 79 8 5
36 106 2 1
36 107 8 3
36 112 4 2
36 115 2 5
36 118 8 2
36 125 3 3
36 138 2 4
36 139 1 1
36 151 8 5
36 152 6 4
36 163 6 2
36 178 5 3
36 188 1 1
36 194 2 4
36 198 6 3
37 5 4 4
37 17 6 2
37 27 6 5
37 42 1 5
37 44 4 4
37 67 2 3
37 71 4 5
37 83 4 3
37 84 8 5
37 86 2 2
37 90 1 1
37 97 2 3
37 98 6 5
37 107 4 4
37 117 8 2
37 135 2 2
37 138 7 3
37 145 8 4
37 152 3 2
37 168 6 2
37 170 1 5
37 182 1 3
37 183 6 5
37 195 4 5
37 198 2 4
38 3 2 2
38 6 4 4
38 31 8 1
38 39 5 4
38 85 8 5
38 95 2 4
38 111 8 4
38 112 3 1
38 132 8 4
38 141 6 1
38 148 2 1
38 173 3 2
38 176 6 4
39 3 5 4
39 6 3 3
39 7 8 3
39 34 3 2
39 41 2 2
39 46 3 2
39 50 2 3
39 53 3 3
39 56 5 5
39 82 6 5
39 100 6 1
39 111 3 4
39 124 5 4
39 127 8 3
39 130 2 2
39 139 7 4
39 153 1 5
39 154 4 3
39 173 3 1
39 176 2 4
39 177 1 5
39 189 6 1
39 197 4 2
40 9 2 4
40 28 6 5
40 37 7 4
40 52 5 3
40 61 7 2
40 71 5 5
40 92 5 2
40 135 3 3
40 145 1 3
40 169 5 3
40 174 3 2
40 196 7 5
41 6 2 5
41 31 4 4
41 38 7 2
41 57 8 2
41 75 7 1
41 77 8 2
41 78 8 3
41 82 2 3
41 85 8 5
41 90 6 4
41 105 8 5
41 108 2 1
41 112 6 4
41 128 2 3
41 130 2 1
41 132 7 2
41 139 8 2
41 141 8 2
41 151 7 5
41 170 4 2
41 173 5 4
41 176 2 4
41 188 4 4
41 194 7 1
41 197 4 4
42 1 6 4
42 8 3 4
42 9 4 2
42 26 7 5
42 40 1 3
42 44 1 4
42 49 5 3
42 52 5 4
42 59 7 5
42 63 8 3
42 66 5 1
42 71 6 4
42 80 3 4
42 92 5 3
42 104 5 2
42 120 8 2
42 126 8 2
42 135 8 5
42 149 3 5
42 183 7 3
42 187 8 5
42 198 7 2
42 199 3 2
43 12 3 5
43 16 5 4
43 20 5 2
43 35 4 1
43 60 5 4
43 73 3 4
43 87 2 1
43 129 7 2
43 131 8 2
43 142 5 5
43 161 6 2
43 181 7 3
44 9 5 1
44 29 7 4
44 34 5 5
44 57 6 3
44 75 2 4
44 84 4 4
44 105 3 4
44 106 8 2
44 109 6 2
44 112 6 3
44 114 5 5
44 126 8 5
44 149 3 5
44 151 7 2
44 156 5 3
44 160 1 2
44 163 8 5
44 190 5 3
45 15 1 2
45 79 2 5
45 85 1 5
45 91 2 2
45 147 5 5
45 164 1 5
45 176 2 5
45 186 8 4
45 192 2 2
46 2 4 3
46 3 7 4
46 7 8 5
46 14 7 2
46 19 1 1
46 34 7 2
46 38 4 4
46 50 8 5
46 53 2 1
46 55 8 1
46 58 4 3
46 68 8 1
46 78 2 3
46 91 2 4
46 111 2 4
46 112 6 3
46 134 2 4
46 140 3 3
46 141 6 3
46 146 5 3
46 148 6 4
46 153 3 4
46 156 1 3
46 173 7 3
46 180 1 1
46 188 8 3
46 197 6 2
47 5 4 5
47 8 1 5
47 40 4 5
47 67 7 4
47 71 1 5
47 83 6 2
47 86 5 4
47 97 2 4
47 98 1 3
47 104 8 4
47 145 8 5
47 158 3 4
47 183 6 3
47 191 4 2
47 195 3 5
47 196 5 5
48 0 7 5
48 1 5 2
48 10 1 2
48 21 3 1
48 23 6 1
48 24 5 3
48 25 8 4
48 32 6 4
48 62 4 4
48 63 7 4
48 65 5 5
48 69 1 5
48 76 7 5
48 92 7 4
48 113 8 4
48 114 7 4
48 116 6 2
48 122 8 5
48 137 6 4
48 144 3 5
48 159 1 2
48 161 1 1
48 171 1 2
48 180 6 3
48 184 2 3
49 13 2 2
49 16 7 4
49 20 3 1
49 28 5 2
49 32 1 1
49 48 4 5
49 54 6 5
49 60 7 2
49 62 1 4
49 64 6 1
49 72 7 3
49 73 6 4
49 80 4 2
49 87 3 3
49 92 3 2
49 114 2 1
49 131 5 1
49 167 4 1
49 171 8 2
49 181 7 1
49 184 4 3
49 187 4 1
49 199 3 5
50 11 3 5
50 19 4 4
50 34 2 4
50 124 1 2
50 139 3 2
50 146 3 4
50 153 4 3
50 177 8 2
50 197 7 2
51 12 1 1
51 30 8 2
51 35 4 5
51 43 5 2
51 73 3 1
51 129 7 5
51 179 6 1
51 181 2 2
52 8 7 2
52 17 3 5
52 37 1 2
52 47 7 4
52 59 7 3
52 71 7 3
52 86 1 1
52 89 7 5
52 104 4 2
52 110 5 2
52 117 2 4
52 121 4 1
52 126 5 1
52 135 8 2
52 143 1 4
52 163 4 3
52 168 6 4
52 169 7 1
52 178 4 4
52 183 2 3
52 191 4 5
52 193 1 3
52 195 8 1
52 199 1 2
53 2 5 3
53 7 4 5
53 14 4 3
53 24 7 4
53 29 3 4
53 34 4 5
53 44 4 3
53 50 1 3
53 68 7 4
53 78 3 2
53 81 2 5
53 88 5 1
53 90 2 2
53 100 4 2
53 114 1 3
53 120 2 3
53 137 7 5
53 139 7 5
53 140 3 1
53 146 4 3
53 149 8 1
53 150 2 2
53 153 5 1
53 173 4 4
53 184 3 3
53 188 7 3
53 190 8 5
54 2 2 1
54 4 3 3
54 13 7 4
54 16 1 5
54 65 3 4
54 68 7 4
54 70 3 1
54 72 3 5
54 96 7 1
54 103 4 4
54 113 8 4
54 116 5 5
54 122 1 5
54 123 3 3
54 165 4 3
54 184 2 1
55 29 5 5
55 31 6 2
55 39 3 4
55 41 1 2
55 44 4 3
55 53 7 3
55 56 3 2
55 58 5 5
55 74 1 5
55 90 5 3
55 102 8 2
55 105 3 1
55 106 7 2
55 120 2 4
55 124 7 3
55 132 4 2
55 137 8 3
55 140 1 3
55 148 5 2
55 153 1 3
55 154 4 3
55 156 6 3
55 162 6 5
55 170 5 2
55 173 6 4
55 177 1 4
55 190 8 2
56 6 6 2
56 15 2 5
56 41 2 4
56 46 4 3
56 50 7 5
56 75 2 2
56 91 5 2
56 100 6 3
56 101 5 5
56 102 2 1
56 112 6 5
56 124 3 2
56 128 4 1
56 139 7 1
56 141 2 3
56 148 3 2
56 153 1 3
56 154 3 2
56 162 1 1
56 176 2 1
57 3 8 2
57 29 2 5
57 36 7 5
57 74 2 2
57 75 5 2
57 77 4 2
57 78 3 3
57 91 8 4
57 102 1 4
57 106 6 5
57 107 8 4
57 108 4 1
57 120 8 1
57 128 1 2
57 133 7 3
57 135 4 3
57 139 3 2
57 152 4 2
57 160 5 1
57 162 5 5
57 176 2 1
57 178 2 5
57 186 4 4
57 192 8 3
58 7 1 3
58 13 3 1
58 24 5 4
58 25 1 3
58 29 4 3
58 32 2 5
58 41 7 2
58 44 2 3
58 48 1 3
58 53 3 4
58 54 1 3
58 62 2 1
58 65 8 3
58 68 4 2
58 74 1 3
58 81 1 3
58 120 3 4
58 124 8 5
58 126 1 1
58 140 5 4
58 149 4 4
58 150 8 2
58 153 8 5
58 160 8 5
58 171 8 3
58 173 2 3
58 180 8 4
58 184 8 4
59 8 3 5
59 9 6 2
59 12 2 5
59 17 4 3
59 40 4 5
59 49 5 4
59 60 8 2
59 61 8 3
59 71 3 3
59 104 2 1
59 143 2 4
59 160 3 4
59 161 6 5
59 169 5 3
59 174 7 2
59 179 4 4
59 183 7 3
59 199 1 4
60 9 7 1
60 16 6 2
60 20 7 5
60 51 1 3
60 61 8 5
60 64 6 2
60 72 8 3
60 161 4 4
60 166 1 4
60 174 8 1
60 179 5 3
60 181 3 3
60 193 4 3
61 8 2 3
61 9 4 4
61 17 7 3
61 28 3 3
61 37 8 3
61 42 1 3
61 44 5 3
61 84 8 5
61 89 3 1
61 97 4 2
61 104 8 2
61 110 6 2
61 114 2 1
61 118 7 4
61 133 4 5
61 135 7 5
61 136 5 1
61 163 2 1
61 166 5 4
61 169 3 4
61 183 7 5
62 13 8 2
62 21 4 1
62 25 2 4
62 30 8 4
62 54 4 1
62 65 7 1
62 68 6 2
62 72 1 5
62 76 3 2
62 87 4 1
62 94 8 5
62 113 5 4
62 131 3 1
62 144 6 3
62 146 1 3
62 149 2 3
62 161 8 3
62 181 7 3
62 187 7 5
63 9 1 4
63 14 6 2
63 26 5 1
63 49 2 3
63 53 7 2
63 58 5 1
63 62 7 4
63 76 1 4
63 78 2 2
63 80 2 5
63 92 6 3
63 112 7 2
63 126 2 2
63 133 3 4
63 136 4 4
63 149 3 2
63 150 8 4
63 156 1 1
63 187 5 4
63 198 7 2
64 12 7 2
64 20 6 2
64 26 1 5
64 30 7 2
64 35 6 2
64 43 1 2
64 51 7 3
64 59 2 5
64 129 3 2
64 131 6 1
64 142 2 1
64 161 6 3
64 167 5 1
64 179 3 4
64 187 1 2
65 0 3 2
65 1 1 5
65 2 4 2
65 7 7 5
65 10 5 4
65 12 1 1
65 13 5 3
65 14 4 1
65 18 2 2
65 24 4 1
65 34 1 5
65 49 7 1
65 76 1 1
65 78 1 3
65 81 8 3
65 94 7 3
65 113 6 1
65 114 5 4
65 149 7 4
65 153 2 2
65 173 1 3
65 185 8 1
65 197 8 4
66 9 1 4
66 17 6 2
66 40 3 5
66 44 4 3
66 47 3 5
66 52 8 3
66 61 6 2
66 84 8 2
66 97 6 3
66 104 2 5
66 107 3 2
66 117 3 5
66 118 1 3
66 121 4 1
66 126 3 4
66 136 4 4
66 143 4 5
66 158 8 3
66 163 6 5
66 169 2 2
66 178 1 5
66 182 5 4
66 191 8 5
66 195 1 3
66 198 3 5
67 5 4 5
67 27 4 4
67 52 4 4
67 86 4 2
67 121 1 5
67 158 3 4
68 2 5 4
68 14 6 5
68 19 2 1
68 22 6 1
68 48 3 2
68 65 3 2
68 70 5 3
68 80 6 1
68 81 4 5
68 88 5 4
68 93 3 5
68 96 8 3
68 99 7 5
68 100 8 2
68 123 7 5
68 134 4 2
68 157 2 4
68 165 3 2
68 175 6 1
68 185 2 3
68 197 3 2
69 1 7 2
69 2 3 4
69 3 7 4
69 10 2 5
69 11 8 2
69 13 2 1
69 19 4 2
69 23 8 2
69 24 1 1
69 32 1 4
69 34 7 4
69 46 8 3
69 53 2 5
69 54 7 5
69 58 7 1
69 62 7 3
69 63 6 3
69 65 8 4
69 68 1 3
69 70 2 5
69 96 2 3
69 99 8 5
69 103 5 2
69 106 8 5
69 113 1 5
69 119 6 3
69 150 1 5
69 153 5 3
69 184 3 1
69 197 2 1
70 0 8 3
70 2 8 2
70 13 8 5
70 25 6 2
70 33 3 1
70 76 4 4
70 81 8 2
70 96 3 3
70 99 8 3
70 113 2 2
70 123 8 5
70 155 2 5
70 172 8 3
71 17 1 1
71 28 3 1
71 66 7 3
71 83 4 2
71 97 4 2
71 121 8 5
71 143 6 1
71 145 6 4
71 196 3 3
72 18 8 5
72 21 4 3
72 24 1 4
72 26 6 5
72 32 2 3
72 48 4 5
72 65 1 5
72 73 7 5
72 80 6 1
72 94 4 4
72 114 1 4
72 116 4 5
72 137 2 2
72 142 4 3
72 181 7 5
72 184 8 5
72 187 2 4
72 199 1 5
73 9 4 1
73 32 3 3
73 59 2 5
73 60 7 5
73 87 1 4
73 92 5 1
73 129 5 5
73 142 3 4
73 159 7 4
73 166 2 2
73 174 6 1
73 181 5 3
73 187 1 4
73 199 8 4
74 1 2 4
74 3 5 1
74 17 1 5
74 34 5 2
74 36 7 3
74 44 8 4
74 53 5 2
74 63 6 3
74 80 3 2
74 85 7 2
74 91 4 5
74 106 3 1
74 108 7 2
74 118 4 1
74 120 6 3
74 135 4 3
74 137 2 4
74 148 8 1
74 151 4 5
74 152 5 5
74 162 7 1
74 163 6 3
74 180 3 5
74 188 4 1
74 190 8 2
74 194 3 2
74 198 4 3
75 3 5 2
75 6 1 1
75 31 8 4
75 36 4 1
75 45 7 2
75 55 6 5
75 74 7 3
75 77 4 3
75 79 6 2
75 85 4 3
75 91 6 4
75 95 6 2
75 102 1 5
75 105 5 2
75 106 2 1
75 107 5 5
75 111 8 5
75 112 5 1
75 127 5 1
75 139 6 5
75 151 3 2
75 152 4 5
75 153 7 3
75 170 8 2
75 176 8 5
75 178 1 2
76 12 7 4
76 13 2 3
76 24 5 1
76 49 1 5
76 53 6 4
76 58 4 1
76 69 8 5
76 72 2 4
76 88 5 3
76 96 7 1
76 103 3 5
76 113 6 2
76 116 3 3
76 122 7 5
76 123 2 5
76 137 3 1
76 149 5 2
76 150 3 2
76 159 4 2
76 165 8 1
76 197 2 5
77 6 2 1
77 15 1 3
77 31 3 1
77 36 1 2
77 38 1 5
77 45 8 4
77 55 4 1
77 56 5 2
77 82 3 4
77 90 5 4
77 105 7 4
77 108 5 5
77 125 3 1
77 128 6 5
77 147 5 2
77 153 1 2
77 162 3 4
77 176 6 4
77 194 4 1
77 198 2 2
78 3 2 1
78 7 7 5
78 24 1 5
78 44 3 4
78 48 4 5
78 55 6 1
78 68 7 1
78 69 2 5
78 74 1 4
78 80 7 5
78 90 1 1
78 91 5 5
78 112 6 4
78 114 4 3
78 120 6 4
78 134 6 3
78 156 5 4
78 160 5 3
78 180 8 5
78 188 4 1
78 190 4 5
78 194 1 2
79 56 7 1
79 77 5 2
79 85 5 3
79 91 3 3
79 95 6 5
79 101 3 5
79 102 3 1
79 147 1 2
79 176 5 4
80 14 5 3
80 24 7 2
80 32 3 5
80 34 1 1
80 44 3 1
80 48 4 4
80 58 4 3
80 62 1 4
80 69 3 1
80 84 4 1
80 88 5 4
80 89 5 2
80 90 7 3
80 106 2 2
80 113 4 4
80 114 8 1
80 120 7 3
80 126 7 5
80 133 6 3
80 136 4 4
80 153 2 2
80 160 7 2
80 163 7 2
80 170 6 1
80 173 2 2
80 180 8 4
80 184 3 3
80 187 7 3
80 198 4 5
81 3 4 1
81 4 4 2
81 7 1 1
81 10 2 4
81 11 7 4
81 13 2 4
81 14 6 3
81 24 8 5
81 25 4 4
81 33 7 4
81 50 2 5
81 54 5 2
81 69 8 1
81 76 5 1
81 78 3 1
81 88 3 1
81 94 6 2
81 99 5 5
81 103 5 5
81 124 4 5
81 140 7 2
81 141 7 4
81 146 8 1
81 148 8 1
81 154 4 3
81 165 8 3
81 173 2 1
81 184 6 4
82 6 5 1
82 79 4 5
82 91 2 2
82 101 1 2
82 108 1 1
82 124 2 2
82 125 8 3
82 148 4 5
82 164 2 4
82 176 2 2
83 5 6 4
83 8 2 3
83 42 7 4
83 52 8 5
83 66 3 1
83 67 4 1
83 84 8 4
83 86 6 2
83 98 2 2
83 117 2 4
83 118 8 4
83 135 1 1
83 143 6 2
83 163 7 2
83 168 7 1
83 169 1 1
84 3 5 5
84 9 8 5
84 29 2 2
84 42 6 3
84 52 7 2
84 57 6 5
84 63 1 1
84 74 4 5
84 75 5 4
84 89 8 5
84 107 6 4
84 109 6 4
84 115 6 4
84 120 6 5
84 126 1 2
84 149 1 1
84 152 4 2
84 169 8 2
84 180 7 4
84 190 3 2
84 194 4 4
84 195 8 5
85 6 4 1
85 31 2 1
85 36 5 4
85 55 2 1
85 57 8 3
85 77 2 3
85 82 3 2
85 91 6 1
85 101 4 5
85 102 6 2
85 108 7 1
85 111 2 5
85 112 8 4
85 128 8 1
85 147 4 1
85 148 2 4
85 156 3 1
85 162 7 2
85 188 2 1
85 190 8 5
85 194 5 1
86 5 3 1
86 98 3 3
86 104 5 4
86 107 7 3
86 115 6 1
86 117 4 3
86 118 2 2
86 145 2 1
86 151 2 2
86 152 7 2
86 163 3 5
86 169 8 4
86 178 1 4
86 182 6 1
86 195 1 4
86 196 6 3
87 12 8 5
87 16 2 4
87 20 5 5
87 51 2 2
87 59 6 1
87 64 6 2
87 92 2 1
87 129 3 5
87 142 4 4
87 159 7 3
87 167 8 4
87 171 5 1
87 179 2 4
87 181 8 5
87 187 3 1
88 2 1 5
88 4 2 1
88 7 1 1
88 10 8 2
88 11 2 4
88 13 4 5
88 14 6 5
88 18 3 4
88 22 3 1
88 25 4 2
88 34 3 2
88 46 3 2
88 48 5 2
88 54 1 3
88 63 6 4
88 65 5 5
88 69 2 4
88 78 6 4
88 99 1 2
88 116 6 5
88 119 6 4
88 123 5 1
88 130 1 5
88 171 1 5
89 8 6 5
89 30 6 2
89 37 3 5
89 40 1 4
89 44 1 1
89 59 6 3
89 63 4 1
89 66 8 5
89 71 2 5
89 83 7 2
89 86 2 2
89 92 4 1
89 117 1 2
89 126 4 3
89 135 7 1
89 143 8 5
89 149 4 1
89 166 8 2
89 170 3 5
89 174 2 1
89 195 8 1
89 198 2 2
90 3 4 1
90 9 5 4
90 34 5 4
90 36 7 1
90 44 1 4
90 57 3 3
90 58 5 1
90 63 1 1
90 75 3 5
90 89 4 3
90 105 7 1
90 108 2 5
90 112 5 3
90 136 6 2
90 148 8 1
90 149 8 4
90 170 2 5
90 190 1 2
90 194 1 1
91 19 5 4
91 36 3 4
91 38 1 3
91 41 2 1
91 44 7 4
91 55 6 3
91 77 5 2
91 90 6 2
91 102 5 5
91 105 6 2
91 106 7 3
91 108 8 4
91 128 4 1
91 132 1 5
91 148 1 2
91 153 5 3
91 154 5 1
91 156 2 1
91 173 4 2
91 180 3 1
92 9 8 3
92 28 7 1
92 32 5 3
92 44 8 1
92 60 6 4
92 62 2 2
92 64 1 1
92 137 7 2
92 174 7 5
92 184 3 5
92 193 1 3
92 199 3 2
93 2 6 2
93 81 3 1
93 88 2 4
93 103 3 5
93 155 7 5
93 185 3 2
94 2 6 3
94 3 3 5
94 11 2 4
94 21 2 5
94 34 1 5
94 48 6 3
94 49 1 2
94 53 2 2
94 54 6 3
94 58 6 5
94 76 4 5
94 80 7 5
94 88 1 2
94 99 3 3
94 119 1 2
94 120 6 3
94 123 4 4
94 153 6 4
94 173 2 3
94 184 4 5
94 185 6 1
95 6 3 3
95 36 6 5
95 41 5 4
95 55 5 2
95 77 4 4
95 82 3 1
95 85 4 4
95 91 8 4
95 105 7 4
95 127 4 4
95 128 5 2
95 132 6 3
95 139 8 1
95 154 8 5
95 156 4 5
95 176 7 1
95 177 2 2
96 0 7 2
96 4 1 3
96 10 7 4
96 21 3 5
96 23 3 5
96 24 4 2
96 88 5 4
96 93 4 4
96 119 2 4
96 144 6 4
96 172 1 5
96 175 6 1
97 5 8 3
97 17 4 4
97 27 3 3
97 67 7 4
97 83 4 3
97 86 3 2
97 104 4 5
97 110 1 3
97 121 8 4
97 143 1 1
97 158 8 2
97 169 5 1
97 196 8 2
98 27 1 3
98 52 7 1
98 66 2 4
98 67 1 1
98 97 5 3
98 121 5 2
98 138 7 2
98 145 6 2
98 158 2 1
98 182 2 2
98 191 6 2
99 7 1 1
99 10 3 1
99 14 8 3
99 18 7 5
99 22 6 5
99 23 7 4
99 24 8 1
99 25 1 4
99 54 5 5
99 76 4 4
99 119 8 1
99 123 2 2
99 130 2 3
99 150 2 4
99 175 3 1
99 185 2 4
100 2 6 2
100 7 5 3
100 14 1 3
100 19 5 1
100 38 6 1
100 41 5 4
100 50 1 5
100 55 3 5
100 81 5 5
100 111 4 2
100 124 3 5
100 140 2 4
100 146 7 4
100 153 1 1
100 156 7 3
100 173 3 4
100 177 8 4
100 188 5 4
101 6 5 1
101 31 3 1
101 38 7 1
101 41 4 3
101 45 3 5
101 77 1 2
101 108 3 2
101 125 6 3
101 127 6 3
101 139 2 4
101 147 6 1
101 148 1 1
101 162 8 4
101 188 4 2
102 3 8 1
102 6 6 2
102 29 1 1
102 31 4 3
102 36 3 5
102 41 2 5
102 45 2 1
102 74 1 1
102 95 3 2
102 105 5 2
102 106 3 2
102 127 8 5
102 138 5 3
102 139 5 1
102 147 4 2
102 148 3 2
102 152 2 2
102 170 6 4
102 176 7 1
102 190 4 2
103 10 7 3
103 18 2 4
103 48 5 3
103 65 5 3
103 68 3 1
103 70 5 5
103 88 4 1
103 96 6 4
103 99 3 5
103 113 6 5
103 119 6 5
103 123 7 5
103 150 6 3
103 157 8 5
103 185 2 1
103 197 7 5
104 8 7 3
104 26 3 4
104 40 7 5
104 67 3 2
104 71 5 3
104 84 7 1
104 89 3 4
104 126 1 2
104 136 8 1
104 138 5 2
104 143 4 2
104 183 5 4
104 196 8 2
105 1 8 3
105 57 6 4
105 74 7 5
105 78 6 1
105 84 6 3
105 85 4 3
105 107 4 5
105 112 7 2
105 120 6 3
105 125 6 2
105 126 2 3
105 127 3 3
105 138 1 4
105 139 4 2
105 151 5 1
105 152 3 2
105 160 3 5
105 163 2 3
105 170 7 3
105 178 3 5
105 180 6 2
105 186 7 1
105 188 2 2
105 192 4 4
105 194 2 5
106 19 4 5
106 46 3 3
106 58 2 1
106 63 4 4
106 65 2 5
106 77 2 5
106 84 4 3
106 94 2 4
106 105 8 4
106 108 8 5
106 112 2 3
106 126 2 5
106 130 4 4
106 137 6 3
106 139 2 5
106 140 6 2
106 151 5 3
106 154 3 4
106 163 3 4
106 170 5 3
106 184 3 1
106 188 4 5
106 198 8 4
107 29 2 2
107 74 1 1
107 90 5 5
107 98 1 1
107 102 2 1
107 108 6 2
107 115 1 1
107 126 7 2
107 136 6 3
107 138 2 1
107 151 6 1
107 152 5 4
107 178 6 5
107 182 4 5
107 186 7 3
107 190 3 4
107 192 8 2
107 198 5 1
108 3 3 3
108 55 7 2
108 56 1 5
108 79 2 5
108 95 2 5
108 102 1 2
108 111 6 5
108 112 2 4
108 128 1 3
108 151 3 2
108 178 2 4
108 188 7 5
108 192 2 4
109 1 8 1
109 26 3 4
109 29 6 1
109 37 7 4
109 40 6 4
109 42 1 5
109 61 3 3
109 63 2 5
109 66 3 3
109 74 8 5
109 83 3 1
109 90 8 2
109 92 8 4
109 104 1 2
109 114 8 4
109 136 1 3
109 143 5 5
109 163 8 1
109 174 7 5
109 178 6 3
109 180 8 4
109 193 1 5
109 198 8 2
109 199 8 5
110 17 7 3
110 40 1 1
110 47 3 4
110 66 4 1
110 67 1 3
110 71 4 4
110 83 2 4
110 104 1 4
110 121 8 2
110 135 8 2
110 143 6 4
110 158 1 2
110 169 8 3
110 193 8 1
110 195 3 5
110 196 4 2
111 3 7 4
111 15 3 4
111 31 4 5
111 56 8 2
111 77 3 2
111 82 2 2
111 91 3 5
111 101 1 2
111 124 7 5
111 125 4 2
111 128 6 5
111 132 1 5
111 139 8 5
111 140 3 1
111 141 2 2
111 156 8 4
111 162 1 2
111 173 7 1
112 1 3 2
112 3 5 3
112 19 4 3
112 29 8 3
112 53 5 3
112 55 2 1
112 58 3 1
112 74 7 3
112 80 2 4
112 91 3 2
112 102 5 2
112 111 3 4
112 126 6 5
112 133 6 1
112 149 7 4
112 151 8 3
112 153 6 1
112 170 1 5
112 173 5 5
112 176 4 2
112 180 7 2
112 188 3 3
112 190 4 1
112 197 4 3
113 2 3 1
113 13 8 5
113 14 5 4
113 25 6 3
113 32 5 3
113 53 5 2
113 58 4 1
113 68 6 5
113 72 2 2
113 78 8 1
113 94 3 2
113 99 3 2
113 137 5 2
113 144 1 1
113 146 4 4
113 165 3 5
113 173 4 2
113 175 2 1
113 184 6 2
113 197 3 2
114 1 3 3
114 9 2 5
114 12 7 2
114 24 4 5
114 25 5 1
114 30 1 1
114 32 3 4
114 58 4 2
114 59 6 2
114 62 1 4
114 63 2 3
114 69 7 3
114 73 8 3
114 76 6 3
114 84 2 2
114 89 3 5
114 92 6 4
114 94 5 5
114 161 2 2
114 166 2 4
114 180 8 1
114 187 1 5
114 193 6 3
115 5 5 2
115 37 6 2
115 98 5 3
115 118 8 4
115 136 8 4
115 138 5 4
115 152 1 1
115 182 7 3
115 186 8 3
115 192 1 5
115 195 1 1
116 0 6 3
116 12 5 5
116 18 7 2
116 23 5 1
116 24 6 2
116 25 7 2
116 32 6 4
116 33 5 2
116 49 1 1
116 62 1 5
116 65 8 1
116 68 2 5
116 69 5 4
116 70 7 5
116 94 6 3
116 96 4 2
116 99 1 2
116 122 8 2
116 144 2 1
116 146 5 3
116 159 4 2
116 171 5 5
117 5 4 1
117 47 4 5
117 67 7 5
117 97 4 2
117 98 1 5
117 107 7 4
117 110 5 5
117 143 6 4
117 145 6 1
117 168 3 3
117 178 6 1
118 5 5 1
118 29 8 3
118 42 1 3
118 44 5 2
118 52 2 5
118 57 3 1
118 84 5 4
118 89 5 5
118 107 6 3
118 109 7 5
118 117 8 4
118 120 6 4
118 152 8 3
118 160 2 3
118 168 3 5
118 169 2 3
118 178 4 4
118 183 1 4
118 194 4 2
119 4 4 4
119 21 6 4
119 24 3 2
119 33 2 4
119 48 3 2
119 54 7 5
119 62 1 1
119 65 7 5
119 68 2 3
119 70 6 5
119 72 7 3
119 76 2 1
119 93 6 1
119 113 6 5
119 116 1 5
119 123 3 1
119 175 7 2
119 184 2 1
119 185 7 2
120 3 4 1
120 9 3 5
120 17 6 2
120 44 3 3
120 63 1 2
120 65 3 2
120 75 8 2
120 89 6 5
120 90 7 1
120 91 3 3
120 106 7 2
120 109 3 2
120 112 5 2
120 135 7 1
120 140 2 5
120 150 5 5
120 160 4 2
120 163 1 1
120 169 8 5
120 170 7 4
120 180 6 5
120 183 5 2
120 198 2 2
121 17 1 4
121 27 2 4
121 86 1 1
121 104 7 2
121 117 4 4
121 158 1 4
122 12 8 3
122 13 2 5
122 16 5 4
122 20 5 2
122 21 6 5
122 24 1 2
122 43 7 5
122 62 5 4
122 72 8 2
122 73 2 1
122 119 1 4
122 129 1 2
122 131 8 2
122 144 3 1
122 159 7 3
122 187 7 4
123 0 4 1
123 2 1 5
123 7 6 4
123 13 1 1
123 14 3 5
123 18 1 1
123 21 1 2
123 32 2 1
123 53 8 2
123 58 3 5
123 62 5 2
123 65 8 2
123 69 6 1
123 72 8 1
123 78 1 2
123 81 3 1
123 93 5 2
123 96 8 4
123 116 8 3
123 130 7 4
123 144 8 3
123 146 1 5
123 180 5 2
123 184 5 2
123 185 7 1
124 3 1 5
124 7 8 4
124 31 6 4
124 38 8 1
124 46 2 3
124 78 6 2
124 85 8 3
124 112 7 2
124 127 4 2
124 130 7 4
124 132 3 4
124 139 5 2
124 141 8 5
124 148 7 3
124 153 7 1
124 156 5 4
124 162 6 1
124 176 7 4
124 180 5 1
124 190 7 1
125 3 3 4
125 29 6 3
125 38 8 4
125 41 8 2
125 45 5 2
125 55 1 1
125 56 2 1
125 57 3 5
125 74 6 5
125 75 5 5
125 79 8 2
125 85 7 5
125 90 3 5
125 91 6 5
125 102 8 1
125 106 4 5
125 107 5 1
125 112 1 4
125 128 4 1
125 153 7 1
125 156 8 5
125 178 2 1
125 188 3 3
125 190 7 5
126 1 7 3
126 29 8 4
126 37 8 3
126 57 8 3
126 61 4 3
126 78 3 3
126 90 1 4
126 109 1 5
126 114 1 3
126 120 6 1
126 137 4 3
126 138 1 3
126 149 4 3
126 160 2 5
126 169 3 5
126 180 8 4
126 183 4 4
126 193 1 5
126 199 7 3
127 36 5 4
127 38 2 2
127 41 3 4
127 45 8 4
127 55 8 4
127 56 4 2
127 79 8 2
127 82 5 5
127 111 1 3
127 112 2 4
127 125 6 2
127 128 5 5
127 139 8 2
127 148 3 4
127 156 8 5
127 176 8 4
127 177 1 1
127 188 7 4
128 15 7 3
128 29 1 2
128 31 6 3
128 38 8 2
128 45 6 2
128 74 8 1
128 75 5 3
128 79 3 4
128 82 8 3
128 101 4 1
128 102 3 1
128 105 5 1
128 106 3 4
128 112 3 3
128 124 1 2
128 132 7 2
128 138 1 1
128 156 8 1
128 176 1 1
128 192 6 5
128 198 1 2
129 18 1 2
129 32 5 3
129 35 2 2
129 49 3 3
129 60 2 2
129 72 5 2
129 131 7 3
129 159 6 3
129 187 1 3
130 3 7 1
130 4 1 5
130 14 3 1
130 22 6 4
130 24 2 3
130 34 8 2
130 46 7 1
130 50 6 2
130 53 2 2
130 54 3 4
130 55 4 5
130 58 1 1
130 68 4 5
130 69 3 4
130 76 3 1
130 78 4 5
130 80 1 1
130 81 1 4
130 100 6 1
130 103 7 2
130 112 2 3
130 113 5 3
130 134 2 2
130 137 1 5
130 139 3 4
130 146 7 1
130 148 5 2
130 153 7 5
130 154 2 5
130 173 3 2
130 175 6 2
130 185 8 4
131 13 3 3
131 16 3 5
131 48 2 3
131 76 3 3
131 87 4 5
131 116 4 2
131 150 2 4
131 159 1 1
131 161 7 4
131 181 2 3
132 39 4 2
132 46 6 4
132 50 1 5
132 79 4 2
132 101 6 4
132 127 6 3
132 139 4 5
132 141 1 1
132 153 6 4
132 154 2 5
132 156 2 1
132 164 2 1
133 9 7 5
133 17 5 5
133 34 3 3
133 58 8 5
133 65 3 3
133 66 1 3
133 74 5 1
133 78 6 5
133 89 5 4
133 92 8 5
133 104 4 2
133 105 8 5
133 106 1 1
133 109 5 3
133 114 3 3
133 118 5 5
133 126 2 2
133 137 1 4
133 149 2 2
133 160 1 1
133 170 2 2
133 178 1 1
133 180 2 5
133 190 3 4
133 193 8 5
133 194 1 3
133 199 1 2
134 7 2 3
134 11 7 3
134 14 2 4
134 22 8 4
134 33 5 3
134 39 7 5
134 50 8 4
134 53 8 4
134 58 3 4
134 69 3 4
134 81 6 4
134 88 5 3
134 100 5 4
134 103 7 1
134 113 8 2
134 146 3 4
134 156 4 4
134 157 7 4
135 9 1 5
135 44 5 5
135 84 3 2
135 90 1 1
135 98 5 5
135 104 7 3
135 105 8 2
135 107 8 5
135 109 4 2
135 118 5 4
135 126 4 2
135 136 1 2
135 160 1 4
135 163 3 4
135 168 2 1
135 169 8 5
135 178 5 2
135 182 1 2
135 183 7 3
135 194 2 3
136 1 1 2
136 29 3 4
136 37 5 1
136 42 3 4
136 44 6 2
136 52 4 2
136 57 4 4
136 74 5 2
136 83 8 2
136 84 8 1
136 86 2 2
136 89 1 3
136 98 7 1
136 117 1 3
136 126 7 5
136 133 3 2
136 138 6 1
136 149 2 3
136 160 8 1
136 170 2 4
136 195 7 5
136 198 2 1
137 2 5 5
137 7 7 5
137 9 1 1
137 21 6 2
137 24 7 2
137 25 6 5
137 29 3 3
137 34 4 5
137 44 2 1
137 46 3 2
137 49 5 5
137 54 3 4
137 63 1 3
137 65 6 3
137 68 2 3
137 78 5 3
137 80 1 1
137 81 5 1
137 88 1 3
137 94 2 1
137 109 6 5
137 112 5 4
137 116 2 1
137 120 7 5
137 123 2 1
137 150 7 5
137 160 7 5
137 170 1 2
137 171 4 5
137 184 4 5
137 187 3 4
138 44 1 2
138 57 5 3
138 77 4 1
138 86 1 4
138 90 2 4
138 91 3 3
138 108 6 5
138 109 4 5
138 112 2 5
138 133 1 1
138 135 2 4
138 170 4 2
138 183 2 5
138 192 6 4
138 195 5 1
138 198 6 5
139 29 6 4
139 31 3 3
139 38 2 1
139 46 7 4
139 55 4 2
139 58 1 3
139 74 7 4
139 77 4 3
139 78 7 1
139 81 4 5
139 82 7 5
139 85 8 2
139 91 3 5
139 108 7 3
139 125 4 3
139 128 6 3
139 134 8 4
139 141 4 1
139 153 1 5
139 173 8 4
139 180 1 4
139 197 6 1
140 11 1 3
140 14 3 2
140 29 5 5
140 34 6 3
140 38 1 2
140 41 1 3
140 50 2 3
140 56 4 4
140 63 6 4
140 65 5 1
140 68 1 5
140 69 7 1
140 74 6 2
140 78 5 2
140 80 2 4
140 91 3 2
140 94 7 2
140 112 4 5
140 113 8 3
140 124 4 2
140 130 4 1
140 132 3 5
140 134 2 4
140 137 1 5
140 139 5 4
140 141 3 2
140 146 8 4
140 148 8 2
140 154 8 2
140 185 4 2
140 189 2 4
140 197 1 2
141 2 8 5
141 6 1 5
141 7 6 4
141 19 6 5
141 50 3 2
141 53 5 2
141 55 6 1
141 100 7 1
141 134 1 5
141 156 2 2
141 162 8 4
141 173 6 4
141 188 1 3
141 189 1 3
141 197 6 1
142 18 2 3
142 20 4 5
142 48 7 1
142 49 7 4
142 51 4 4
142 60 4 5
142 62 2 2
142 122 3 3
142 129 2 5
142 144 6 2
142 161 7 3
142 171 1 1
143 8 1 3
143 26 2 5
143 40 7 1
143 42 2 1
143 47 3 1
143 61 6 4
143 67 7 2
143 135 5 2
143 136 5 1
143 169 7 3
143 193 7 2
144 10 3 1
144 12 1 5
144 20 4 2
144 23 2 1
144 24 5 2
144 35 5 4
144 49 7 4
144 72 8 2
144 76 6 4
144 87 4 4
144 129 2 5
144 131 1 3
144 150 3 5
144 159 4 5
144 171 7 3
144 187 6 3
145 5 5 2
145 8 1 2
145 17 8 5
145 52 6 5
145 66 3 1
145 83 1 5
145 97 2 5
145 104 6 3
145 110 1 5
145 121 1 3
145 143 7 5
145 168 1 1
145 195 8 4
145 196 4 1
146 1 7 1
146 13 1 4
146 19 8 4
146 34 3 4
146 54 2 1
146 63 6 2
146 69 1 2
146 76 3 3
146 78 4 5
146 80 8 4
146 96 2 1
146 114 1 3
146 119 8 3
146 137 2 2
146 149 3 4
146 165 7 4
146 173 2 5
146 180 2 4
147 6 4 2
147 36 8 1
147 82 7 5
147 125 2 1
147 127 4 3
147 128 4 5
147 164 3 2
147 176 8 2
148 3 4 4
148 6 5 4
148 14 3 1
148 19 3 1
148 29 1 4
148 31 1 4
148 41 7 2
148 50 6 5
148 53 6 5
148 57 5 2
148 58 7 2
148 75 1 2
148 77 7 4
148 78 3 5
148 95 1 2
148 105 6 3
148 106 3 5
148 111 6 1
148 112 7 1
148 125 2 1
148 128 2 2
148 134 6 3
148 141 4 5
148 153 8 3
148 162 8 4
148 180 7 2
148 190 8 5
148 194 1 2
149 12 1 2
149 16 5 5
149 24 3 4
149 25 6 3
149 30 2 5
149 32 8 2
149 34 4 4
149 49 8 2
149 59 7 1
149 72 4 4
149 92 7 2
149 94 1 3
149 106 5 1
149 109 3 4
149 114 7 1
149 137 8 5
149 160 8 4
149 171 3 3
149 184 5 1
150 7 3 1
150 23 6 1
150 24 7 3
150 25 6 2
150 48 4 5
150 49 4 1
150 54 5 3
150 62 5 3
150 72 6 5
150 80 3 4
150 81 1 1
150 88 5 2
150 94 2 3
150 114 3 3
150 116 4 1
150 122 8 1
150 123 5 4
150 160 1 5
150 180 2 2
150 185 1 3
150 187 5 2
151 55 6 4
151 57 1 5
151 77 6 4
151 84 8 2
151 85 2 2
151 90 1 2
151 91 6 1
151 102 2 5
151 115 1 2
151 126 2 1
151 128 6 1
151 136 1 5
151 138 6 1
151 156 1 1
151 176 2 5
151 178 5 4
151 182 2 2
151 186 5 3
152 44 7 1
152 66 1 5
152 90 6 4
152 98 6 4
152 104 1 4
152 126 3 1
152 135 2 1
152 136 1 5
152 138 6 3
152 151 5 2
152 163 1 1
152 182 1 3
152 183 1 3
152 191 7 4
152 192 3 3
152 195 5 3
152 198 8 2
153 6 7 5
153 7 7 5
153 14 3 4
153 29 6 3
153 34 7 1
153 38 3 3
153 41 2 2
153 44 3 2
153 57 8 1
153 68 6 5
153 81 5 3
153 90 5 2
153 106 1 5
153 111 7 3
153 128 8 2
153 134 5 2
153 137 1 5
153 141 8 3
153 146 1 4
153 156 4 4
153 160 7 3
153 170 1 3
153 180 3 4
153 184 7 3
153 198 7 5
154 3 7 1
154 19 4 5
154 31 1 4
154 38 7 2
154 41 2 5
154 46 6 5
154 53 5 2
154 75 6 2
154 85 7 3
154 100 5 4
154 101 2 1
154 111 1 3
154 112 7 3
154 124 3 5
154 125 2 1
154 128 8 1
154 134 2 1
154 139 1 5
154 141 7 3
154 148 5 2
154 153 8 3
154 173 6 3
154 188 4 4
155 11 7 1
155 22 2 5
155 33 4 5
155 96 1 2
155 99 6 4
155 103 4 1
155 165 7 2
155 172 6 3
155 175 3 5
155 189 7 2
156 1 6 3
156 3 7 5
156 6 7 2
156 7 6 3
156 25 4 1
156 36 4 4
156 39 4 2
156 53 7 5
156 56 4 1
156 74 5 1
156 77 7 5
156 81 1 5
156 105 6 1
156 112 2 2
156 120 2 4
156 130 1 2
156 137 1 5
156 148 1 5
156 154 6 3
156 162 1 1
156 173 5 4
156 188 4 1
156 197 6 1
156 198 8 3
157 0 6 3
157 2 6 2
157 23 3 1
157 33 7 4
157 81 7 1
157 88 3 3
157 93 8 1
157 100 8 1
157 155 5 3
157 185 4 1
157 189 1 3
158 27 4 2
158 40 8 2
158 52 6 2
158 61 2 5
158 71 4 3
158 83 8 2
158 86 5 1
158 89 5 3
158 135 6 3
158 143 2 1
158 145 7 4
158 191 1 1
158 195 4 4
158 196 1 2
159 18 5 4
159 20 4 3
159 21 7 3
159 35 7 1
159 43 4 5
159 49 4 1
159 54 7 5
159 62 6 1
159 119 6 4
159 142 8 1
159 150 8 4
159 161 1 1
159 187 2 3
160 1 4 4
160 14 1 1
160 53 4 3
160 61 5 4
160 63 4 4
160 65 4 4
160 74 2 3
160 89 1 1
160 90 6 1
160 92 8 5
160 106 1 3
160 109 5 2
160 114 8 3
160 138 6 5
160 156 8 4
160 170 5 3
160 178 4 2
160 183 1 4
160 198 3 4
160 199 4 2
161 18 2 1
161 30 4 3
161 32 4 4
161 51 6 1
161 73 4 4
161 87 7 2
161 92 3 5
161 122 7 5
161 129 2 5
161 144 1 1
161 174 2 1
161 187 5 4
161 199 5 4
162 19 2 1
162 36 1 3
162 38 3 4
162 39 2 4
162 41 1 1
162 45 8 5
162 46 5 1
162 82 6 3
162 90 7 2
162 91 5 3
162 95 3 1
162 105 1 5
162 108 4 5
162 112 2 1
162 127 4 1
162 128 2 2
162 139 6 3
162 140 8 2
162 153 6 5
162 154 4 4
162 164 5 5
162 170 4 5
162 173 5 4
162 176 5 3
162 180 5 1
162 198 4 1
163 1 4 2
163 17 1 1
163 37 1 3
163 57 5 4
163 63 1 2
163 75 8 5
163 84 8 5
163 89 4 3
163 90 5 5
163 104 3 5
163 115 2 5
163 118 2 3
163 126 3 5
163 133 6 5
163 136 2 2
163 138 5 4
163 149 6 1
163 151 3 5
163 160 4 5
163 168 1 5
163 169 2 2
163 178 7 1
163 180 4 5
163 193 5 1
163 194 3 5
163 198 6 2
164 6 5 3
164 15 1 1
164 31 4 2
164 38 2 5
164 56 8 2
164 77 6 2
164 79 3 2
164 85 6 2
164 95 1 3
164 108 5 1
164 111 1 2
164 127 7 1
164 128 6 2
164 177 7 3
164 188 7 3
165 0 1 3
165 2 7 2
165 7 4 2
165 13 3 4
165 21 5 1
165 23 5 5
165 69 8 5
165 70 6 5
165 88 3 3
165 96 3 3
165 99 2 5
165 103 2 3
165 116 5 2
165 123 8 3
165 157 1 3
165 175 4 3
165 185 2 4
166 8 5 1
166 30 6 5
166 40 3 4
166 42 2 3
166 49 1 1
166 51 7 5
166 59 2 5
166 64 7 2
166 72 2 4
166 87 2 1
166 109 2 2
166 133 3 3
166 143 7 3
166 149 3 4
166 161 4 1
166 169 6 4
166 193 3 2
167 20 1 4
167 30 4 2
167 43 2 2
167 51 4 4
167 60 6 4
167 122 5 4
167 129 6 1
167 131 1 3
167 142 7 3
167 159 1 4
167 161 3 2
167 179 2 5
167 187 5 5
168 40 2 4
168 59 1 4
168 61 7 4
168 67 3 1
168 71 5 5
168 84 7 5
168 86 3 1
168 89 1 2
168 104 6 5
168 109 3 2
168 136 1 3
168 143 2 1
168 158 8 5
168 195 5 2
169 8 2 2
169 9 1 5
169 17 5 4
169 37 8 5
169 44 3 1
169 71 7 3
169 89 6 2
169 92 3 3
169 104 8 4
169 109 4 1
169 117 5 4
169 133 6 4
169 136 2 2
169 138 3 3
169 145 3 3
169 152 7 5
169 158 5 1
169 160 6 4
169 178 5 4
169 183 7 5
169 193 3 1
169 198 5 4
170 9 7 1
170 29 5 4
170 36 8 2
170 44 3 4
170 57 1 4
170 63 2 5
170 74 4 3
170 78 5 1
170 84 5 5
170 86 2 2
170 91 7 5
170 107 3 2
170 108 5 4
170 125 8 1
170 126 7 2
170 135 5 5
170 149 1 2
170 151 7 3
170 152 3 1
170 156 7 3
170 163 3 5
170 183 5 2
170 190 1 2
170 194 3 5
170 198 4 3
171 1 1 5
171 10 2 3
171 14 7 3
171 16 3 1
171 23 8 5
171 24 2 3
171 30 3 3
171 32 4 2
171 54 1 1
171 62 3 5
171 68 1 4
171 69 1 5
171 72 2 3
171 73 5 5
171 76 4 3
171 92 5 4
171 94 4 4
171 114 3 4
171 119 1 1
171 123 5 5
171 129 5 3
171 131 1 3
171 150 1 2
171 159 6 1
171 167 7 2
171 185 2 1
171 187 2 2
172 22 1 3
172 93 8 2
172 99 3 1
172 157 5 4
172 165 4 3
173 2 8 4
173 25 8 3
173 34 8 1
173 50 7 5
173 68 7 1
173 69 7 4
173 78 5 2
173 88 4 5
173 106 6 3
173 123 2 2
173 124 5 4
173 134 4 1
173 137 7 2
173 153 8 5
173 185 4 1
173 188 3 4
173 189 3 2
174 9 6 1
174 26 4 5
174 28 2 5
174 30 2 3
174 51 1 4
174 61 2 3
174 71 2 3
174 87 6 5
174 143 3 4
174 169 1 1
174 183 5 4
175 4 6 1
175 7 2 1
175 10 4 5
175 13 3 2
175 21 7 5
175 23 2 2
175 54 7 1
175 69 1 3
175 70 1 2
175 76 6 4
175 81 8 2
175 88 4 2
175 93 3 5
175 146 6 2
175 172 2 5
175 197 1 3
176 6 1 3
176 29 2 5
176 46 2 1
176 74 8 4
176 85 4 5
176 91 2 2
176 101 7 2
176 105 1 2
176 106 1 1
176 108 7 2
176 111 5 2
176 125 5 4
176 132 8 5
176 141 1 5
176 148 2 1
176 153 4 4
176 156 3 1
176 164 6 5
176 194 8 3
177 31 5 4
177 38 4 5
177 41 3 1
177 46 2 1
177 56 1 1
177 79 7 1
177 85 1 2
177 124 2 1
177 139 5 1
177 141 5 2
177 148 4 3
177 153 7 3
177 154 4 5
177 156 8 1
177 162 5 1
177 173 1 2
177 176 1 1
177 188 5 1
178 17 1 4
178 37 8 3
178 74 4 4
178 84 6 1
178 89 6 2
178 102 5 3
178 104 6 5
178 120 7 3
178 126 8 1
178 136 3 3
178 138 5 5
178 152 4 5
178 170 6 3
178 192 4 3
178 194 2 4
178 198 5 2
179 12 4 5
179 26 8 2
179 28 7 3
179 73 1 5
179 161 3 3
179 181 4 2
180 2 7 1
180 19 6 3
180 24 7 4
180 41 2 3
180 44 6 5
180 53 2 2
180 55 6 5
180 57 1 2
180 63 8 4
180 65 8 4
180 68 4 2
180 69 6 2
180 75 3 3
180 81 1 3
180 90 8 5
180 113 7 5
180 130 4 4
180 134 6 5
180 140 1 2
180 156 7 5
180 160 2 3
180 173 8 1
180 185 5 4
180 188 1 1
180 197 1 5
180 198 4 1
181 20 8 3
181 26 1 5
181 32 5 2
181 35 4 1
181 92 7 3
181 129 3 3
181 142 6 5
181 159 3 3
181 161 1 2
181 166 1 2
181 167 6 1
181 171 4 5
182 17 8 1
182 117 2 4
182 136 7 4
182 138 3 3
182 163 4 5
182 178 2 5
182 186 3 3
182 191 3 2
183 1 1 5
183 8 8 3
183 9 3 3
183 17 7 2
183 26 3 2
183 44 8 2
183 66 7 4
183 71 7 2
183 83 3 2
183 84 5 4
183 86 1 5
183 89 1 5
183 92 6 2
183 97 8 5
183 109 3 3
183 110 4 4
183 117 8 5
183 133 8 2
183 136 1 4
183 143 4 1
183 158 2 1
183 163 6 2
183 166 4 1
183 168 2 3
183 178 6 1
183 193 2 5
183 195 2 5
184 7 4 2
184 12 2 3
184 13 1 4
184 14 2 5
184 16 6 2
184 21 7 1
184 32 4 5
184 44 2 4
184 62 7 5
184 63 8 1
184 65 8 3
184 68 2 3
184 76 4 4
184 88 3 5
184 109 5 1
184 114 1 2
184 116 4 1
184 120 3 2
184 133 8 5
184 160 3 5
184 171 2 2
184 180 8 2
184 185 2 1
184 187 6 1
185 0 1 3
185 13 5 4
185 23 5 4
185 24 5 2
185 34 5 3
185 46 3 2
185 50 3 3
185 53 8 1
185 54 8 5
185 76 4 5
185 78 8 4
185 81 2 4
185 96 3 5
185 113 5 5
185 116 4 5
185 134 4 5
185 137 3 4
185 146 3 1
185 175 3 3
186 36 7 1
186 75 5 4
186 77 2 4
186 86 8 1
186 98 3 2
186 102 4 5
186 108 6 3
186 118 3 1
186 125 4 1
186 138 7 3
186 152 7 4
186 178 4 3
186 192 5 1
186 194 5 4
187 1 4 5
187 12 8 3
187 18 4 2
187 24 7 1
187 30 2 5
187 60 7 2
187 65 3 2
187 76 5 1
187 94 3 3
187 109 4 1
187 116 3 4
187 131 4 2
187 166 4 4
187 181 1 3
188 3 8 3
188 6 8 3
188 19 3 1
188 31 6 2
188 34 7 2
188 38 7 2
188 55 2 2
188 56 8 3
188 57 4 4
188 77 5 2
188 79 1 2
188 82 7 4
188 90 8 3
188 91 8 4
188 95 7 1
188 124 4 5
188 128 8 4
188 140 6 4
188 153 8 5
188 162 2 1
189 4 3 5
189 19 4 2
189 46 7 1
189 68 8 3
189 100 1 3
189 130 4 2
189 154 7 4
189 177 6 3
189 185 3 1
190 1 6 4
190 3 8 5
190 34 7 1
190 41 7 3
190 56 4 2
190 57 4 1
190 77 5 5
190 91 3 2
190 105 7 1
190 108 4 2
190 111 3 1
190 120 1 4
190 126 5 3
190 137 8 1
190 139 8 3
190 151 4 5
190 153 7 2
190 156 7 2
190 160 3 5
190 162 5 4
190 163 5 5
190 173 1 5
190 176 4 2
190 178 5 4
190 180 2 4
190 188 8 1
190 194 7 1
191 37 8 4
191 67 4 2
191 97 4 5
191 115 2 3
191 118 2 1
191 121 6 2
191 135 8 2
191 138 2 5
191 145 4 3
191 163 1 4
191 186 3 3
191 192 5 1
191 196 8 4
192 75 1 1
192 77 4 2
192 86 6 5
192 98 1 1
192 102 4 4
192 118 3 2
192 151 6 5
193 9 8 1
193 17 1 2
193 28 5 5
193 37 7 3
193 40 8 3
193 44 4 2
193 59 8 2
193 61 6 1
193 71 3 2
193 80 8 1
193 83 6 4
193 84 5 1
193 89 1 4
193 104 8 5
193 118 5 5
193 120 1 3
193 135 6 2
193 136 7 4
193 149 1 4
193 160 8 3
193 168 1 5
193 199 3 3
194 3 8 5
194 34 6 2
194 44 3 5
194 57 6 1
194 91 1 1
194 106 3 2
194 107 8 2
194 125 5 3
194 126 1 3
194 127 5 5
194 151 4 1
194 153 2 1
194 160 5 4
194 162 2 4
194 180 1 4
194 192 5 3
195 27 8 3
195 83 2 4
195 97 5 4
195 98 1 2
195 104 4 5
195 107 8 3
195 118 2 3
195 135 7 3
195 163 1 4
195 178 6 3
195 191 7 3
196 27 8 1
196 37 3 5
196 52 8 2
196 66 2 1
196 67 6 3
196 98 8 1
196 121 4 1
196 143 4 2
196 168 7 2
197 4 1 1
197 11 2 2
197 21 2 5
197 23 4 3
197 24 5 4
197 25 6 2
197 55 7 5
197 58 4 5
197 80 2 3
197 94 8 4
197 106 4 4
197 123 7 4
197 130 2 4
197 134 2 2
197 137 5 4
197 148 4 1
197 150 2 2
197 154 3 5
197 173 7 3
197 184 8 4
197 185 2 2
197 189 7 1
198 41 7 5
198 55 6 5
198 57 1 5
198 75 3 2
198 78 4 5
198 86 1 1
198 91 2 3
198 105 2 1
198 112 5 1
198 115 8 2
198 126 4 3
198 135 8 1
198 137 6 5
198 149 7 5
198 183 6 1
199 1 5 5
199 9 2 1
199 26 7 5
199 30 7 1
199 60 5 1
199 63 1 4
199 64 4 3
199 87 5 1
199 89 2 4
199 104 1 1
199 143 1 1
199 149 3 3
199 166 7 5
199 174 8 5
199 179 4 1
199 181 1 3
