0 3 1 3
0 4 1 3
0 12 1 4
0 21 1 4
0 47 1 5
0 52 1 3
0 53 1 5
0 57 1 1
0 75 1 4
0 80 1 1
0 85 1 1
0 89 1 4
0 96 1 5
0 97 1 2
0 102 1 5
0 109 1 4
0 112 1 5
0 130 1 2
0 132 1 1
0 141 1 3
0 146 1 3
0 156 1 5
0 167 1 1
0 169 1 1
0 176 1 1
0 197 1 5
1 2 1 1
1 4 1 2
1 9 1 2
1 11 1 4
1 12 1 1
1 17 1 5
1 28 1 1
1 39 1 5
1 43 1 4
1 47 1 2
1 59 1 4
1 63 1 3
1 75 1 3
1 85 1 4
1 89 1 1
1 92 1 5
1 93 1 4
1 97 1 5
1 98 1 5
1 105 1 1
1 109 1 2
1 112 1 5
1 131 1 2
1 132 1 3
1 146 1 3
1 159 1 2
1 163 1 3
1 164 1 2
1 167 1 1
1 177 1 3
1 181 1 3
1 186 1 5
1 197 1 1
2 3 1 5
2 4 1 2
2 7 1 3
2 8 1 1
2 9 1 4
2 15 1 5
2 17 1 2
2 22 1 1
2 24 1 5
2 31 1 3
2 37 1 2
2 39 1 4
2 52 1 1
2 60 1 1
2 69 1 3
2 74 1 3
2 76 1 1
2 81 1 4
2 82 1 1
2 85 1 4
2 93 1 4
2 102 1 1
2 105 1 4
2 108 1 4
2 111 1 3
2 119 1 3
2 122 1 4
2 124 1 3
2 127 1 1
2 131 1 4
2 135 1 2
2 136 1 1
2 138 1 2
2 144 1 1
2 147 1 3
2 156 1 3
2 161 1 2
2 163 1 4
2 175 1 4
2 177 1 4
2 178 1 3
2 179 1 3
2 188 1 3
2 192 1 1
2 197 1 5
3 4 1 3
3 13 1 5
3 15 1 5
3 17 1 1
3 19 1 4
3 21 1 2
3 31 1 3
3 39 1 4
3 43 1 1
3 57 1 1
3 62 1 4
3 63 1 1
3 78 1 2
3 84 1 1
3 89 1 1
3 90 1 3
3 93 1 2
3 97 1 1
3 100 1 5
3 105 1 2
3 110 1 4
3 113 1 5
3 120 1 4
3 123 1 3
3 125 1 5
3 128 1 4
3 132 1 5
3 137 1 4
3 141 1 1
3 143 1 4
3 149 1 3
3 155 1 5
3 156 1 3
3 159 1 1
3 167 1 3
3 169 1 4
3 176 1 3
3 181 1 5
3 186 1 2
3 191 1 1
4 9 1 4
4 11 1 2
4 12 1 3
4 13 1 1
4 16 1 5
4 17 1 4
4 23 1 3
4 39 1 2
4 59 1 4
4 76 1 3
4 79 1 4
4 80 1 5
4 81 1 4
4 82 1 3
4 85 1 2
4 86 1 5
4 90 1 2
4 96 1 2
4 98 1 3
4 100 1 1
4 103 1 5
4 105 1 5
4 110 1 4
4 112 1 5
4 113 1 4
4 122 1 1
4 125 1 4
4 130 1 4
4 131 1 4
4 132 1 4
4 134 1 2
4 137 1 2
4 138 1 2
4 141 1 4
4 144 1 3
4 145 1 2
4 146 1 4
4 156 1 3
4 159 1 5
4 162 1 1
4 163 1 3
4 164 1 4
4 165 1 4
4 167 1 2
4 174 1 1
4 177 1 5
4 190 1 3
4 196 1 3
4 197 1 4
5 20 1 3
5 23 1 5
5 32 1 2
5 44 1 3
5 54 1 1
5 56 1 3
5 61 1 4
5 62 1 4
5 71 1 3
5 74 1 5
5 79 1 3
5 82 1 3
5 103 1 4
5 106 1 2
5 129 1 2
5 136 1 5
5 140 1 5
5 148 1 1
5 157 1 2
5 162 1 4
5 173 1 3
5 182 1 3
5 184 1 5
5 189 1 3
5 193 1 5
5 195 1 2
5 198 1 3
6 7 1 1
6 8 1 4
6 17 1 1
6 24 1 5
6 32 1 2
6 37 1 4
6 48 1 4
6 50 1 3
6 54 1 2
6 61 1 4
6 62 1 4
6 65 1 5
6 66 1 1
6 71 1 3
6 73 1 3
6 76 1 4
6 79 1 3
6 85 1 3
6 107 1 5
6 115 1 3
6 126 1 3
6 136 1 1
6 139 1 4
6 143 1 2
6 145 1 4
6 147 1 3
6 148 1 1
6 149 1 5
6 150 1 4
6 154 1 4
6 158 1 3
6 162 1 5
6 168 1 4
6 172 1 1
6 175 1 5
6 177 1 3
6 184 1 4
6 198 1 1
7 8 1 5
7 10 1 1
7 11 1 4
7 17 1 5
7 27 1 3
7 36 1 3
7 37 1 1
7 40 1 4
7 42 1 5
7 51 1 1
7 66 1 4
7 68 1 5
7 69 1 2
7 70 1 1
7 72 1 5
7 73 1 1
7 81 1 5
7 83 1 2
7 85 1 4
7 91 1 2
7 93 1 2
7 103 1 3
7 111 1 1
7 119 1 2
7 124 1 4
7 127 1 2
7 135 1 1
7 137 1 1
7 138 1 2
7 140 1 5
7 148 1 1
7 150 1 3
7 151 1 4
7 152 1 3
7 158 1 3
7 161 1 4
7 162 1 3
7 165 1 5
7 166 1 4
7 168 1 4
7 170 1 4
7 172 1 2
7 175 1 1
7 177 1 2
7 182 1 2
7 187 1 5
7 188 1 3
7 193 1 5
7 195 1 1
8 5 1 5
8 17 1 1
8 23 1 3
8 29 1 2
8 30 1 3
8 36 1 5
8 44 1 3
8 45 1 5
8 61 1 1
8 62 1 2
8 65 1 3
8 73 1 1
8 74 1 1
8 77 1 4
8 82 1 5
8 85 1 2
8 91 1 4
8 101 1 4
8 103 1 3
8 105 1 1
8 120 1 3
8 121 1 4
8 136 1 1
8 140 1 5
8 142 1 5
8 147 1 1
8 149 1 3
8 151 1 3
8 162 1 2
8 173 1 3
8 175 1 2
8 177 1 1
8 185 1 5
8 188 1 5
8 189 1 1
8 192 1 3
8 193 1 3
8 198 1 5
9 3 1 2
9 6 1 3
9 7 1 2
9 8 1 4
9 11 1 2
9 12 1 2
9 14 1 3
9 16 1 5
9 18 1 2
9 19 1 1
9 20 1 3
9 30 1 3
9 31 1 1
9 36 1 2
9 39 1 3
9 59 1 1
9 61 1 5
9 62 1 2
9 63 1 3
9 64 1 2
9 65 1 5
9 66 1 2
9 73 1 3
9 74 1 4
9 79 1 2
9 82 1 5
9 85 1 5
9 88 1 4
9 89 1 2
9 91 1 3
9 92 1 3
9 96 1 1
9 97 1 2
9 99 1 3
9 101 1 3
9 102 1 2
9 103 1 1
9 104 1 2
9 109 1 3
9 112 1 3
9 114 1 3
9 115 1 1
9 124 1 4
9 126 1 5
9 128 1 4
9 129 1 4
9 138 1 5
9 144 1 2
9 147 1 3
9 155 1 3
9 157 1 1
9 162 1 1
9 163 1 1
9 168 1 2
9 171 1 2
9 178 1 3
9 180 1 1
9 181 1 1
9 189 1 2
9 192 1 3
9 197 1 3
10 2 1 1
10 4 1 2
10 9 1 3
10 11 1 3
10 14 1 1
10 15 1 4
10 24 1 3
10 25 1 3
10 33 1 3
10 34 1 5
10 41 1 5
10 42 1 5
10 50 1 2
10 57 1 2
10 59 1 4
10 70 1 1
10 72 1 3
10 76 1 1
10 90 1 5
10 99 1 3
10 105 1 1
10 108 1 3
10 111 1 5
10 112 1 1
10 115 1 2
10 119 1 4
10 120 1 2
10 122 1 2
10 124 1 3
10 147 1 3
10 164 1 1
10 174 1 3
10 175 1 5
10 177 1 5
10 179 1 2
10 190 1 2
11 0 1 5
11 3 1 5
11 14 1 4
11 15 1 5
11 17 1 1
11 21 1 2
11 22 1 2
11 26 1 5
11 36 1 3
11 46 1 2
11 51 1 3
11 52 1 2
11 58 1 1
11 62 1 1
11 73 1 3
11 74 1 5
11 76 1 2
11 84 1 2
11 85 1 2
11 87 1 1
11 89 1 3
11 90 1 5
11 93 1 2
11 94 1 1
11 98 1 4
11 102 1 4
11 103 1 3
11 117 1 4
11 118 1 4
11 119 1 3
11 120 1 1
11 121 1 5
11 124 1 5
11 130 1 2
11 131 1 4
11 132 1 1
11 137 1 5
11 138 1 2
11 144 1 1
11 146 1 4
11 147 1 5
11 149 1 1
11 153 1 3
11 155 1 5
11 163 1 5
11 164 1 1
11 167 1 4
11 168 1 2
11 174 1 2
11 175 1 3
11 177 1 1
11 179 1 1
11 185 1 5
11 187 1 2
11 190 1 4
11 196 1 3
12 15 1 5
12 16 1 3
12 17 1 2
12 23 1 4
12 29 1 3
12 37 1 1
12 43 1 1
12 44 1 4
12 53 1 2
12 59 1 1
12 61 1 2
12 63 1 4
12 75 1 2
12 82 1 1
12 84 1 4
12 86 1 3
12 89 1 4
12 94 1 5
12 96 1 4
12 100 1 4
12 102 1 1
12 104 1 5
12 122 1 4
12 123 1 3
12 124 1 1
12 125 1 1
12 134 1 5
12 137 1 2
12 142 1 4
12 143 1 2
12 153 1 1
12 156 1 5
12 163 1 2
12 181 1 2
12 183 1 3
12 186 1 5
12 187 1 5
12 190 1 5
13 0 1 2
13 1 1 5
13 12 1 3
13 52 1 2
13 53 1 5
13 57 1 3
13 58 1 3
13 63 1 4
13 84 1 4
13 85 1 5
13 89 1 1
13 98 1 1
13 102 1 2
13 112 1 1
13 123 1 1
13 132 1 3
13 138 1 3
13 141 1 3
13 146 1 4
13 153 1 3
13 156 1 4
13 164 1 2
13 167 1 1
13 176 1 4
13 178 1 2
13 191 1 5
13 196 1 1
13 197 1 5
14 2 1 5
14 3 1 4
14 4 1 3
14 5 1 5
14 6 1 3
14 7 1 4
14 8 1 5
14 12 1 5
14 20 1 5
14 24 1 5
14 38 1 1
14 45 1 5
14 59 1 4
14 62 1 4
14 71 1 4
14 73 1 2
14 77 1 3
14 91 1 1
14 100 1 1
14 102 1 4
14 103 1 2
14 105 1 2
14 106 1 2
14 110 1 4
14 111 1 1
14 113 1 2
14 114 1 2
14 116 1 5
14 135 1 5
14 140 1 2
14 142 1 4
14 143 1 2
14 145 1 1
14 149 1 5
14 152 1 4
14 160 1 3
14 166 1 2
14 168 1 4
14 171 1 5
14 173 1 5
14 174 1 1
14 177 1 1
14 178 1 3
14 183 1 1
14 187 1 4
14 188 1 2
14 189 1 3
14 192 1 5
14 195 1 4
14 198 1 3
15 0 1 3
15 1 1 1
15 4 1 2
15 9 1 1
15 17 1 3
15 18 1 3
15 21 1 2
15 28 1 5
15 42 1 2
15 51 1 4
15 52 1 5
15 58 1 2
15 60 1 2
15 69 1 5
15 80 1 2
15 81 1 2
15 85 1 1
15 94 1 2
15 96 1 3
15 99 1 2
15 102 1 5
15 109 1 3
15 122 1 4
15 123 1 3
15 130 1 3
15 131 1 2
15 132 1 4
15 137 1 5
15 141 1 2
15 144 1 3
15 146 1 2
15 147 1 3
15 149 1 3
15 153 1 5
15 159 1 2
15 164 1 4
15 167 1 3
15 169 1 3
15 176 1 1
15 187 1 1
15 190 1 2
15 191 1 3
15 192 1 1
15 196 1 2
16 0 1 5
16 1 1 2
16 3 1 3
16 13 1 4
16 15 1 5
16 26 1 5
16 30 1 5
16 37 1 2
16 43 1 4
16 47 1 4
16 52 1 2
16 57 1 3
16 78 1 2
16 86 1 1
16 89 1 5
16 96 1 3
16 100 1 5
16 103 1 1
16 113 1 1
16 118 1 4
16 128 1 1
16 134 1 1
16 143 1 2
16 145 1 3
16 146 1 2
16 153 1 3
16 156 1 5
16 169 1 2
16 177 1 4
16 178 1 3
16 186 1 3
16 190 1 2
16 191 1 3
16 197 1 1
17 9 1 2
17 10 1 2
17 21 1 4
17 22 1 5
17 24 1 5
17 27 1 2
17 30 1 4
17 35 1 3
17 40 1 4
17 42 1 3
17 46 1 2
17 50 1 5
17 60 1 4
17 62 1 4
17 63 1 5
17 64 1 4
17 65 1 3
17 66 1 2
17 68 1 1
17 69 1 5
17 72 1 5
17 74 1 2
17 82 1 3
17 83 1 4
17 85 1 1
17 93 1 2
17 100 1 4
17 102 1 5
17 107 1 5
17 111 1 3
17 112 1 4
17 116 1 1
17 119 1 1
17 123 1 3
17 129 1 5
17 130 1 2
17 138 1 1
17 141 1 5
17 144 1 4
17 153 1 3
17 155 1 5
17 156 1 1
17 159 1 3
17 161 1 2
17 164 1 4
17 165 1 3
17 167 1 5
17 175 1 4
17 178 1 3
17 184 1 2
17 187 1 2
17 190 1 1
17 191 1 1
17 192 1 2
17 193 1 4
17 196 1 4
18 0 1 1
18 1 1 1
18 3 1 2
18 4 1 2
18 12 1 4
18 13 1 3
18 29 1 1
18 30 1 4
18 47 1 1
18 52 1 2
18 58 1 5
18 59 1 4
18 62 1 3
18 64 1 1
18 75 1 1
18 80 1 5
18 84 1 4
18 85 1 4
18 86 1 3
18 89 1 1
18 96 1 3
18 97 1 1
18 98 1 3
18 100 1 1
18 103 1 5
18 109 1 3
18 112 1 1
18 113 1 5
18 122 1 1
18 136 1 3
18 138 1 1
18 139 1 1
18 141 1 1
18 143 1 3
18 146 1 5
18 155 1 1
18 156 1 4
18 162 1 1
18 163 1 4
18 167 1 4
18 169 1 4
18 186 1 3
18 190 1 2
18 191 1 2
18 197 1 5
19 12 1 1
19 14 1 2
19 16 1 3
19 32 1 5
19 37 1 1
19 39 1 1
19 48 1 4
19 58 1 1
19 61 1 4
19 82 1 4
19 85 1 5
19 97 1 5
19 103 1 3
19 113 1 2
19 125 1 2
19 128 1 1
19 171 1 4
19 176 1 4
19 183 1 2
19 193 1 3
19 194 1 1
19 196 1 1
19 199 1 5
20 6 1 5
20 8 1 5
20 18 1 3
20 19 1 4
20 23 1 1
20 32 1 4
20 45 1 1
20 48 1 1
20 55 1 3
20 64 1 5
20 71 1 2
20 75 1 2
20 79 1 2
20 82 1 4
20 102 1 3
20 104 1 2
20 113 1 3
20 116 1 1
20 123 1 2
20 124 1 1
20 125 1 3
20 128 1 3
20 136 1 1
20 143 1 5
20 147 1 2
20 152 1 3
20 160 1 5
20 176 1 4
20 177 1 1
20 180 1 4
20 194 1 2
20 196 1 2
20 198 1 2
21 13 1 5
21 22 1 3
21 31 1 4
21 35 1 3
21 39 1 4
21 40 1 5
21 51 1 4
21 52 1 4
21 57 1 3
21 59 1 4
21 60 1 5
21 64 1 2
21 69 1 4
21 84 1 3
21 105 1 2
21 109 1 3
21 117 1 2
21 120 1 5
21 122 1 3
21 123 1 2
21 127 1 5
21 135 1 5
21 138 1 4
21 141 1 2
21 156 1 1
21 161 1 2
21 165 1 1
21 170 1 4
21 174 1 4
21 179 1 4
21 186 1 2
21 187 1 2
21 190 1 2
21 192 1 4
21 196 1 1
21 197 1 5
22 7 1 3
22 8 1 2
22 9 1 5
22 10 1 1
22 15 1 5
22 25 1 5
22 27 1 5
22 28 1 3
22 31 1 1
22 34 1 3
22 41 1 4
22 42 1 5
22 46 1 4
22 50 1 5
22 51 1 2
22 52 1 2
22 67 1 5
22 68 1 1
22 69 1 4
22 74 1 3
22 76 1 1
22 83 1 3
22 87 1 3
22 98 1 4
22 99 1 4
22 105 1 4
22 111 1 2
22 117 1 5
22 120 1 4
22 123 1 2
22 130 1 1
22 131 1 3
22 138 1 1
22 141 1 4
22 144 1 5
22 155 1 2
22 161 1 3
22 170 1 2
22 177 1 3
22 179 1 4
22 188 1 3
22 190 1 4
22 191 1 4
22 192 1 5
22 195 1 3
23 2 1 1
23 6 1 4
23 7 1 3
23 9 1 4
23 14 1 5
23 17 1 2
23 18 1 2
23 19 1 1
23 36 1 4
23 39 1 2
23 44 1 3
23 45 1 1
23 47 1 1
23 49 1 3
23 54 1 1
23 55 1 3
23 56 1 3
23 66 1 4
23 74 1 4
23 88 1 5
23 100 1 1
23 104 1 2
23 105 1 2
23 110 1 4
23 114 1 3
23 116 1 1
23 123 1 4
23 124 1 4
23 133 1 3
23 135 1 2
23 139 1 5
23 146 1 5
23 147 1 1
23 152 1 1
23 153 1 5
23 171 1 1
23 177 1 3
23 180 1 5
23 183 1 1
23 187 1 1
23 194 1 2
23 197 1 2
23 199 1 1
24 7 1 3
24 8 1 4
24 9 1 1
24 22 1 4
24 23 1 3
24 25 1 4
24 33 1 5
24 36 1 4
24 37 1 4
24 44 1 3
24 46 1 4
24 55 1 1
24 60 1 4
24 61 1 1
24 65 1 5
24 70 1 4
24 73 1 4
24 85 1 1
24 88 1 1
24 90 1 3
24 91 1 2
24 93 1 5
24 99 1 5
24 103 1 3
24 112 1 2
24 113 1 2
24 114 1 2
24 116 1 4
24 120 1 2
24 122 1 2
24 136 1 4
24 137 1 1
24 144 1 4
24 148 1 5
24 149 1 4
24 150 1 1
24 152 1 2
24 158 1 3
24 159 1 5
24 166 1 1
24 168 1 5
24 172 1 1
24 173 1 4
24 174 1 1
24 175 1 2
24 177 1 4
24 185 1 2
24 188 1 2
25 2 1 3
25 7 1 1
25 17 1 5
25 36 1 1
25 40 1 1
25 41 1 2
25 60 1 4
25 68 1 4
25 69 1 4
25 70 1 3
25 73 1 2
25 83 1 3
25 87 1 1
25 90 1 3
25 92 1 1
25 105 1 2
25 111 1 3
25 117 1 5
25 137 1 1
25 144 1 1
25 149 1 3
25 159 1 1
25 161 1 5
25 165 1 1
25 168 1 3
25 172 1 5
25 179 1 3
25 184 1 5
25 185 1 2
25 188 1 3
25 192 1 1
26 0 1 4
26 1 1 1
26 3 1 1
26 12 1 3
26 13 1 2
26 15 1 2
26 18 1 1
26 31 1 5
26 43 1 3
26 53 1 3
26 57 1 4
26 58 1 2
26 78 1 4
26 79 1 5
26 84 1 3
26 85 1 1
26 86 1 5
26 89 1 2
26 96 1 4
26 98 1 2
26 102 1 4
26 112 1 3
26 113 1 4
26 118 1 3
26 125 1 4
26 128 1 1
26 130 1 3
26 141 1 3
26 146 1 2
26 153 1 5
26 164 1 5
26 178 1 4
26 181 1 5
27 2 1 1
27 10 1 5
27 15 1 2
27 21 1 5
27 25 1 4
27 34 1 2
27 35 1 5
27 51 1 1
27 67 1 5
27 69 1 1
27 70 1 4
27 72 1 5
27 81 1 1
27 83 1 3
27 92 1 4
27 93 1 3
27 99 1 3
27 105 1 5
27 112 1 5
27 117 1 5
27 130 1 4
27 131 1 5
27 135 1 5
27 137 1 4
27 141 1 5
27 144 1 3
27 170 1 5
27 174 1 2
27 185 1 4
27 192 1 2
28 2 1 4
28 3 1 4
28 7 1 4
28 9 1 4
28 11 1 1
28 17 1 5
28 27 1 2
28 35 1 4
28 40 1 3
28 41 1 5
28 42 1 2
28 51 1 3
28 57 1 1
28 59 1 1
28 64 1 2
28 67 1 5
28 68 1 5
28 69 1 1
28 78 1 1
28 81 1 5
28 85 1 3
28 87 1 2
28 89 1 5
28 90 1 4
28 98 1 2
28 100 1 4
28 105 1 1
28 114 1 5
28 118 1 1
28 119 1 4
28 120 1 4
28 122 1 2
28 127 1 5
28 130 1 1
28 136 1 1
28 141 1 4
28 156 1 2
28 159 1 2
28 161 1 3
28 165 1 1
28 167 1 2
28 168 1 3
28 174 1 4
28 179 1 1
28 192 1 5
29 3 1 5
29 6 1 4
29 9 1 5
29 14 1 2
29 16 1 4
29 19 1 3
29 20 1 2
29 30 1 5
29 32 1 1
29 37 1 1
29 39 1 3
29 44 1 5
29 45 1 2
29 48 1 3
29 54 1 4
29 62 1 5
29 65 1 4
29 71 1 2
29 74 1 1
29 79 1 2
29 82 1 1
29 97 1 3
29 100 1 2
29 101 1 5
29 104 1 1
29 110 1 1
29 113 1 5
29 120 1 1
29 122 1 5
29 123 1 5
29 142 1 3
29 156 1 1
29 157 1 1
29 160 1 1
29 177 1 4
29 181 1 2
29 190 1 3
29 194 1 2
29 196 1 5
29 197 1 5
30 3 1 3
30 4 1 1
30 6 1 5
30 12 1 4
30 23 1 2
30 32 1 2
30 36 1 1
30 44 1 2
30 47 1 3
30 55 1 5
30 62 1 4
30 63 1 3
30 75 1 3
30 88 1 1
30 94 1 5
30 100 1 2
30 107 1 2
30 110 1 5
30 113 1 5
30 120 1 1
30 123 1 3
30 125 1 4
30 128 1 4
30 139 1 5
30 142 1 1
30 145 1 2
30 149 1 4
30 152 1 5
30 155 1 3
30 159 1 1
30 160 1 5
30 162 1 5
30 168 1 3
30 176 1 5
30 178 1 1
30 181 1 2
30 183 1 3
30 193 1 2
30 194 1 2
30 195 1 4
30 196 1 3
31 0 1 5
31 1 1 1
31 11 1 2
31 12 1 4
31 13 1 3
31 15 1 1
31 16 1 3
31 17 1 5
31 28 1 2
31 39 1 2
31 43 1 5
31 47 1 3
31 52 1 4
31 59 1 2
31 60 1 4
31 62 1 3
31 68 1 4
31 72 1 2
31 75 1 3
31 80 1 2
31 86 1 3
31 93 1 2
31 98 1 4
31 100 1 3
31 105 1 1
31 128 1 5
31 132 1 4
31 134 1 4
31 137 1 1
31 141 1 5
31 153 1 1
31 159 1 2
31 163 1 5
31 164 1 3
31 186 1 5
31 187 1 4
31 191 1 1
31 192 1 5
31 196 1 3
32 9 1 2
32 14 1 3
32 23 1 2
32 37 1 3
32 48 1 4
32 55 1 2
32 76 1 4
32 88 1 1
32 103 1 5
32 104 1 2
32 107 1 5
32 110 1 4
32 143 1 5
32 145 1 5
32 154 1 2
32 160 1 2
32 180 1 4
32 193 1 1
32 194 1 1
32 199 1 4
33 7 1 2
33 17 1 3
33 25 1 4
33 34 1 2
33 45 1 2
33 54 1 1
33 62 1 5
33 66 1 1
33 73 1 2
33 77 1 1
33 88 1 4
33 94 1 5
33 111 1 3
33 114 1 2
33 115 1 2
33 124 1 4
33 149 1 5
33 150 1 4
33 151 1 1
33 159 1 3
33 162 1 5
33 165 1 3
33 166 1 3
33 174 1 4
33 175 1 1
33 182 1 3
33 188 1 2
33 195 1 5
33 198 1 3
34 2 1 4
34 7 1 3
34 11 1 2
34 14 1 1
34 17 1 2
34 24 1 3
34 25 1 1
34 28 1 2
34 35 1 3
34 40 1 4
34 41 1 2
34 46 1 2
34 51 1 5
34 59 1 1
34 62 1 3
34 65 1 5
34 66 1 4
34 69 1 1
34 70 1 5
34 72 1 1
34 73 1 1
34 81 1 5
34 82 1 3
34 83 1 1
34 85 1 5
34 87 1 2
34 90 1 3
34 93 1 5
34 94 1 5
34 95 1 4
34 99 1 3
34 120 1 1
34 121 1 2
34 124 1 3
34 127 1 1
34 129 1 1
34 136 1 5
34 147 1 1
34 148 1 4
34 149 1 2
34 159 1 4
34 161 1 1
34 168 1 1
34 170 1 3
34 182 1 4
34 184 1 2
34 188 1 2
34 189 1 5
34 193 1 1
34 195 1 2
34 198 1 3
35 2 1 1
35 25 1 3
35 41 1 5
35 46 1 1
35 51 1 5
35 60 1 1
35 68 1 4
35 70 1 1
35 94 1 3
35 99 1 5
35 105 1 1
35 114 1 4
35 117 1 5
35 119 1 2
35 120 1 2
35 130 1 4
35 138 1 4
35 164 1 3
35 185 1 2
36 4 1 2
36 5 1 3
36 6 1 4
36 20 1 4
36 22 1 2
36 33 1 2
36 41 1 1
36 45 1 1
36 46 1 5
36 51 1 1
36 57 1 2
36 60 1 3
36 61 1 2
36 64 1 2
36 65 1 2
36 71 1 3
36 74 1 5
36 77 1 3
36 79 1 2
36 82 1 4
36 87 1 4
36 88 1 4
36 90 1 5
36 91 1 1
36 93 1 2
36 99 1 5
36 102 1 3
36 103 1 1
36 110 1 2
36 111 1 3
36 112 1 5
36 113 1 5
36 114 1 2
36 116 1 3
36 119 1 3
36 122 1 4
36 124 1 3
36 129 1 4
36 131 1 4
36 135 1 3
36 138 1 2
36 140 1 1
36 144 1 4
36 147 1 5
36 148 1 1
36 150 1 1
36 151 1 4
36 152 1 3
36 156 1 4
36 158 1 4
36 159 1 4
36 161 1 1
36 162 1 3
36 165 1 5
36 167 1 5
36 178 1 4
36 180 1 4
36 182 1 5
36 189 1 1
36 198 1 2
37 3 1 2
37 4 1 4
37 5 1 3
37 8 1 4
37 9 1 5
37 11 1 1
37 14 1 3
37 17 1 3
37 18 1 4
37 20 1 4
37 23 1 2
37 30 1 3
37 34 1 4
37 36 1 3
37 44 1 3
37 48 1 5
37 49 1 5
37 52 1 5
37 54 1 2
37 55 1 3
37 56 1 5
37 57 1 3
37 64 1 3
37 66 1 4
37 73 1 1
37 75 1 4
37 76 1 2
37 79 1 1
37 82 1 3
37 91 1 3
37 94 1 2
37 96 1 3
37 97 1 4
37 103 1 2
37 104 1 1
37 112 1 1
37 114 1 1
37 115 1 3
37 116 1 1
37 120 1 1
37 124 1 2
37 129 1 3
37 133 1 1
37 137 1 2
37 138 1 4
37 144 1 5
37 146 1 1
37 147 1 3
37 152 1 1
37 153 1 2
37 155 1 5
37 157 1 5
37 165 1 2
37 173 1 4
37 175 1 4
37 176 1 3
37 181 1 4
37 183 1 4
37 184 1 1
37 185 1 5
37 189 1 4
37 192 1 5
37 193 1 3
37 195 1 2
37 196 1 5
37 198 1 2
38 5 1 5
38 6 1 3
38 9 1 1
38 19 1 5
38 20 1 4
38 29 1 2
38 30 1 3
38 32 1 3
38 37 1 2
38 44 1 1
38 48 1 5
38 56 1 1
38 65 1 2
38 82 1 5
38 102 1 4
38 104 1 2
38 107 1 2
38 116 1 5
38 133 1 4
38 143 1 3
38 145 1 3
38 154 1 4
38 171 1 3
38 189 1 4
38 193 1 3
38 194 1 4
38 199 1 2
39 0 1 2
39 12 1 3
39 13 1 2
39 14 1 4
39 15 1 1
39 16 1 5
39 17 1 4
39 18 1 4
39 20 1 3
39 22 1 1
39 30 1 4
39 37 1 2
39 44 1 3
39 51 1 5
39 52 1 4
39 53 1 5
39 58 1 5
39 59 1 3
39 62 1 3
39 80 1 4
39 84 1 3
39 85 1 4
39 92 1 3
39 93 1 3
39 96 1 1
39 97 1 3
39 98 1 2
39 105 1 5
39 110 1 3
39 124 1 3
39 128 1 1
39 130 1 5
39 132 1 3
39 137 1 1
39 142 1 5
39 143 1 2
39 145 1 3
39 147 1 1
39 155 1 2
39 156 1 3
39 159 1 1
39 164 1 2
39 165 1 5
39 168 1 3
39 175 1 1
39 176 1 3
39 186 1 1
39 192 1 1
39 197 1 4
40 2 1 2
40 11 1 4
40 22 1 5
40 35 1 1
40 36 1 4
40 41 1 4
40 46 1 5
40 50 1 2
40 51 1 4
40 60 1 2
40 66 1 3
40 67 1 4
40 68 1 3
40 81 1 4
40 83 1 5
40 87 1 2
40 89 1 5
40 90 1 5
40 92 1 2
40 93 1 2
40 94 1 4
40 105 1 3
40 117 1 2
40 119 1 5
40 120 1 5
40 121 1 5
40 130 1 3
40 137 1 4
40 141 1 2
40 144 1 1
40 147 1 5
40 149 1 4
40 164 1 4
40 168 1 2
40 170 1 3
40 177 1 4
40 179 1 5
40 187 1 5
40 188 1 1
40 190 1 3
41 2 1 1
41 7 1 3
41 8 1 1
41 11 1 4
41 24 1 3
41 27 1 5
41 33 1 3
41 42 1 3
41 46 1 5
41 59 1 2
41 60 1 5
41 67 1 1
41 68 1 2
41 70 1 1
41 73 1 1
41 74 1 4
41 81 1 4
41 83 1 3
41 90 1 5
41 93 1 1
41 105 1 4
41 108 1 2
41 111 1 5
41 114 1 4
41 117 1 5
41 121 1 2
41 127 1 5
41 136 1 3
41 137 1 5
41 144 1 1
41 149 1 4
41 161 1 1
41 164 1 5
41 168 1 5
41 170 1 1
41 174 1 3
41 177 1 1
41 192 1 5
42 2 1 2
42 11 1 1
42 25 1 3
42 27 1 2
42 34 1 3
42 35 1 5
42 50 1 3
42 51 1 5
42 69 1 3
42 73 1 2
42 81 1 5
42 89 1 3
42 90 1 4
42 92 1 1
42 105 1 3
42 108 1 3
42 111 1 5
42 112 1 4
42 119 1 3
42 127 1 2
42 137 1 3
42 138 1 5
42 141 1 2
42 159 1 3
42 164 1 4
42 165 1 2
42 170 1 3
42 174 1 2
42 177 1 2
42 190 1 3
43 0 1 4
43 4 1 4
43 13 1 3
43 15 1 2
43 39 1 1
43 47 1 4
43 64 1 2
43 84 1 5
43 89 1 3
43 96 1 3
43 98 1 5
43 100 1 2
43 102 1 2
43 122 1 2
43 134 1 5
43 138 1 5
43 141 1 1
43 153 1 3
43 163 1 2
43 167 1 1
43 169 1 4
43 176 1 3
43 178 1 5
43 197 1 2
44 6 1 5
44 7 1 2
44 9 1 4
44 17 1 4
44 19 1 4
44 20 1 3
44 32 1 5
44 33 1 2
44 36 1 4
44 48 1 5
44 49 1 4
44 56 1 3
44 61 1 3
44 63 1 5
44 64 1 5
44 66 1 1
44 71 1 4
44 73 1 1
44 74 1 1
44 77 1 1
44 79 1 3
44 82 1 1
44 91 1 5
44 95 1 2
44 101 1 4
44 104 1 2
44 110 1 5
44 111 1 3
44 113 1 4
44 133 1 5
44 139 1 4
44 140 1 2
44 149 1 3
44 151 1 1
44 152 1 3
44 154 1 1
44 155 1 5
44 156 1 5
44 162 1 4
44 166 1 4
44 168 1 4
44 171 1 3
44 173 1 4
44 177 1 1
44 182 1 5
44 183 1 2
44 185 1 5
44 190 1 4
44 195 1 4
45 24 1 5
45 30 1 3
45 37 1 3
45 54 1 3
45 55 1 5
45 62 1 3
45 65 1 3
45 66 1 2
45 76 1 3
45 77 1 3
45 88 1 4
45 101 1 3
45 110 1 4
45 126 1 2
45 133 1 3
45 136 1 3
45 142 1 5
45 158 1 5
45 160 1 2
45 166 1 3
45 168 1 5
45 171 1 1
45 172 1 1
45 175 1 3
45 193 1 2
45 195 1 5
45 198 1 2
46 1 1 3
46 4 1 1
46 7 1 3
46 9 1 1
46 15 1 1
46 21 1 4
46 25 1 3
46 42 1 4
46 50 1 1
46 57 1 1
46 59 1 4
46 64 1 2
46 66 1 1
46 73 1 4
46 81 1 3
46 83 1 2
46 87 1 3
46 90 1 3
46 93 1 5
46 94 1 1
46 98 1 1
46 108 1 2
46 114 1 5
46 119 1 4
46 120 1 5
46 122 1 1
46 131 1 1
46 132 1 2
46 141 1 1
46 144 1 1
46 146 1 2
46 153 1 1
46 156 1 1
46 159 1 5
46 168 1 1
46 174 1 4
46 190 1 2
46 191 1 1
46 197 1 4
47 4 1 1
47 12 1 4
47 13 1 3
47 15 1 5
47 19 1 1
47 20 1 2
47 26 1 3
47 37 1 4
47 39 1 2
47 52 1 1
47 53 1 2
47 64 1 2
47 75 1 3
47 80 1 1
47 84 1 3
47 85 1 5
47 97 1 5
47 100 1 2
47 103 1 5
47 107 1 5
47 110 1 4
47 118 1 3
47 122 1 5
47 130 1 1
47 139 1 5
47 156 1 2
47 162 1 3
47 163 1 4
47 167 1 1
47 176 1 1
47 178 1 1
48 5 1 5
48 30 1 3
48 45 1 2
48 49 1 2
48 61 1 2
48 79 1 4
48 82 1 4
48 103 1 4
48 104 1 1
48 110 1 5
48 126 1 4
48 133 1 3
48 143 1 4
48 145 1 1
49 6 1 5
49 19 1 1
49 20 1 1
49 29 1 2
49 30 1 4
49 32 1 5
49 38 1 1
49 54 1 5
49 55 1 3
49 61 1 2
49 63 1 3
49 103 1 3
49 107 1 2
49 110 1 3
49 113 1 2
49 142 1 1
49 143 1 3
49 160 1 2
49 173 1 2
49 183 1 2
50 7 1 4
50 8 1 1
50 14 1 5
50 25 1 4
50 33 1 2
50 34 1 5
50 35 1 4
50 41 1 3
50 51 1 2
50 60 1 5
50 66 1 1
50 70 1 1
50 76 1 1
50 77 1 1
50 83 1 1
50 87 1 1
50 91 1 2
50 92 1 1
50 105 1 1
50 115 1 1
50 117 1 3
50 129 1 5
50 135 1 5
50 148 1 3
50 149 1 5
50 158 1 3
50 159 1 2
50 165 1 1
50 168 1 1
50 174 1 4
50 189 1 4
50 193 1 5
50 195 1 5
50 198 1 1
51 9 1 1
51 24 1 1
51 25 1 1
51 41 1 3
51 46 1 1
51 52 1 3
51 59 1 4
51 60 1 4
51 67 1 4
51 74 1 4
51 83 1 3
51 89 1 1
51 93 1 4
51 108 1 4
51 114 1 2
51 117 1 5
51 118 1 3
51 130 1 2
51 136 1 2
51 137 1 1
51 141 1 5
51 149 1 2
51 155 1 1
51 167 1 2
51 168 1 1
52 1 1 5
52 3 1 3
52 9 1 4
52 12 1 5
52 17 1 5
52 28 1 3
52 43 1 3
52 46 1 2
52 57 1 2
52 62 1 4
52 79 1 2
52 87 1 4
52 90 1 4
52 92 1 5
52 93 1 4
52 97 1 3
52 100 1 1
52 105 1 4
52 112 1 4
52 118 1 1
52 120 1 1
52 128 1 1
52 132 1 5
52 141 1 1
52 146 1 2
52 149 1 3
52 156 1 1
52 167 1 1
52 176 1 1
52 178 1 4
52 181 1 5
52 190 1 5
53 4 1 3
53 9 1 1
53 11 1 4
53 16 1 3
53 43 1 1
53 59 1 4
53 63 1 4
53 78 1 2
53 79 1 4
53 80 1 3
53 85 1 4
53 103 1 5
53 112 1 5
53 118 1 2
53 122 1 5
53 125 1 3
53 132 1 1
53 134 1 3
53 138 1 3
53 146 1 1
53 155 1 5
53 156 1 1
53 163 1 5
53 169 1 2
53 178 1 2
53 181 1 5
53 186 1 4
53 196 1 5
54 8 1 3
54 9 1 3
54 14 1 5
54 17 1 1
54 24 1 3
54 30 1 3
54 32 1 4
54 36 1 3
54 48 1 5
54 62 1 2
54 71 1 4
54 77 1 4
54 85 1 4
54 91 1 5
54 94 1 2
54 104 1 3
54 110 1 3
54 114 1 2
54 136 1 2
54 139 1 5
54 143 1 4
54 149 1 3
54 152 1 5
54 160 1 4
54 162 1 1
54 166 1 4
54 168 1 1
54 171 1 5
54 172 1 5
54 173 1 1
54 180 1 2
54 182 1 1
54 183 1 1
55 5 1 1
55 6 1 5
55 9 1 1
55 14 1 2
55 19 1 3
55 29 1 1
55 36 1 3
55 38 1 1
55 44 1 2
55 48 1 4
55 56 1 1
55 61 1 3
55 65 1 1
55 71 1 2
55 77 1 5
55 79 1 3
55 82 1 4
55 88 1 1
55 94 1 1
55 106 1 4
55 107 1 2
55 113 1 3
55 116 1 3
55 124 1 5
55 129 1 1
55 133 1 5
55 139 1 5
55 140 1 4
55 142 1 5
55 147 1 5
55 148 1 1
55 154 1 4
55 160 1 1
55 162 1 4
55 166 1 1
55 168 1 4
55 171 1 3
55 173 1 3
55 175 1 3
55 182 1 5
55 193 1 1
56 6 1 3
56 19 1 2
56 30 1 2
56 32 1 4
56 48 1 1
56 49 1 1
56 54 1 3
56 62 1 2
56 79 1 3
56 101 1 1
56 102 1 3
56 110 1 4
56 125 1 4
56 126 1 3
56 128 1 5
56 142 1 1
56 143 1 5
56 145 1 4
56 157 1 4
56 160 1 5
56 171 1 3
56 173 1 4
56 193 1 5
57 1 1 2
57 4 1 1
57 11 1 2
57 12 1 3
57 14 1 4
57 15 1 4
57 18 1 1
57 22 1 1
57 27 1 3
57 31 1 3
57 39 1 5
57 40 1 1
57 43 1 2
57 47 1 4
57 51 1 3
57 53 1 5
57 58 1 1
57 63 1 1
57 64 1 5
57 68 1 2
57 72 1 5
57 76 1 4
57 78 1 3
57 80 1 2
57 83 1 2
57 84 1 4
57 85 1 3
57 86 1 5
57 90 1 5
57 92 1 2
57 93 1 3
57 94 1 3
57 96 1 3
57 97 1 3
57 105 1 4
57 112 1 1
57 124 1 3
57 125 1 5
57 130 1 3
57 131 1 3
57 134 1 4
57 136 1 4
57 137 1 4
57 138 1 3
57 149 1 4
57 153 1 4
57 165 1 5
57 167 1 1
57 169 1 1
57 176 1 3
57 177 1 2
57 178 1 5
57 185 1 5
57 186 1 1
57 191 1 5
57 192 1 4
57 196 1 4
58 0 1 3
58 1 1 5
58 3 1 2
58 4 1 5
58 9 1 4
58 12 1 1
58 16 1 3
58 47 1 2
58 52 1 4
58 53 1 2
58 59 1 2
58 78 1 2
58 79 1 3
58 97 1 1
58 100 1 2
58 110 1 2
58 113 1 2
58 120 1 4
58 132 1 2
58 134 1 5
58 138 1 2
58 139 1 1
58 143 1 3
58 145 1 5
58 146 1 4
58 163 1 3
58 164 1 2
58 167 1 5
58 177 1 4
58 178 1 2
58 181 1 2
58 186 1 4
58 191 1 4
58 196 1 4
58 197 1 5
59 0 1 3
59 7 1 3
59 11 1 5
59 13 1 1
59 15 1 5
59 17 1 5
59 24 1 1
59 26 1 1
59 27 1 5
59 35 1 2
59 36 1 2
59 40 1 1
59 47 1 1
59 57 1 4
59 64 1 3
59 67 1 2
59 72 1 5
59 74 1 5
59 76 1 1
59 78 1 1
59 89 1 3
59 93 1 3
59 96 1 1
59 103 1 4
59 105 1 1
59 108 1 2
59 111 1 4
59 113 1 1
59 119 1 4
59 120 1 2
59 130 1 3
59 131 1 1
59 135 1 3
59 136 1 2
59 137 1 2
59 138 1 5
59 144 1 5
59 147 1 5
59 149 1 1
59 162 1 2
59 164 1 5
59 168 1 2
59 170 1 2
59 175 1 4
59 177 1 5
59 178 1 4
59 179 1 5
59 186 1 4
59 193 1 3
59 196 1 1
59 197 1 5
60 4 1 5
60 9 1 3
60 10 1 5
60 11 1 3
60 27 1 1
60 28 1 2
60 34 1 3
60 46 1 3
60 57 1 4
60 59 1 2
60 69 1 5
60 74 1 3
60 83 1 1
60 87 1 5
60 90 1 4
60 92 1 5
60 100 1 5
60 105 1 3
60 117 1 3
60 120 1 4
60 121 1 2
60 123 1 1
60 127 1 4
60 130 1 4
60 135 1 3
60 141 1 1
60 144 1 1
60 147 1 4
60 149 1 1
60 161 1 1
60 168 1 2
60 174 1 1
60 178 1 2
60 185 1 3
60 188 1 2
60 192 1 3
61 14 1 3
61 17 1 1
61 20 1 2
61 23 1 3
61 29 1 4
61 30 1 5
61 32 1 1
61 38 1 3
61 45 1 3
61 54 1 4
61 56 1 2
61 62 1 2
61 63 1 1
61 65 1 3
61 71 1 1
61 76 1 1
61 77 1 4
61 91 1 2
61 103 1 5
61 107 1 5
61 110 1 1
61 129 1 5
61 133 1 4
61 134 1 3
61 140 1 5
61 143 1 1
61 147 1 3
61 155 1 5
61 159 1 1
61 162 1 4
61 168 1 2
61 175 1 1
61 177 1 2
61 195 1 3
61 198 1 1
61 199 1 1
62 2 1 2
62 10 1 3
62 12 1 4
62 19 1 5
62 20 1 3
62 22 1 2
62 23 1 5
62 24 1 2
62 32 1 2
62 36 1 5
62 44 1 3
62 47 1 4
62 48 1 4
62 50 1 5
62 55 1 3
62 57 1 1
62 63 1 1
62 64 1 4
62 66 1 2
62 76 1 2
62 79 1 5
62 82 1 3
62 88 1 3
62 89 1 2
62 90 1 3
62 96 1 3
62 100 1 1
62 101 1 5
62 102 1 1
62 104 1 1
62 105 1 2
62 115 1 5
62 120 1 2
62 122 1 3
62 123 1 2
62 126 1 1
62 135 1 2
62 136 1 1
62 138 1 1
62 140 1 1
62 142 1 1
62 143 1 4
62 144 1 5
62 145 1 1
62 146 1 3
62 149 1 4
62 162 1 5
62 173 1 3
62 175 1 5
62 178 1 4
62 181 1 2
62 184 1 2
62 189 1 4
62 190 1 3
62 195 1 3
62 196 1 5
63 0 1 2
63 4 1 4
63 14 1 3
63 15 1 3
63 16 1 1
63 26 1 2
63 31 1 1
63 32 1 3
63 37 1 3
63 38 1 2
63 39 1 2
63 52 1 4
63 55 1 5
63 58 1 4
63 59 1 5
63 64 1 1
63 76 1 3
63 78 1 2
63 80 1 1
63 85 1 2
63 96 1 2
63 98 1 4
63 100 1 4
63 102 1 3
63 103 1 3
63 104 1 3
63 107 1 1
63 109 1 5
63 122 1 1
63 123 1 2
63 128 1 1
63 132 1 1
63 143 1 1
63 147 1 3
63 157 1 1
63 159 1 1
63 163 1 1
63 167 1 1
63 175 1 1
63 181 1 3
63 183 1 3
63 196 1 3
64 0 1 1
64 1 1 4
64 2 1 1
64 4 1 2
64 12 1 1
64 15 1 5
64 23 1 4
64 26 1 1
64 29 1 2
64 30 1 3
64 39 1 3
64 52 1 1
64 58 1 2
64 89 1 3
64 94 1 5
64 96 1 1
64 102 1 5
64 103 1 3
64 104 1 4
64 109 1 3
64 112 1 4
64 113 1 2
64 122 1 3
64 124 1 1
64 134 1 4
64 135 1 1
64 139 1 2
64 146 1 2
64 147 1 3
64 156 1 4
64 162 1 3
64 163 1 3
64 165 1 1
64 168 1 3
64 169 1 5
64 174 1 5
64 175 1 4
64 181 1 3
64 183 1 1
64 187 1 4
64 190 1 1
64 193 1 1
65 2 1 3
65 5 1 3
65 7 1 2
65 14 1 2
65 20 1 5
65 23 1 2
65 30 1 2
65 37 1 1
65 44 1 3
65 50 1 4
65 54 1 1
65 62 1 3
65 71 1 3
65 73 1 5
65 74 1 3
65 77 1 4
65 104 1 1
65 105 1 5
65 106 1 2
65 124 1 5
65 133 1 2
65 135 1 1
65 147 1 1
65 148 1 4
65 150 1 2
65 151 1 5
65 155 1 1
65 158 1 3
65 159 1 5
65 162 1 2
65 166 1 5
65 168 1 2
65 172 1 1
65 173 1 1
65 175 1 5
65 178 1 1
65 188 1 5
65 192 1 2
65 195 1 4
65 198 1 2
66 2 1 2
66 10 1 5
66 14 1 5
66 24 1 4
66 36 1 3
66 41 1 2
66 51 1 5
66 60 1 2
66 70 1 3
66 74 1 3
66 76 1 5
66 87 1 1
66 92 1 1
66 111 1 5
66 114 1 2
66 115 1 4
66 117 1 4
66 120 1 5
66 126 1 1
66 144 1 3
66 148 1 5
66 150 1 3
66 159 1 5
66 162 1 2
66 165 1 1
66 172 1 2
66 182 1 5
66 185 1 2
66 193 1 3
66 198 1 2
67 10 1 5
67 35 1 2
67 42 1 5
67 60 1 4
67 68 1 2
67 70 1 2
67 72 1 2
67 73 1 2
67 90 1 4
67 108 1 5
67 117 1 5
67 119 1 2
67 121 1 5
67 130 1 5
67 141 1 4
67 144 1 5
67 161 1 2
67 164 1 3
67 165 1 3
67 170 1 5
67 179 1 3
67 187 1 2
68 1 1 4
68 2 1 1
68 4 1 1
68 10 1 2
68 11 1 1
68 42 1 4
68 51 1 4
68 60 1 4
68 72 1 3
68 73 1 3
68 81 1 4
68 89 1 5
68 90 1 3
68 92 1 3
68 94 1 5
68 100 1 2
68 108 1 4
68 114 1 4
68 118 1 4
68 122 1 5
68 137 1 5
68 147 1 1
68 149 1 4
68 153 1 5
68 159 1 1
68 164 1 2
68 187 1 3
68 190 1 4
69 10 1 2
69 46 1 1
69 51 1 3
69 57 1 2
69 59 1 3
69 67 1 1
69 68 1 1
69 70 1 3
69 72 1 3
69 81 1 4
69 83 1 1
69 89 1 3
69 92 1 5
69 93 1 1
69 108 1 4
69 127 1 5
69 137 1 2
69 144 1 2
69 149 1 5
69 170 1 3
69 177 1 2
69 192 1 2
70 8 1 4
70 17 1 1
70 21 1 1
70 22 1 2
70 36 1 1
70 40 1 1
70 42 1 3
70 46 1 1
70 51 1 3
70 59 1 3
70 60 1 4
70 72 1 3
70 74 1 5
70 81 1 2
70 85 1 1
70 91 1 1
70 92 1 1
70 93 1 1
70 105 1 4
70 108 1 4
70 112 1 3
70 114 1 3
70 121 1 3
70 124 1 4
70 129 1 2
70 131 1 2
70 135 1 5
70 136 1 1
70 144 1 4
70 149 1 2
70 150 1 2
70 158 1 2
70 159 1 4
70 168 1 3
70 170 1 5
70 174 1 1
70 177 1 1
70 187 1 2
70 188 1 3
70 192 1 1
70 193 1 4
71 7 1 4
71 8 1 3
71 9 1 4
71 19 1 5
71 23 1 2
71 24 1 2
71 30 1 2
71 32 1 5
71 33 1 3
71 37 1 1
71 38 1 3
71 48 1 4
71 49 1 4
71 56 1 4
71 62 1 4
71 66 1 3
71 77 1 1
71 82 1 3
71 85 1 4
71 94 1 1
71 95 1 4
71 102 1 5
71 103 1 5
71 104 1 5
71 113 1 4
71 124 1 1
71 133 1 3
71 139 1 1
71 142 1 3
71 147 1 5
71 149 1 3
71 152 1 4
71 160 1 5
71 166 1 1
71 168 1 2
71 175 1 1
71 184 1 4
71 193 1 3
71 194 1 1
71 199 1 5
72 2 1 1
72 4 1 3
72 11 1 4
72 15 1 4
72 22 1 4
72 35 1 5
72 40 1 3
72 41 1 4
72 52 1 1
72 60 1 5
72 73 1 5
72 78 1 5
72 85 1 2
72 89 1 2
72 92 1 1
72 93 1 4
72 105 1 5
72 108 1 4
72 112 1 2
72 118 1 5
72 120 1 3
72 122 1 4
72 123 1 1
72 127 1 1
72 132 1 4
72 138 1 4
72 144 1 5
72 146 1 3
72 153 1 3
72 161 1 4
72 167 1 4
72 170 1 1
72 178 1 4
72 185 1 1
72 190 1 1
73 2 1 1
73 17 1 3
73 21 1 2
73 27 1 4
73 35 1 2
73 36 1 4
73 40 1 1
73 50 1 5
73 51 1 2
73 57 1 4
73 59 1 4
73 60 1 5
73 66 1 5
73 69 1 5
73 81 1 1
73 82 1 3
73 89 1 5
73 94 1 2
73 99 1 1
73 100 1 4
73 103 1 3
73 105 1 1
73 108 1 4
73 113 1 3
73 114 1 4
73 115 1 1
73 117 1 2
73 119 1 2
73 122 1 1
73 124 1 4
73 129 1 5
73 136 1 5
73 137 1 2
73 150 1 1
73 155 1 3
73 159 1 5
73 165 1 4
73 166 1 5
73 177 1 5
73 178 1 5
73 187 1 1
73 188 1 3
73 190 1 1
73 195 1 4
74 6 1 4
74 10 1 4
74 14 1 1
74 20 1 5
74 25 1 4
74 34 1 4
74 37 1 5
74 45 1 5
74 46 1 3
74 50 1 2
74 54 1 2
74 55 1 4
74 61 1 1
74 71 1 4
74 82 1 4
74 87 1 1
74 88 1 5
74 90 1 5
74 92 1 4
74 94 1 2
74 101 1 5
74 103 1 3
74 106 1 2
74 107 1 2
74 113 1 2
74 114 1 4
74 115 1 1
74 122 1 2
74 124 1 1
74 147 1 2
74 151 1 2
74 152 1 4
74 158 1 3
74 162 1 1
74 166 1 3
74 172 1 5
74 175 1 5
74 177 1 5
74 180 1 3
74 182 1 3
74 184 1 3
74 189 1 3
75 4 1 3
75 9 1 4
75 13 1 5
75 14 1 2
75 19 1 5
75 23 1 2
75 26 1 5
75 29 1 1
75 52 1 3
75 53 1 3
75 56 1 5
75 57 1 2
75 62 1 5
75 64 1 1
75 76 1 3
75 85 1 3
75 96 1 2
75 102 1 5
75 110 1 1
75 113 1 3
75 122 1 3
75 125 1 2
75 128 1 5
75 132 1 3
75 134 1 3
75 139 1 2
75 143 1 5
75 145 1 3
75 146 1 5
75 152 1 3
75 153 1 3
75 156 1 3
75 162 1 4
75 163 1 1
75 167 1 1
75 169 1 3
75 171 1 5
75 177 1 4
75 180 1 3
75 186 1 4
75 190 1 2
75 196 1 5
76 3 1 1
76 7 1 2
76 8 1 4
76 9 1 1
76 12 1 5
76 14 1 1
76 17 1 4
76 20 1 1
76 24 1 3
76 25 1 2
76 29 1 3
76 30 1 3
76 33 1 5
76 34 1 1
76 36 1 4
76 38 1 4
76 39 1 5
76 44 1 1
76 60 1 2
76 64 1 2
76 70 1 5
76 71 1 5
76 73 1 2
76 77 1 1
76 82 1 5
76 85 1 1
76 90 1 2
76 93 1 3
76 95 1 1
76 101 1 1
76 104 1 1
76 106 1 3
76 111 1 4
76 114 1 3
76 126 1 4
76 136 1 5
76 137 1 2
76 138 1 5
76 140 1 4
76 144 1 2
76 153 1 3
76 160 1 5
76 171 1 1
76 174 1 4
76 182 1 4
76 188 1 4
76 189 1 1
76 190 1 5
76 195 1 2
76 198 1 5
77 5 1 5
77 6 1 2
77 7 1 5
77 24 1 1
77 34 1 3
77 66 1 3
77 74 1 2
77 82 1 5
77 114 1 4
77 140 1 3
77 148 1 5
77 151 1 3
77 184 1 2
77 188 1 3
77 195 1 2
77 198 1 2
78 0 1 1
78 1 1 1
78 2 1 5
78 4 1 5
78 11 1 3
78 12 1 3
78 13 1 1
78 31 1 1
78 39 1 5
78 43 1 3
78 46 1 5
78 47 1 3
78 52 1 4
78 85 1 2
78 86 1 5
78 93 1 1
78 99 1 1
78 105 1 5
78 109 1 2
78 118 1 1
78 132 1 2
78 135 1 2
78 141 1 2
78 155 1 3
78 164 1 5
78 169 1 1
78 176 1 4
78 177 1 2
78 178 1 3
78 192 1 2
79 3 1 4
79 14 1 3
79 16 1 1
79 18 1 4
79 19 1 2
79 23 1 1
79 31 1 4
79 32 1 1
79 38 1 2
79 39 1 5
79 47 1 3
79 54 1 5
79 61 1 3
79 63 1 5
79 64 1 1
79 71 1 4
79 75 1 4
79 76 1 4
79 82 1 4
79 94 1 1
79 97 1 1
79 104 1 3
79 113 1 2
79 120 1 3
79 124 1 2
79 128 1 2
79 134 1 3
79 153 1 2
79 154 1 2
79 156 1 5
79 157 1 5
79 163 1 3
79 173 1 4
79 178 1 4
79 180 1 1
79 196 1 5
79 197 1 5
79 199 1 4
80 1 1 1
80 3 1 5
80 11 1 3
80 12 1 4
80 16 1 3
80 21 1 5
80 26 1 1
80 43 1 4
80 52 1 3
80 64 1 4
80 89 1 3
80 96 1 1
80 97 1 2
80 109 1 2
80 112 1 4
80 113 1 1
80 120 1 1
80 123 1 1
80 141 1 2
80 146 1 1
80 153 1 5
80 155 1 2
80 156 1 4
80 163 1 5
80 164 1 1
80 167 1 3
80 169 1 4
80 190 1 2
80 196 1 5
81 1 1 4
81 11 1 1
81 17 1 5
81 21 1 5
81 22 1 2
81 31 1 5
81 35 1 1
81 51 1 1
81 52 1 5
81 67 1 5
81 78 1 3
81 87 1 3
81 90 1 4
81 92 1 4
81 108 1 2
81 112 1 5
81 117 1 4
81 119 1 1
81 122 1 3
81 130 1 1
81 131 1 3
81 138 1 5
81 141 1 1
81 147 1 5
81 149 1 1
81 164 1 1
81 165 1 2
81 174 1 4
81 178 1 2
81 185 1 3
81 191 1 1
81 192 1 1
82 6 1 2
82 7 1 3
82 24 1 5
82 39 1 1
82 45 1 4
82 49 1 3
82 50 1 3
82 54 1 5
82 56 1 4
82 61 1 2
82 63 1 1
82 64 1 3
82 65 1 4
82 66 1 5
82 91 1 5
82 96 1 1
82 100 1 5
82 103 1 3
82 104 1 1
82 107 1 5
82 110 1 5
82 113 1 5
82 116 1 1
82 120 1 1
82 122 1 3
82 124 1 5
82 126 1 3
82 133 1 5
82 136 1 3
82 142 1 3
82 148 1 3
82 151 1 4
82 154 1 5
82 156 1 3
82 160 1 2
82 162 1 4
82 168 1 1
82 176 1 4
82 177 1 5
82 184 1 3
82 185 1 5
82 187 1 4
82 189 1 3
82 190 1 2
82 192 1 4
82 193 1 1
82 195 1 5
82 196 1 5
83 2 1 1
83 21 1 1
83 28 1 5
83 35 1 3
83 42 1 3
83 59 1 4
83 68 1 4
83 70 1 5
83 72 1 4
83 73 1 3
83 81 1 3
83 87 1 5
83 92 1 5
83 94 1 1
83 108 1 3
83 119 1 4
83 131 1 1
83 135 1 2
83 137 1 1
83 138 1 3
83 164 1 3
83 165 1 1
83 167 1 2
83 170 1 2
83 174 1 3
83 188 1 4
83 192 1 1
84 0 1 4
84 1 1 5
84 4 1 3
84 15 1 4
84 28 1 5
84 31 1 5
84 53 1 5
84 59 1 4
84 64 1 3
84 78 1 4
84 85 1 2
84 89 1 1
84 96 1 1
84 98 1 1
84 113 1 2
84 120 1 5
84 130 1 2
84 134 1 5
84 135 1 3
84 141 1 5
84 153 1 3
84 156 1 5
84 164 1 1
84 167 1 4
84 181 1 5
84 186 1 4
84 190 1 2
85 3 1 2
85 10 1 5
85 12 1 4
85 16 1 2
85 20 1 4
85 21 1 4
85 22 1 3
85 29 1 1
85 30 1 2
85 37 1 4
85 44 1 2
85 46 1 4
85 51 1 2
85 52 1 3
85 55 1 1
85 58 1 5
85 59 1 2
85 60 1 4
85 62 1 2
85 64 1 2
85 65 1 1
85 66 1 1
85 68 1 5
85 73 1 3
85 80 1 4
85 81 1 3
85 82 1 5
85 87 1 5
85 97 1 2
85 100 1 2
85 101 1 1
85 102 1 3
85 105 1 1
85 109 1 4
85 110 1 4
85 111 1 5
85 112 1 2
85 114 1 3
85 115 1 5
85 116 1 2
85 122 1 5
85 123 1 5
85 124 1 1
85 125 1 4
85 132 1 5
85 134 1 2
85 137 1 1
85 138 1 3
85 139 1 3
85 142 1 1
85 143 1 5
85 149 1 2
85 152 1 2
85 153 1 5
85 156 1 4
85 159 1 5
85 162 1 5
85 168 1 4
85 175 1 5
85 176 1 2
85 177 1 1
85 178 1 4
85 180 1 4
85 181 1 4
85 187 1 1
85 191 1 5
86 0 1 3
86 11 1 2
86 15 1 1
86 21 1 4
86 39 1 1
86 47 1 5
86 52 1 3
86 58 1 1
86 59 1 2
86 63 1 3
86 64 1 1
86 80 1 5
86 84 1 1
86 85 1 4
86 89 1 3
86 97 1 4
86 100 1 3
86 102 1 2
86 112 1 3
86 118 1 1
86 123 1 5
86 125 1 5
86 134 1 5
86 141 1 2
86 155 1 4
86 156 1 1
86 167 1 3
86 178 1 3
86 181 1 5
86 197 1 5
87 1 1 2
87 2 1 4
87 4 1 2
87 7 1 1
87 10 1 3
87 17 1 1
87 21 1 5
87 24 1 3
87 35 1 3
87 39 1 2
87 41 1 3
87 42 1 5
87 51 1 3
87 57 1 1
87 59 1 2
87 67 1 5
87 68 1 3
87 69 1 3
87 70 1 4
87 72 1 3
87 73 1 4
87 90 1 4
87 92 1 1
87 94 1 5
87 99 1 3
87 127 1 5
87 130 1 2
87 135 1 5
87 149 1 1
87 161 1 3
87 164 1 1
87 168 1 1
87 174 1 1
87 177 1 3
87 191 1 2
88 5 1 5
88 6 1 1
88 14 1 4
88 19 1 2
88 20 1 4
88 29 1 2
88 38 1 4
88 44 1 4
88 49 1 2
88 56 1 4
88 61 1 2
88 65 1 5
88 71 1 2
88 76 1 4
88 77 1 4
88 79 1 3
88 95 1 5
88 103 1 4
88 110 1 5
88 114 1 5
88 116 1 2
88 124 1 1
88 129 1 4
88 133 1 4
88 136 1 5
88 139 1 4
88 140 1 2
88 142 1 5
88 143 1 5
88 148 1 4
88 152 1 2
88 154 1 3
88 166 1 2
88 189 1 5
88 199 1 3
89 2 1 4
89 4 1 3
89 10 1 3
89 15 1 3
89 22 1 3
89 27 1 5
89 31 1 4
89 37 1 1
89 39 1 1
89 52 1 1
89 53 1 3
89 60 1 3
89 75 1 1
89 78 1 1
89 83 1 1
89 87 1 3
89 92 1 4
89 100 1 4
89 105 1 3
89 109 1 1
89 117 1 1
89 118 1 5
89 128 1 2
89 132 1 2
89 134 1 5
89 136 1 2
89 144 1 5
89 146 1 5
89 147 1 5
89 149 1 5
89 153 1 5
89 155 1 2
89 163 1 2
89 164 1 3
89 170 1 3
89 176 1 3
89 177 1 4
89 186 1 4
89 187 1 1
89 192 1 3
89 197 1 1
90 1 1 4
90 2 1 2
90 7 1 5
90 15 1 5
90 17 1 1
90 21 1 5
90 22 1 4
90 27 1 2
90 31 1 5
90 35 1 2
90 39 1 1
90 50 1 5
90 51 1 1
90 59 1 4
90 66 1 4
90 69 1 4
90 72 1 4
90 73 1 3
90 78 1 4
90 85 1 3
90 89 1 1
90 92 1 2
90 98 1 5
90 100 1 4
90 108 1 1
90 118 1 5
90 120 1 1
90 123 1 5
90 127 1 1
90 130 1 3
90 132 1 2
90 144 1 5
90 149 1 1
90 153 1 2
90 155 1 4
90 159 1 1
90 167 1 5
90 177 1 3
90 179 1 4
90 185 1 3
90 190 1 1
90 192 1 2
90 196 1 2
91 5 1 2
91 17 1 3
91 20 1 1
91 23 1 1
91 25 1 2
91 29 1 4
91 30 1 2
91 33 1 1
91 71 1 1
91 73 1 4
91 74 1 1
91 76 1 4
91 77 1 2
91 85 1 5
91 88 1 5
91 101 1 4
91 107 1 3
91 111 1 3
91 113 1 4
91 114 1 5
91 116 1 1
91 121 1 2
91 122 1 5
91 126 1 3
91 129 1 2
91 136 1 3
91 137 1 5
91 142 1 1
91 144 1 2
91 145 1 4
91 149 1 3
91 150 1 2
91 151 1 1
91 156 1 4
91 162 1 4
91 168 1 4
91 172 1 4
91 173 1 2
91 177 1 2
91 187 1 4
92 4 1 4
92 7 1 5
92 10 1 2
92 15 1 1
92 17 1 3
92 21 1 4
92 22 1 2
92 28 1 1
92 35 1 5
92 41 1 2
92 46 1 3
92 51 1 2
92 67 1 3
92 73 1 3
92 98 1 1
92 108 1 4
92 111 1 5
92 114 1 3
92 118 1 5
92 119 1 3
92 120 1 1
92 130 1 1
92 131 1 5
92 135 1 2
92 137 1 2
92 144 1 5
92 149 1 2
92 164 1 2
92 165 1 3
92 178 1 2
92 179 1 2
92 185 1 3
92 187 1 4
92 190 1 4
93 9 1 5
93 10 1 4
93 21 1 2
93 28 1 4
93 35 1 1
93 42 1 2
93 60 1 1
93 64 1 1
93 68 1 1
93 83 1 2
93 85 1 1
93 87 1 1
93 89 1 1
93 90 1 3
93 92 1 5
93 94 1 5
93 99 1 5
93 112 1 3
93 119 1 1
93 123 1 1
93 131 1 4
93 136 1 2
93 137 1 1
93 141 1 3
93 146 1 3
93 147 1 3
93 149 1 4
93 153 1 4
93 159 1 5
93 168 1 3
93 174 1 5
93 177 1 3
93 178 1 1
93 179 1 4
93 186 1 3
93 190 1 4
94 2 1 3
94 7 1 2
94 8 1 3
94 9 1 3
94 14 1 5
94 20 1 2
94 22 1 3
94 23 1 2
94 24 1 2
94 25 1 2
94 27 1 1
94 29 1 3
94 31 1 5
94 36 1 3
94 39 1 1
94 42 1 3
94 44 1 4
94 50 1 5
94 51 1 5
94 52 1 1
94 60 1 1
94 63 1 4
94 65 1 2
94 66 1 5
94 69 1 5
94 70 1 5
94 81 1 1
94 82 1 4
94 89 1 4
94 90 1 2
94 92 1 4
94 99 1 1
94 102 1 2
94 112 1 1
94 119 1 4
94 129 1 1
94 135 1 1
94 141 1 5
94 145 1 5
94 146 1 1
94 150 1 5
94 151 1 4
94 152 1 1
94 155 1 3
94 159 1 1
94 161 1 1
94 164 1 1
94 170 1 3
94 174 1 1
94 175 1 2
94 180 1 4
94 185 1 1
94 187 1 5
94 193 1 5
94 197 1 4
94 198 1 3
95 5 1 1
95 6 1 1
95 7 1 2
95 8 1 5
95 14 1 5
95 24 1 3
95 33 1 4
95 45 1 3
95 50 1 2
95 54 1 1
95 65 1 3
95 66 1 5
95 73 1 2
95 74 1 1
95 77 1 1
95 82 1 3
95 91 1 5
95 115 1 3
95 116 1 3
95 129 1 3
95 148 1 1
95 150 1 3
95 160 1 4
95 168 1 2
95 173 1 4
95 184 1 1
95 193 1 4
95 198 1 2
96 1 1 2
96 3 1 5
96 13 1 4
96 19 1 3
96 20 1 2
96 29 1 4
96 30 1 4
96 31 1 5
96 47 1 3
96 52 1 2
96 58 1 1
96 79 1 3
96 89 1 2
96 97 1 4
96 102 1 3
96 103 1 1
96 112 1 3
96 113 1 5
96 122 1 1
96 123 1 5
96 132 1 1
96 134 1 3
96 139 1 1
96 141 1 2
96 143 1 5
96 145 1 2
96 146 1 1
96 152 1 5
96 159 1 4
96 162 1 3
96 163 1 5
96 167 1 1
96 169 1 4
96 177 1 3
96 178 1 1
96 186 1 5
96 190 1 1
96 191 1 3
97 4 1 1
97 13 1 4
97 15 1 1
97 26 1 5
97 30 1 4
97 31 1 4
97 53 1 4
97 63 1 5
97 75 1 1
97 78 1 1
97 84 1 2
97 89 1 1
97 98 1 3
97 107 1 1
97 109 1 2
97 120 1 1
97 123 1 4
97 125 1 1
97 134 1 3
97 142 1 5
97 145 1 3
97 146 1 5
97 147 1 5
97 153 1 2
97 155 1 1
97 167 1 1
97 178 1 4
97 181 1 5
97 190 1 1
97 191 1 3
97 197 1 2
98 3 1 5
98 9 1 4
98 12 1 3
98 15 1 4
98 21 1 2
98 51 1 3
98 53 1 5
98 57 1 2
98 58 1 4
98 59 1 4
98 68 1 4
98 72 1 4
98 75 1 1
98 78 1 2
98 81 1 3
98 85 1 2
98 86 1 2
98 87 1 5
98 89 1 5
98 93 1 3
98 99 1 3
98 105 1 3
98 112 1 4
98 120 1 2
98 132 1 3
98 141 1 1
98 144 1 3
98 159 1 2
98 163 1 5
98 164 1 5
98 167 1 3
98 169 1 4
98 176 1 1
98 178 1 2
98 187 1 1
98 191 1 1
98 192 1 2
99 1 1 2
99 2 1 4
99 3 1 5
99 4 1 3
99 7 1 3
99 11 1 4
99 17 1 2
99 21 1 4
99 28 1 3
99 31 1 3
99 39 1 4
99 40 1 5
99 41 1 4
99 46 1 5
99 51 1 3
99 52 1 2
99 57 1 4
99 59 1 4
99 60 1 5
99 67 1 2
99 68 1 4
99 69 1 3
99 70 1 5
99 72 1 2
99 83 1 4
99 85 1 1
99 89 1 1
99 108 1 5
99 111 1 5
99 114 1 1
99 119 1 3
99 121 1 2
99 123 1 1
99 127 1 3
99 131 1 3
99 132 1 3
99 137 1 5
99 138 1 3
99 159 1 4
99 161 1 3
99 167 1 3
99 168 1 1
99 178 1 3
99 187 1 1
100 1 1 3
100 2 1 5
100 15 1 5
100 21 1 4
100 22 1 5
100 26 1 3
100 36 1 1
100 37 1 2
100 39 1 5
100 53 1 4
100 57 1 2
100 64 1 2
100 69 1 3
100 72 1 2
100 78 1 3
100 79 1 4
100 80 1 1
100 81 1 1
100 87 1 4
100 93 1 3
100 94 1 1
100 96 1 5
100 98 1 4
100 99 1 4
100 103 1 4
100 107 1 3
100 112 1 1
100 118 1 1
100 120 1 4
100 122 1 2
100 123 1 4
100 124 1 5
100 128 1 3
100 131 1 1
100 132 1 4
100 134 1 2
100 136 1 4
100 139 1 1
100 146 1 2
100 152 1 2
100 153 1 3
100 155 1 2
100 165 1 2
100 167 1 4
100 169 1 1
100 176 1 3
100 177 1 1
100 178 1 4
100 181 1 4
100 187 1 1
100 193 1 2
100 197 1 2
101 6 1 5
101 14 1 4
101 19 1 3
101 20 1 2
101 23 1 4
101 30 1 1
101 32 1 3
101 37 1 1
101 48 1 1
101 49 1 2
101 54 1 4
101 61 1 1
101 63 1 2
101 75 1 3
101 79 1 1
101 82 1 2
101 88 1 1
101 94 1 5
101 102 1 2
101 107 1 3
101 110 1 2
101 113 1 3
101 115 1 4
101 122 1 3
101 126 1 2
101 128 1 2
101 129 1 3
101 133 1 2
101 134 1 2
101 139 1 4
101 142 1 2
101 143 1 1
101 145 1 4
101 147 1 2
101 152 1 2
101 154 1 4
101 156 1 4
101 157 1 2
101 168 1 4
101 177 1 2
101 183 1 2
101 184 1 2
101 198 1 2
102 1 1 1
102 4 1 3
102 16 1 3
102 19 1 5
102 23 1 5
102 29 1 3
102 30 1 3
102 31 1 5
102 32 1 5
102 37 1 5
102 44 1 1
102 47 1 2
102 52 1 1
102 57 1 3
102 58 1 3
102 59 1 1
102 61 1 4
102 78 1 2
102 80 1 2
102 84 1 5
102 89 1 1
102 97 1 2
102 100 1 5
102 104 1 1
102 105 1 5
102 120 1 1
102 123 1 2
102 124 1 2
102 130 1 5
102 132 1 3
102 134 1 1
102 135 1 4
102 137 1 3
102 143 1 3
102 145 1 1
102 146 1 4
102 153 1 3
102 155 1 3
102 156 1 4
102 162 1 1
102 171 1 4
102 178 1 4
102 186 1 1
102 187 1 3
102 191 1 2
102 193 1 3
102 196 1 1
103 2 1 1
103 6 1 1
103 12 1 5
103 17 1 4
103 20 1 4
103 23 1 1
103 29 1 4
103 31 1 2
103 45 1 1
103 54 1 1
103 55 1 3
103 56 1 4
103 57 1 5
103 58 1 5
103 62 1 4
103 65 1 3
103 76 1 3
103 79 1 2
103 85 1 3
103 91 1 3
103 94 1 1
103 97 1 2
103 107 1 2
103 109 1 1
103 110 1 2
103 112 1 4
103 114 1 3
103 115 1 1
103 123 1 4
103 125 1 5
103 126 1 2
103 148 1 4
103 149 1 5
103 153 1 5
103 156 1 2
103 157 1 4
103 160 1 4
103 173 1 1
103 177 1 4
103 178 1 1
103 181 1 4
103 183 1 4
103 185 1 2
103 190 1 4
103 193 1 3
103 194 1 5
103 195 1 3
103 196 1 1
104 6 1 2
104 19 1 2
104 55 1 3
104 56 1 2
104 61 1 1
104 75 1 5
104 88 1 2
104 101 1 2
104 103 1 2
104 107 1 5
104 116 1 5
104 126 1 1
104 134 1 4
104 136 1 3
104 145 1 2
104 156 1 3
104 157 1 1
104 160 1 3
104 162 1 1
104 173 1 4
104 176 1 3
104 183 1 3
104 189 1 4
104 193 1 1
104 194 1 4
105 11 1 5
105 12 1 4
105 15 1 5
105 17 1 1
105 24 1 1
105 34 1 4
105 36 1 2
105 37 1 2
105 46 1 2
105 51 1 2
105 66 1 5
105 68 1 4
105 69 1 1
105 74 1 5
105 76 1 1
105 81 1 2
105 82 1 5
105 83 1 3
105 87 1 4
105 90 1 1
105 91 1 1
105 92 1 1
105 93 1 5
105 94 1 4
105 99 1 2
105 100 1 3
105 111 1 2
105 112 1 3
105 121 1 5
105 122 1 5
105 124 1 2
105 127 1 1
105 130 1 2
105 131 1 1
105 135 1 2
105 136 1 1
105 137 1 2
105 141 1 3
105 152 1 4
105 153 1 5
105 155 1 2
105 164 1 2
105 165 1 1
105 167 1 4
105 168 1 3
105 174 1 1
105 177 1 3
105 178 1 4
105 184 1 5
105 188 1 3
105 195 1 2
105 196 1 1
106 6 1 2
106 24 1 5
106 33 1 1
106 34 1 2
106 36 1 3
106 44 1 2
106 45 1 5
106 54 1 2
106 88 1 1
106 91 1 2
106 95 1 3
106 116 1 5
106 129 1 1
106 151 1 1
106 158 1 2
106 160 1 1
106 166 1 2
106 168 1 2
106 173 1 1
106 184 1 2
106 189 1 5
106 195 1 5
107 3 1 2
107 4 1 3
107 5 1 3
107 9 1 4
107 12 1 4
107 18 1 3
107 20 1 5
107 29 1 5
107 36 1 4
107 39 1 5
107 44 1 4
107 48 1 4
107 54 1 4
107 62 1 2
107 64 1 2
107 71 1 2
107 75 1 3
107 79 1 5
107 85 1 1
107 88 1 2
107 94 1 5
107 113 1 4
107 123 1 3
107 124 1 1
107 128 1 5
107 133 1 5
107 134 1 3
107 146 1 1
107 149 1 3
107 155 1 5
107 156 1 1
107 157 1 2
107 168 1 4
107 171 1 5
107 175 1 2
107 176 1 1
107 177 1 4
107 178 1 5
107 180 1 3
107 183 1 4
107 193 1 2
107 197 1 4
108 11 1 4
108 21 1 1
108 22 1 4
108 25 1 5
108 28 1 3
108 40 1 2
108 60 1 4
108 93 1 1
108 105 1 4
108 119 1 3
108 127 1 2
108 144 1 3
108 174 1 2
109 3 1 4
109 4 1 4
109 11 1 5
109 13 1 3
109 16 1 4
109 26 1 3
109 31 1 5
109 37 1 5
109 39 1 5
109 43 1 1
109 47 1 5
109 52 1 3
109 53 1 4
109 58 1 5
109 62 1 2
109 75 1 4
109 84 1 3
109 86 1 1
109 96 1 5
109 98 1 1
109 100 1 5
109 118 1 2
109 120 1 3
109 125 1 3
109 132 1 5
109 134 1 5
109 135 1 1
109 138 1 1
109 146 1 4
109 155 1 5
109 164 1 3
109 169 1 5
109 178 1 2
109 191 1 3
110 5 1 2
110 6 1 4
110 8 1 1
110 9 1 3
110 12 1 5
110 16 1 4
110 17 1 2
110 19 1 2
110 20 1 3
110 55 1 4
110 62 1 1
110 64 1 5
110 65 1 1
110 71 1 3
110 76 1 4
110 79 1 2
110 94 1 5
110 96 1 4
110 97 1 5
110 100 1 4
110 102 1 4
110 104 1 1
110 107 1 5
110 109 1 3
110 116 1 3
110 123 1 1
110 124 1 1
110 126 1 3
110 136 1 1
110 139 1 2
110 142 1 5
110 143 1 2
110 147 1 4
110 152 1 3
110 160 1 3
110 173 1 5
110 177 1 5
110 180 1 5
110 183 1 4
110 190 1 1
110 194 1 5
110 195 1 4
111 6 1 5
111 9 1 5
111 24 1 1
111 35 1 2
111 37 1 5
111 46 1 4
111 50 1 2
111 51 1 2
111 62 1 2
111 65 1 2
111 70 1 4
111 73 1 5
111 74 1 1
111 77 1 1
111 82 1 2
111 83 1 2
111 87 1 4
111 93 1 1
111 94 1 1
111 95 1 1
111 112 1 4
111 114 1 2
111 117 1 2
111 120 1 2
111 121 1 2
111 124 1 3
111 131 1 4
111 136 1 1
111 149 1 5
111 151 1 1
111 159 1 4
111 162 1 3
111 165 1 2
111 166 1 4
111 170 1 5
111 182 1 4
111 184 1 1
111 185 1 4
111 195 1 2
111 198 1 4
112 3 1 2
112 11 1 5
112 12 1 5
112 14 1 3
112 15 1 5
112 22 1 2
112 28 1 3
112 31 1 4
112 34 1 5
112 35 1 4
112 46 1 4
112 59 1 3
112 60 1 3
112 67 1 2
112 69 1 4
112 73 1 5
112 74 1 2
112 76 1 1
112 83 1 3
112 84 1 2
112 89 1 3
112 90 1 1
112 92 1 3
112 102 1 4
112 108 1 4
112 109 1 4
112 117 1 3
112 119 1 5
112 120 1 1
112 123 1 3
112 131 1 1
112 132 1 1
112 135 1 2
112 136 1 3
112 137 1 5
112 141 1 4
112 147 1 1
112 155 1 5
112 156 1 5
112 164 1 4
112 169 1 1
112 175 1 4
112 177 1 5
112 186 1 1
112 187 1 1
112 190 1 4
112 196 1 2
112 197 1 4
113 0 1 1
113 1 1 4
113 2 1 5
113 5 1 2
113 6 1 4
113 8 1 4
113 15 1 1
113 17 1 4
113 23 1 5
113 31 1 4
113 32 1 2
113 37 1 4
113 39 1 4
113 52 1 4
113 53 1 2
113 54 1 4
113 57 1 4
113 61 1 3
113 62 1 5
113 63 1 1
113 76 1 1
113 78 1 1
113 85 1 4
113 88 1 5
113 89 1 1
113 94 1 3
113 97 1 5
113 100 1 4
113 104 1 2
113 109 1 5
113 110 1 3
113 114 1 1
113 124 1 4
113 134 1 3
113 135 1 3
113 136 1 1
113 139 1 2
113 141 1 4
113 143 1 4
113 147 1 3
113 152 1 1
113 155 1 4
113 159 1 2
113 165 1 4
113 167 1 5
113 169 1 1
113 174 1 1
113 176 1 4
113 177 1 5
113 178 1 2
113 180 1 1
113 183 1 2
113 185 1 1
113 186 1 4
113 191 1 2
113 195 1 4
113 196 1 3
114 2 1 2
114 6 1 4
114 8 1 5
114 10 1 1
114 17 1 4
114 25 1 3
114 40 1 1
114 42 1 2
114 44 1 5
114 50 1 3
114 60 1 5
114 65 1 3
114 69 1 2
114 71 1 1
114 82 1 4
114 87 1 1
114 90 1 5
114 105 1 4
114 106 1 3
114 112 1 3
114 115 1 3
114 116 1 3
114 120 1 4
114 121 1 4
114 122 1 5
114 124 1 4
114 131 1 2
114 136 1 2
114 140 1 5
114 149 1 4
114 150 1 2
114 151 1 5
114 152 1 5
114 159 1 1
114 166 1 5
114 174 1 1
114 175 1 2
114 182 1 3
114 187 1 1
114 188 1 1
114 190 1 5
114 192 1 4
114 193 1 5
114 198 1 1
115 2 1 3
115 5 1 5
115 7 1 2
115 8 1 2
115 14 1 5
115 17 1 1
115 23 1 5
115 24 1 2
115 25 1 5
115 29 1 5
115 30 1 5
115 34 1 3
115 36 1 5
115 44 1 1
115 54 1 3
115 55 1 4
115 65 1 1
115 77 1 3
115 82 1 5
115 91 1 1
115 94 1 2
115 105 1 5
115 106 1 4
115 107 1 5
115 110 1 2
115 111 1 2
115 113 1 5
115 124 1 2
115 129 1 3
115 135 1 2
115 136 1 2
115 140 1 1
115 149 1 1
115 150 1 4
115 159 1 4
115 162 1 1
115 168 1 2
115 172 1 1
115 182 1 1
115 187 1 2
115 188 1 2
115 192 1 3
115 193 1 2
116 8 1 2
116 9 1 1
116 19 1 3
116 30 1 5
116 44 1 2
116 45 1 5
116 48 1 3
116 49 1 5
116 54 1 2
116 56 1 3
116 61 1 4
116 62 1 3
116 65 1 3
116 74 1 5
116 76 1 5
116 77 1 4
116 79 1 4
116 94 1 4
116 101 1 2
116 102 1 1
116 113 1 4
116 115 1 3
116 129 1 4
116 136 1 5
116 139 1 2
116 142 1 3
116 149 1 4
116 152 1 1
116 166 1 4
116 168 1 1
116 173 1 4
116 182 1 5
116 189 1 4
116 193 1 2
117 7 1 4
117 17 1 1
117 24 1 3
117 28 1 4
117 34 1 3
117 36 1 4
117 42 1 2
117 59 1 4
117 69 1 5
117 72 1 3
117 83 1 2
117 87 1 1
117 92 1 3
117 94 1 4
117 99 1 5
117 105 1 5
117 108 1 5
117 120 1 4
117 121 1 2
117 127 1 4
117 130 1 1
117 131 1 4
117 137 1 2
117 138 1 5
117 141 1 4
117 144 1 2
117 161 1 4
117 164 1 5
117 167 1 1
117 177 1 4
117 185 1 1
117 191 1 4
118 3 1 4
118 4 1 3
118 12 1 2
118 18 1 4
118 31 1 3
118 43 1 1
118 46 1 1
118 57 1 2
118 58 1 3
118 59 1 2
118 63 1 1
118 64 1 1
118 75 1 3
118 80 1 2
118 81 1 4
118 84 1 3
118 85 1 4
118 87 1 2
118 93 1 3
118 96 1 5
118 97 1 2
118 98 1 4
118 99 1 3
118 105 1 1
118 112 1 3
118 120 1 3
118 130 1 1
118 137 1 5
118 153 1 1
118 155 1 2
118 159 1 4
118 165 1 5
118 169 1 5
118 174 1 2
118 176 1 2
118 178 1 4
118 181 1 5
118 190 1 4
118 191 1 1
118 196 1 1
119 15 1 3
119 21 1 3
119 22 1 3
119 27 1 1
119 34 1 2
119 41 1 5
119 50 1 3
119 51 1 5
119 57 1 3
119 66 1 3
119 68 1 4
119 69 1 3
119 72 1 4
119 87 1 4
119 89 1 5
119 100 1 2
119 105 1 3
119 117 1 2
119 120 1 4
119 131 1 2
119 136 1 5
119 144 1 4
119 147 1 3
119 161 1 2
119 167 1 3
119 168 1 1
119 170 1 1
119 174 1 3
119 179 1 4
119 185 1 4
119 190 1 5
119 192 1 4
120 1 1 5
120 2 1 3
120 9 1 1
120 12 1 5
120 13 1 3
120 14 1 1
120 15 1 5
120 16 1 4
120 17 1 1
120 18 1 4
120 36 1 5
120 39 1 5
120 41 1 1
120 42 1 5
120 44 1 3
120 51 1 4
120 53 1 2
120 64 1 3
120 68 1 4
120 69 1 5
120 70 1 5
120 73 1 4
120 74 1 3
120 76 1 5
120 78 1 3
120 81 1 5
120 85 1 3
120 87 1 5
120 89 1 3
120 91 1 4
120 93 1 5
120 96 1 4
120 103 1 4
120 105 1 3
120 107 1 2
120 110 1 3
120 113 1 4
120 115 1 2
120 122 1 1
120 123 1 3
120 124 1 1
120 125 1 4
120 127 1 2
120 128 1 2
120 130 1 2
120 132 1 4
120 134 1 5
120 146 1 3
120 147 1 3
120 155 1 5
120 156 1 4
120 162 1 2
120 163 1 4
120 164 1 5
120 165 1 5
120 167 1 2
120 168 1 4
120 170 1 4
120 174 1 2
120 176 1 2
120 177 1 2
120 178 1 3
120 185 1 3
120 187 1 1
120 191 1 5
120 196 1 4
121 2 1 3
121 7 1 2
121 10 1 5
121 17 1 3
121 22 1 1
121 24 1 2
121 25 1 4
121 27 1 4
121 33 1 3
121 35 1 2
121 42 1 2
121 51 1 3
121 65 1 2
121 66 1 5
121 68 1 3
121 69 1 2
121 74 1 3
121 76 1 3
121 81 1 1
121 83 1 4
121 93 1 3
121 94 1 1
121 95 1 1
121 108 1 5
121 115 1 4
121 135 1 1
121 149 1 5
121 159 1 4
121 161 1 3
121 170 1 2
121 172 1 4
121 179 1 3
121 192 1 5
122 0 1 3
122 1 1 2
122 6 1 1
122 7 1 2
122 8 1 1
122 9 1 3
122 11 1 1
122 13 1 2
122 14 1 4
122 17 1 2
122 19 1 2
122 20 1 4
122 22 1 5
122 23 1 4
122 26 1 3
122 30 1 4
122 31 1 5
122 37 1 2
122 39 1 3
122 44 1 4
122 51 1 3
122 57 1 5
122 58 1 2
122 60 1 1
122 61 1 5
122 65 1 1
122 78 1 4
122 80 1 4
122 86 1 4
122 89 1 1
122 90 1 4
122 93 1 3
122 94 1 3
122 97 1 2
122 98 1 1
122 102 1 3
122 107 1 5
122 109 1 1
122 110 1 2
122 112 1 2
122 113 1 1
122 115 1 4
122 116 1 5
122 124 1 4
122 132 1 3
122 135 1 3
122 139 1 3
122 145 1 2
122 146 1 3
122 147 1 4
122 153 1 2
122 156 1 1
122 159 1 3
122 162 1 5
122 163 1 5
122 165 1 1
122 168 1 1
122 169 1 1
122 174 1 4
122 177 1 3
122 178 1 2
122 180 1 2
122 181 1 1
122 185 1 5
122 190 1 5
122 192 1 1
122 193 1 2
122 195 1 5
123 2 1 5
123 4 1 4
123 10 1 3
123 11 1 2
123 14 1 3
123 16 1 3
123 26 1 1
123 28 1 1
123 36 1 1
123 37 1 5
123 39 1 1
123 43 1 2
123 46 1 1
123 52 1 1
123 53 1 3
123 58 1 5
123 59 1 5
123 64 1 2
123 73 1 4
123 75 1 4
123 76 1 1
123 78 1 4
123 79 1 3
123 82 1 3
123 84 1 2
123 87 1 2
123 89 1 3
123 92 1 3
123 98 1 5
123 109 1 4
123 113 1 1
123 122 1 2
123 124 1 5
123 128 1 5
123 134 1 2
123 135 1 3
123 142 1 3
123 145 1 3
123 146 1 4
123 149 1 2
123 152 1 1
123 153 1 2
123 155 1 1
123 156 1 1
123 163 1 5
123 164 1 5
123 167 1 2
123 169 1 3
123 174 1 3
123 178 1 4
123 180 1 2
123 181 1 4
123 187 1 4
123 190 1 5
123 191 1 5
123 192 1 5
123 193 1 2
123 195 1 2
123 197 1 3
124 3 1 1
124 4 1 3
124 5 1 2
124 6 1 4
124 8 1 4
124 17 1 2
124 19 1 1
124 24 1 1
124 29 1 1
124 30 1 5
124 32 1 1
124 38 1 1
124 45 1 5
124 50 1 5
124 54 1 5
124 59 1 1
124 62 1 5
124 63 1 3
124 66 1 3
124 75 1 4
124 91 1 3
124 94 1 4
124 96 1 5
124 104 1 2
124 129 1 5
124 134 1 5
124 136 1 5
124 138 1 3
124 143 1 5
124 149 1 5
124 151 1 5
124 153 1 3
124 157 1 4
124 167 1 3
124 168 1 2
124 171 1 4
124 182 1 5
124 185 1 2
124 188 1 2
124 192 1 4
124 193 1 2
124 196 1 5
124 198 1 4
125 0 1 3
125 9 1 1
125 23 1 3
125 29 1 1
125 31 1 2
125 32 1 2
125 37 1 1
125 38 1 2
125 39 1 5
125 44 1 3
125 47 1 3
125 52 1 1
125 55 1 3
125 58 1 4
125 62 1 5
125 64 1 3
125 71 1 1
125 76 1 4
125 79 1 1
125 80 1 3
125 82 1 4
125 88 1 1
125 96 1 3
125 98 1 4
125 100 1 2
125 102 1 5
125 107 1 5
125 110 1 1
125 113 1 2
125 116 1 2
125 122 1 1
125 123 1 5
125 124 1 2
125 132 1 4
125 133 1 1
125 134 1 4
125 136 1 3
125 138 1 2
125 139 1 4
125 143 1 4
125 147 1 3
125 152 1 4
125 154 1 1
125 156 1 2
125 159 1 4
125 167 1 1
125 169 1 3
125 175 1 5
125 176 1 2
125 177 1 5
125 180 1 2
125 181 1 5
125 183 1 4
125 190 1 3
125 194 1 1
126 8 1 1
126 23 1 4
126 24 1 5
126 29 1 3
126 30 1 4
126 32 1 5
126 33 1 5
126 36 1 4
126 37 1 4
126 38 1 1
126 44 1 2
126 54 1 4
126 55 1 2
126 65 1 4
126 71 1 1
126 74 1 1
126 88 1 1
126 95 1 5
126 106 1 4
126 107 1 4
126 114 1 3
126 124 1 5
126 133 1 4
126 145 1 3
126 148 1 5
126 152 1 5
126 157 1 2
126 166 1 1
126 168 1 5
126 171 1 2
126 175 1 3
126 182 1 3
126 198 1 4
127 17 1 2
127 27 1 3
127 35 1 3
127 40 1 2
127 51 1 1
127 59 1 3
127 67 1 2
127 68 1 3
127 70 1 2
127 73 1 4
127 83 1 3
127 89 1 5
127 92 1 1
127 93 1 5
127 111 1 2
127 112 1 2
127 119 1 3
127 121 1 5
127 130 1 1
127 137 1 4
127 149 1 2
127 159 1 5
127 164 1 1
127 170 1 3
127 191 1 4
128 0 1 4
128 1 1 3
128 12 1 4
128 13 1 4
128 15 1 4
128 18 1 4
128 23 1 2
128 43 1 1
128 47 1 5
128 62 1 4
128 64 1 4
128 78 1 4
128 80 1 5
128 82 1 1
128 84 1 2
128 85 1 4
128 86 1 1
128 96 1 2
128 97 1 3
128 98 1 5
128 102 1 1
128 104 1 2
128 118 1 4
128 125 1 1
128 132 1 5
128 134 1 4
128 136 1 5
128 138 1 4
128 142 1 1
128 143 1 2
128 145 1 5
128 152 1 4
128 155 1 5
128 156 1 2
128 163 1 2
128 167 1 2
128 176 1 5
128 177 1 4
128 180 1 1
128 186 1 2
128 190 1 1
128 196 1 5
129 6 1 4
129 7 1 1
129 8 1 5
129 14 1 4
129 24 1 3
129 25 1 4
129 33 1 4
129 44 1 3
129 54 1 5
129 65 1 2
129 71 1 5
129 74 1 3
129 76 1 5
129 77 1 4
129 82 1 1
129 111 1 3
129 114 1 4
129 121 1 5
129 126 1 3
129 150 1 4
129 152 1 3
129 166 1 4
129 168 1 2
129 182 1 5
129 184 1 3
129 195 1 2
130 1 1 3
130 2 1 4
130 13 1 3
130 16 1 1
130 18 1 2
130 21 1 4
130 31 1 1
130 43 1 3
130 52 1 1
130 58 1 2
130 68 1 3
130 69 1 5
130 72 1 5
130 75 1 2
130 78 1 5
130 83 1 4
130 86 1 4
130 89 1 2
130 93 1 3
130 94 1 2
130 96 1 4
130 98 1 3
130 99 1 4
130 100 1 4
130 109 1 3
130 112 1 3
130 113 1 2
130 122 1 4
130 123 1 1
130 132 1 3
130 136 1 3
130 144 1 4
130 147 1 1
130 149 1 4
130 156 1 4
130 167 1 3
130 178 1 3
130 186 1 4
130 187 1 3
130 191 1 3
131 7 1 1
131 10 1 1
131 17 1 4
131 21 1 3
131 28 1 2
131 34 1 1
131 40 1 2
131 42 1 5
131 51 1 2
131 60 1 2
131 67 1 2
131 69 1 3
131 72 1 5
131 73 1 5
131 78 1 4
131 87 1 1
131 89 1 5
131 90 1 4
131 94 1 2
131 98 1 1
131 108 1 5
131 120 1 1
131 121 1 3
131 123 1 5
131 137 1 2
131 141 1 2
131 147 1 2
131 161 1 5
131 167 1 4
131 170 1 1
131 174 1 3
131 178 1 4
132 9 1 2
132 12 1 4
132 26 1 1
132 28 1 1
132 43 1 1
132 47 1 1
132 59 1 1
132 64 1 2
132 80 1 3
132 84 1 3
132 86 1 5
132 105 1 4
132 113 1 5
132 118 1 5
132 123 1 5
132 134 1 3
132 135 1 2
132 137 1 5
132 156 1 3
132 164 1 3
132 176 1 3
132 178 1 3
132 181 1 5
132 190 1 2
132 191 1 1
132 196 1 5
132 197 1 2
133 5 1 2
133 6 1 3
133 19 1 4
133 20 1 1
133 29 1 1
133 30 1 5
133 49 1 4
133 54 1 4
133 79 1 4
133 104 1 5
133 110 1 5
133 116 1 3
133 124 1 4
133 139 1 5
133 142 1 5
133 145 1 1
133 152 1 5
133 154 1 2
133 175 1 5
133 183 1 3
133 198 1 4
134 0 1 2
134 1 1 1
134 9 1 1
134 14 1 5
134 15 1 3
134 17 1 4
134 18 1 4
134 19 1 3
134 20 1 3
134 23 1 3
134 26 1 5
134 29 1 4
134 30 1 5
134 37 1 2
134 38 1 3
134 44 1 2
134 47 1 3
134 52 1 1
134 62 1 2
134 63 1 5
134 78 1 2
134 80 1 5
134 82 1 1
134 98 1 3
134 116 1 2
134 118 1 5
134 122 1 2
134 138 1 2
134 139 1 3
134 147 1 1
134 157 1 4
134 159 1 4
134 163 1 1
134 167 1 3
134 171 1 1
134 190 1 2
134 193 1 4
134 194 1 4
135 1 1 3
135 8 1 5
135 10 1 4
135 11 1 1
135 12 1 5
135 15 1 2
135 17 1 3
135 24 1 4
135 31 1 1
135 34 1 4
135 35 1 1
135 37 1 3
135 40 1 2
135 41 1 1
135 42 1 5
135 46 1 2
135 51 1 2
135 52 1 4
135 57 1 3
135 66 1 1
135 67 1 3
135 74 1 3
135 76 1 4
135 80 1 3
135 81 1 1
135 82 1 3
135 85 1 4
135 89 1 2
135 91 1 1
135 93 1 3
135 96 1 2
135 98 1 4
135 99 1 3
135 100 1 2
135 108 1 5
135 111 1 1
135 114 1 3
135 118 1 4
135 119 1 4
135 120 1 5
135 124 1 4
135 127 1 3
135 130 1 2
135 131 1 4
135 136 1 4
135 137 1 1
135 138 1 2
135 141 1 5
135 155 1 2
135 162 1 5
135 164 1 4
135 178 1 1
135 187 1 2
135 191 1 1
135 195 1 3
135 196 1 4
135 197 1 5
136 3 1 4
136 4 1 3
136 9 1 5
136 11 1 5
136 12 1 1
136 17 1 3
136 21 1 2
136 22 1 4
136 23 1 3
136 29 1 2
136 30 1 5
136 31 1 2
136 36 1 5
136 39 1 3
136 44 1 5
136 46 1 4
136 47 1 5
136 50 1 2
136 55 1 5
136 65 1 1
136 71 1 3
136 75 1 4
136 87 1 2
136 90 1 2
136 94 1 5
136 96 1 2
136 101 1 5
136 102 1 5
136 103 1 2
136 121 1 2
136 122 1 1
136 123 1 3
136 126 1 5
136 134 1 4
136 138 1 4
136 141 1 3
136 142 1 1
136 145 1 1
136 148 1 1
136 149 1 4
136 155 1 1
136 156 1 2
136 161 1 3
136 165 1 4
136 174 1 1
136 180 1 1
136 184 1 4
136 188 1 3
136 189 1 2
136 192 1 5
136 193 1 5
136 195 1 3
137 1 1 3
137 8 1 3
137 9 1 4
137 10 1 5
137 14 1 2
137 17 1 2
137 28 1 1
137 34 1 2
137 35 1 2
137 36 1 3
137 46 1 1
137 52 1 4
137 60 1 1
137 62 1 4
137 64 1 2
137 65 1 3
137 67 1 4
137 70 1 5
137 72 1 4
137 74 1 5
137 78 1 3
137 81 1 5
137 82 1 3
137 87 1 2
137 89 1 5
137 90 1 4
137 94 1 2
137 100 1 5
137 103 1 3
137 108 1 2
137 111 1 2
137 114 1 2
137 115 1 5
137 119 1 2
137 120 1 5
137 121 1 5
137 123 1 5
137 124 1 3
137 130 1 2
137 136 1 5
137 138 1 3
137 141 1 5
137 149 1 5
137 153 1 4
137 162 1 4
137 164 1 5
137 165 1 3
137 168 1 4
137 170 1 5
137 185 1 1
137 186 1 2
137 187 1 5
137 190 1 3
137 195 1 2
137 196 1 5
138 1 1 2
138 3 1 5
138 14 1 1
138 15 1 1
138 23 1 5
138 26 1 4
138 27 1 5
138 28 1 3
138 31 1 3
138 39 1 3
138 40 1 5
138 41 1 3
138 46 1 3
138 47 1 3
138 52 1 1
138 60 1 3
138 64 1 3
138 68 1 1
138 69 1 4
138 78 1 3
138 80 1 3
138 86 1 4
138 87 1 2
138 89 1 3
138 90 1 1
138 93 1 2
138 94 1 1
138 96 1 2
138 98 1 3
138 100 1 1
138 102 1 5
138 103 1 2
138 105 1 5
138 112 1 3
138 118 1 1
138 119 1 2
138 123 1 4
138 127 1 4
138 130 1 4
138 131 1 4
138 132 1 2
138 141 1 1
138 146 1 3
138 159 1 1
138 162 1 4
138 164 1 5
138 167 1 4
138 168 1 2
138 170 1 1
138 174 1 4
138 176 1 4
138 177 1 2
138 181 1 1
138 186 1 2
138 187 1 4
138 190 1 1
139 3 1 2
139 4 1 5
139 9 1 1
139 14 1 3
139 19 1 1
139 20 1 1
139 29 1 1
139 32 1 5
139 38 1 2
139 39 1 4
139 48 1 5
139 49 1 3
139 53 1 3
139 56 1 5
139 61 1 1
139 63 1 4
139 97 1 5
139 102 1 4
139 104 1 1
139 107 1 4
139 123 1 2
139 142 1 4
139 147 1 5
139 152 1 1
139 154 1 1
139 155 1 5
139 156 1 4
139 157 1 2
139 160 1 1
139 162 1 3
139 171 1 4
139 175 1 3
139 176 1 4
139 181 1 4
139 183 1 5
139 190 1 5
139 194 1 4
139 199 1 2
140 6 1 2
140 24 1 4
140 33 1 3
140 34 1 5
140 45 1 1
140 50 1 3
140 65 1 1
140 66 1 4
140 71 1 1
140 73 1 1
140 74 1 5
140 91 1 4
140 95 1 2
140 106 1 1
140 124 1 1
140 126 1 5
140 129 1 5
140 147 1 2
140 148 1 2
140 158 1 3
140 173 1 4
140 175 1 4
140 182 1 5
140 189 1 4
140 193 1 1
140 195 1 1
141 2 1 4
141 10 1 1
141 11 1 4
141 16 1 2
141 35 1 2
141 47 1 1
141 53 1 4
141 57 1 1
141 59 1 4
141 64 1 4
141 68 1 4
141 69 1 5
141 73 1 3
141 83 1 2
141 85 1 1
141 87 1 1
141 89 1 2
141 92 1 3
141 99 1 4
141 100 1 4
141 102 1 1
141 118 1 2
141 119 1 1
141 120 1 5
141 122 1 4
141 123 1 4
141 127 1 3
141 130 1 1
141 132 1 4
141 144 1 5
141 146 1 2
141 147 1 5
141 155 1 3
141 170 1 5
141 174 1 5
141 179 1 4
141 185 1 1
141 187 1 3
142 5 1 4
142 9 1 5
142 18 1 1
142 20 1 4
142 23 1 2
142 32 1 1
142 36 1 4
142 44 1 1
142 47 1 5
142 48 1 2
142 54 1 1
142 61 1 3
142 63 1 4
142 65 1 5
142 76 1 3
142 102 1 3
142 103 1 4
142 107 1 4
142 113 1 3
142 122 1 5
142 124 1 4
142 125 1 2
142 134 1 2
142 143 1 4
142 145 1 4
142 154 1 3
142 155 1 5
142 156 1 1
142 157 1 4
142 160 1 3
142 162 1 1
142 171 1 3
142 177 1 1
142 194 1 2
143 9 1 1
143 19 1 3
143 23 1 4
143 29 1 2
143 30 1 4
143 37 1 1
143 47 1 3
143 55 1 3
143 64 1 2
143 71 1 3
143 79 1 5
143 82 1 2
143 97 1 1
143 107 1 4
143 122 1 3
143 123 1 2
143 134 1 4
143 147 1 4
143 155 1 2
143 160 1 2
143 171 1 4
143 175 1 4
143 183 1 1
143 193 1 5
143 196 1 5
144 7 1 1
144 10 1 3
144 14 1 2
144 21 1 3
144 28 1 1
144 31 1 4
144 33 1 5
144 34 1 2
144 35 1 2
144 39 1 4
144 42 1 1
144 50 1 3
144 51 1 3
144 57 1 3
144 73 1 1
144 74 1 1
144 81 1 1
144 83 1 2
144 85 1 1
144 93 1 5
144 94 1 2
144 100 1 1
144 105 1 4
144 114 1 5
144 115 1 5
144 121 1 3
144 123 1 1
144 124 1 4
144 127 1 1
144 136 1 4
144 137 1 2
144 138 1 5
144 149 1 1
144 151 1 5
144 153 1 2
144 165 1 3
144 167 1 2
144 168 1 4
144 174 1 5
144 178 1 1
144 179 1 2
144 191 1 1
144 192 1 1
145 9 1 5
145 12 1 4
145 17 1 2
145 18 1 1
145 19 1 2
145 20 1 4
145 36 1 4
145 37 1 3
145 45 1 5
145 49 1 5
145 54 1 1
145 55 1 5
145 61 1 5
145 63 1 3
145 64 1 4
145 65 1 3
145 79 1 3
145 82 1 3
145 85 1 4
145 88 1 2
145 100 1 3
145 109 1 4
145 110 1 5
145 113 1 3
145 115 1 5
145 120 1 2
145 125 1 4
145 134 1 4
145 139 1 3
145 143 1 1
145 154 1 3
145 156 1 1
145 159 1 5
145 162 1 3
145 173 1 4
145 176 1 1
145 177 1 4
145 178 1 2
145 183 1 1
145 190 1 3
145 193 1 5
145 199 1 2
146 2 1 4
146 9 1 5
146 12 1 1
146 21 1 4
146 39 1 3
146 47 1 4
146 57 1 2
146 59 1 2
146 63 1 2
146 78 1 4
146 85 1 3
146 98 1 3
146 99 1 3
146 103 1 1
146 105 1 3
146 110 1 5
146 112 1 1
146 113 1 3
146 118 1 5
146 125 1 2
146 130 1 4
146 132 1 1
146 134 1 5
146 135 1 5
146 137 1 5
146 145 1 4
146 153 1 5
146 156 1 1
146 163 1 1
146 167 1 2
146 174 1 4
146 176 1 5
146 178 1 2
146 181 1 2
146 190 1 2
146 191 1 1
147 1 1 3
147 4 1 1
147 7 1 2
147 12 1 5
147 14 1 3
147 17 1 4
147 18 1 3
147 21 1 3
147 22 1 4
147 24 1 5
147 25 1 4
147 28 1 4
147 30 1 4
147 31 1 1
147 33 1 2
147 42 1 4
147 44 1 5
147 47 1 2
147 51 1 5
147 52 1 4
147 54 1 4
147 57 1 3
147 62 1 3
147 70 1 5
147 73 1 4
147 75 1 5
147 79 1 4
147 82 1 2
147 88 1 2
147 90 1 2
147 92 1 2
147 94 1 5
147 96 1 5
147 99 1 4
147 103 1 3
147 107 1 4
147 109 1 1
147 121 1 5
147 123 1 5
147 124 1 1
147 126 1 3
147 128 1 2
147 129 1 2
147 135 1 1
147 136 1 2
147 137 1 5
147 144 1 3
147 145 1 3
147 146 1 3
147 149 1 5
147 155 1 1
147 162 1 3
147 171 1 5
147 178 1 4
147 181 1 3
147 189 1 5
147 191 1 4
147 195 1 5
148 8 1 2
148 9 1 5
148 20 1 2
148 23 1 3
148 29 1 4
148 37 1 3
148 44 1 5
148 45 1 3
148 54 1 1
148 62 1 3
148 71 1 3
148 76 1 1
148 91 1 4
148 94 1 4
148 101 1 4
148 111 1 4
148 114 1 3
148 115 1 2
148 116 1 3
148 129 1 4
148 133 1 2
148 147 1 4
148 152 1 1
148 188 1 5
148 189 1 1
148 195 1 2
149 1 1 4
149 7 1 5
149 9 1 1
149 12 1 3
149 17 1 5
149 20 1 5
149 21 1 1
149 22 1 2
149 23 1 2
149 27 1 4
149 28 1 2
149 29 1 2
149 31 1 3
149 35 1 1
149 36 1 2
149 37 1 5
149 39 1 4
149 42 1 5
149 46 1 4
149 63 1 4
149 64 1 1
149 65 1 1
149 72 1 1
149 73 1 1
149 74 1 1
149 76 1 1
149 82 1 3
149 94 1 4
149 98 1 3
149 99 1 3
149 102 1 1
149 112 1 2
149 113 1 2
149 117 1 3
149 119 1 1
149 120 1 1
149 122 1 3
149 129 1 5
149 141 1 4
149 145 1 1
149 150 1 3
149 151 1 2
149 155 1 5
149 161 1 1
149 167 1 3
149 170 1 4
149 174 1 3
149 178 1 5
149 185 1 3
149 189 1 2
149 192 1 1
149 193 1 1
149 195 1 4
149 197 1 5
150 25 1 5
150 50 1 4
150 74 1 2
150 76 1 2
150 111 1 2
150 121 1 4
150 140 1 3
150 148 1 4
150 158 1 5
150 161 1 5
150 168 1 4
150 172 1 5
150 184 1 1
150 185 1 1
150 188 1 2
150 189 1 1
150 193 1 2
150 195 1 3
151 14 1 1
151 17 1 3
151 24 1 3
151 25 1 5
151 41 1 5
151 45 1 4
151 50 1 4
151 62 1 2
151 66 1 1
151 70 1 3
151 73 1 5
151 76 1 4
151 95 1 5
151 105 1 2
151 115 1 2
151 121 1 1
151 129 1 2
151 147 1 1
151 148 1 4
151 150 1 1
151 158 1 1
151 159 1 2
151 161 1 3
151 162 1 2
151 166 1 1
151 172 1 2
151 184 1 2
151 187 1 3
151 195 1 2
152 6 1 3
152 8 1 3
152 12 1 2
152 17 1 3
152 19 1 5
152 29 1 4
152 32 1 5
152 33 1 3
152 39 1 5
152 45 1 4
152 48 1 3
152 55 1 2
152 56 1 4
152 61 1 4
152 62 1 3
152 63 1 3
152 65 1 2
152 66 1 3
152 76 1 3
152 79 1 2
152 82 1 2
152 91 1 2
152 103 1 3
152 104 1 3
152 120 1 4
152 122 1 5
152 136 1 5
152 142 1 3
152 143 1 5
152 145 1 2
152 149 1 3
152 155 1 2
152 157 1 1
152 171 1 4
152 175 1 2
152 176 1 1
152 177 1 2
152 181 1 4
152 184 1 3
152 187 1 5
152 189 1 3
152 195 1 4
152 198 1 1
153 0 1 3
153 1 1 2
153 2 1 1
153 4 1 5
153 9 1 5
153 18 1 3
153 21 1 5
153 22 1 3
153 36 1 4
153 39 1 5
153 47 1 1
153 53 1 4
153 58 1 5
153 59 1 3
153 60 1 1
153 62 1 3
153 64 1 2
153 78 1 5
153 81 1 2
153 86 1 4
153 87 1 5
153 94 1 5
153 98 1 1
153 99 1 1
153 109 1 3
153 110 1 3
153 112 1 5
153 113 1 4
153 119 1 5
153 120 1 2
153 125 1 2
153 128 1 3
153 130 1 2
153 131 1 5
153 134 1 1
153 135 1 4
153 136 1 2
153 141 1 5
153 145 1 1
153 147 1 4
153 156 1 3
153 159 1 5
153 162 1 1
153 165 1 2
153 167 1 1
153 176 1 2
153 178 1 4
153 181 1 5
153 185 1 1
153 186 1 3
153 190 1 2
153 191 1 2
153 196 1 5
154 5 1 2
154 19 1 1
154 20 1 3
154 29 1 4
154 45 1 3
154 48 1 1
154 49 1 3
154 54 1 5
154 61 1 5
154 71 1 5
154 103 1 2
154 104 1 2
154 107 1 3
154 116 1 4
154 126 1 1
154 143 1 3
154 157 1 3
154 160 1 3
154 173 1 5
154 183 1 3
155 1 1 4
155 2 1 1
155 4 1 1
155 8 1 1
155 10 1 4
155 12 1 5
155 13 1 1
155 14 1 3
155 16 1 2
155 19 1 4
155 21 1 2
155 28 1 4
155 29 1 4
155 36 1 1
155 43 1 5
155 46 1 2
155 47 1 2
155 52 1 4
155 58 1 3
155 59 1 2
155 60 1 5
155 62 1 3
155 63 1 2
155 64 1 2
155 72 1 5
155 75 1 3
155 76 1 1
155 82 1 5
155 84 1 3
155 85 1 1
155 87 1 3
155 93 1 1
155 96 1 3
155 98 1 3
155 99 1 1
155 103 1 1
155 110 1 1
155 116 1 4
155 122 1 3
155 124 1 5
155 125 1 4
155 130 1 2
155 131 1 2
155 132 1 2
155 134 1 3
155 137 1 5
155 138 1 4
155 144 1 3
155 145 1 3
155 163 1 1
155 168 1 2
155 175 1 1
155 181 1 4
155 186 1 2
156 6 1 1
156 8 1 5
156 9 1 4
156 11 1 5
156 14 1 3
156 15 1 2
156 19 1 2
156 20 1 1
156 23 1 2
156 26 1 3
156 31 1 1
156 37 1 5
156 38 1 2
156 43 1 2
156 55 1 2
156 57 1 2
156 61 1 2
156 62 1 5
156 63 1 5
156 65 1 3
156 76 1 2
156 78 1 1
156 89 1 1
156 90 1 2
156 93 1 4
156 94 1 2
156 96 1 1
156 97 1 1
156 98 1 5
156 100 1 1
156 105 1 2
156 109 1 5
156 113 1 2
156 124 1 2
156 134 1 5
156 135 1 4
156 137 1 4
156 138 1 3
156 141 1 5
156 143 1 2
156 147 1 2
156 149 1 2
156 155 1 2
156 159 1 3
156 168 1 2
156 171 1 3
156 180 1 2
156 181 1 3
156 183 1 5
156 187 1 1
156 191 1 2
156 195 1 2
157 14 1 5
157 19 1 2
157 20 1 1
157 30 1 1
157 32 1 3
157 38 1 1
157 45 1 5
157 48 1 4
157 49 1 5
157 54 1 2
157 55 1 5
157 62 1 3
157 71 1 5
157 82 1 4
157 88 1 2
157 110 1 2
157 113 1 1
157 116 1 1
157 125 1 5
157 133 1 2
157 143 1 2
157 145 1 5
157 160 1 4
157 171 1 3
157 173 1 1
157 183 1 3
157 193 1 1
157 194 1 3
158 8 1 3
158 25 1 4
158 34 1 2
158 66 1 4
158 77 1 4
158 95 1 2
158 111 1 5
158 114 1 3
158 115 1 4
158 126 1 5
158 148 1 1
158 166 1 5
158 184 1 3
158 189 1 3
159 7 1 4
159 8 1 5
159 9 1 1
159 10 1 2
159 11 1 3
159 14 1 3
159 18 1 2
159 20 1 1
159 21 1 3
159 35 1 2
159 40 1 4
159 41 1 1
159 44 1 2
159 51 1 5
159 52 1 1
159 54 1 2
159 57 1 2
159 59 1 2
159 64 1 1
159 69 1 4
159 71 1 2
159 74 1 2
159 75 1 4
159 76 1 3
159 79 1 5
159 81 1 3
159 82 1 4
159 83 1 1
159 87 1 3
159 91 1 2
159 92 1 4
159 100 1 5
159 102 1 2
159 103 1 5
159 105 1 4
159 107 1 1
159 110 1 4
159 112 1 2
159 116 1 3
159 117 1 4
159 119 1 2
159 120 1 5
159 123 1 5
159 124 1 3
159 130 1 2
159 131 1 1
159 137 1 4
159 144 1 5
159 149 1 3
159 155 1 4
159 161 1 4
159 162 1 2
159 168 1 1
159 175 1 3
159 192 1 2
159 195 1 2
160 5 1 3
160 6 1 2
160 8 1 1
160 9 1 5
160 19 1 4
160 36 1 2
160 44 1 3
160 61 1 3
160 62 1 3
160 65 1 4
160 74 1 1
160 77 1 1
160 88 1 5
160 91 1 5
160 101 1 5
160 107 1 5
160 115 1 5
160 116 1 1
160 124 1 1
160 129 1 1
160 136 1 5
160 140 1 3
160 145 1 3
160 148 1 5
160 152 1 1
160 173 1 5
160 175 1 2
160 182 1 2
160 194 1 4
160 199 1 5
161 11 1 5
161 24 1 4
161 27 1 3
161 33 1 4
161 35 1 2
161 40 1 2
161 46 1 2
161 50 1 3
161 51 1 1
161 68 1 1
161 69 1 4
161 70 1 1
161 73 1 4
161 81 1 1
161 83 1 1
161 90 1 1
161 92 1 5
161 93 1 1
161 112 1 4
161 120 1 3
161 127 1 1
161 135 1 5
161 185 1 4
161 188 1 3
162 2 1 4
162 14 1 3
162 20 1 3
162 23 1 2
162 29 1 5
162 37 1 1
162 38 1 4
162 39 1 2
162 45 1 2
162 48 1 5
162 49 1 1
162 63 1 2
162 71 1 2
162 73 1 3
162 76 1 3
162 97 1 2
162 100 1 2
162 101 1 3
162 105 1 2
162 107 1 3
162 110 1 2
162 114 1 2
162 116 1 3
162 123 1 1
162 125 1 1
162 126 1 5
162 128 1 5
162 129 1 4
162 134 1 5
162 140 1 1
162 146 1 3
162 148 1 4
162 152 1 5
162 154 1 3
162 155 1 3
162 157 1 4
162 160 1 4
162 167 1 1
162 171 1 4
162 174 1 1
162 177 1 2
162 178 1 3
162 180 1 2
162 181 1 4
162 184 1 3
162 185 1 2
162 190 1 4
162 194 1 5
162 195 1 5
162 196 1 5
163 0 1 3
163 3 1 1
163 16 1 2
163 39 1 3
163 59 1 4
163 78 1 5
163 85 1 1
163 86 1 4
163 97 1 1
163 100 1 2
163 112 1 2
163 113 1 3
163 118 1 2
163 130 1 4
163 132 1 1
163 137 1 2
163 141 1 1
163 153 1 2
163 156 1 1
163 164 1 5
163 167 1 5
163 169 1 3
163 177 1 5
163 178 1 2
163 181 1 2
163 196 1 5
164 2 1 5
164 3 1 3
164 9 1 4
164 21 1 3
164 22 1 3
164 28 1 5
164 46 1 5
164 51 1 5
164 57 1 5
164 60 1 2
164 64 1 4
164 69 1 3
164 72 1 5
164 73 1 3
164 85 1 5
164 86 1 3
164 90 1 4
164 99 1 4
164 100 1 2
164 119 1 5
164 122 1 2
164 131 1 2
164 136 1 3
164 141 1 1
164 144 1 4
164 146 1 1
164 147 1 3
164 149 1 2
164 153 1 5
164 156 1 4
164 159 1 3
164 161 1 4
164 167 1 3
164 170 1 5
164 174 1 1
164 177 1 2
164 179 1 2
164 185 1 5
164 186 1 1
164 190 1 2
164 192 1 2
164 196 1 3
164 197 1 1
165 1 1 4
165 2 1 4
165 8 1 3
165 9 1 5
165 10 1 3
165 11 1 4
165 14 1 3
165 15 1 4
165 24 1 5
165 27 1 4
165 35 1 4
165 41 1 1
165 46 1 3
165 52 1 1
165 59 1 4
165 60 1 3
165 62 1 4
165 68 1 2
165 69 1 3
165 72 1 1
165 74 1 2
165 76 1 5
165 87 1 4
165 89 1 2
165 91 1 3
165 93 1 5
165 98 1 1
165 99 1 5
165 108 1 1
165 114 1 1
165 115 1 1
165 117 1 5
165 119 1 2
165 123 1 5
165 124 1 2
165 127 1 4
165 130 1 5
165 135 1 1
165 138 1 5
165 141 1 4
165 147 1 2
165 151 1 4
165 155 1 3
165 156 1 5
165 159 1 5
165 161 1 1
165 164 1 1
165 167 1 2
165 168 1 2
165 174 1 4
165 175 1 4
165 177 1 3
165 178 1 1
165 190 1 3
165 191 1 4
165 192 1 1
165 195 1 1
166 8 1 3
166 34 1 5
166 36 1 1
166 50 1 4
166 76 1 1
166 77 1 1
166 91 1 3
166 115 1 3
166 121 1 4
166 124 1 4
166 140 1 2
166 148 1 3
166 150 1 3
166 152 1 2
166 160 1 5
166 172 1 3
166 173 1 1
166 182 1 3
166 195 1 4
167 9 1 1
167 10 1 3
167 12 1 5
167 14 1 3
167 16 1 5
167 21 1 5
167 23 1 1
167 26 1 3
167 27 1 3
167 31 1 1
167 39 1 1
167 40 1 1
167 42 1 2
167 46 1 3
167 53 1 4
167 59 1 1
167 62 1 3
167 64 1 2
167 73 1 4
167 79 1 3
167 85 1 2
167 87 1 5
167 92 1 4
167 93 1 3
167 102 1 5
167 103 1 2
167 112 1 1
167 118 1 1
167 132 1 2
167 136 1 1
167 137 1 3
167 141 1 4
167 147 1 3
167 156 1 2
167 159 1 2
167 168 1 3
167 176 1 2
167 181 1 3
167 187 1 2
168 2 1 3
168 8 1 2
168 10 1 3
168 22 1 3
168 23 1 2
168 33 1 1
168 37 1 4
168 42 1 1
168 62 1 4
168 66 1 1
168 73 1 3
168 74 1 3
168 76 1 1
168 83 1 4
168 90 1 4
168 92 1 1
168 94 1 4
168 100 1 4
168 113 1 4
168 117 1 2
168 121 1 1
168 123 1 5
168 131 1 3
168 135 1 4
168 136 1 1
168 147 1 3
168 148 1 1
168 149 1 2
168 151 1 5
168 152 1 3
168 161 1 2
168 172 1 1
168 175 1 1
168 178 1 5
168 182 1 4
168 184 1 3
168 187 1 2
168 189 1 3
168 190 1 4
168 193 1 3
168 198 1 5
169 1 1 3
169 9 1 5
169 11 1 5
169 26 1 1
169 31 1 2
169 47 1 4
169 52 1 2
169 58 1 5
169 59 1 4
169 63 1 2
169 89 1 4
169 97 1 4
169 120 1 5
169 128 1 1
169 130 1 5
169 132 1 1
169 134 1 3
169 138 1 5
169 141 1 2
169 146 1 4
169 153 1 1
169 155 1 3
169 156 1 3
169 164 1 2
169 167 1 5
169 176 1 2
169 181 1 4
169 197 1 3
170 2 1 5
170 10 1 4
170 11 1 4
170 17 1 2
170 25 1 5
170 28 1 4
170 35 1 1
170 46 1 5
170 51 1 1
170 57 1 2
170 60 1 4
170 68 1 4
170 73 1 3
170 87 1 5
170 90 1 2
170 93 1 4
170 99 1 4
170 105 1 5
170 108 1 5
170 117 1 2
170 135 1 2
170 144 1 5
170 161 1 4
170 167 1 2
170 187 1 5
170 191 1 4
171 5 1 5
171 6 1 5
171 30 1 4
171 37 1 1
171 48 1 5
171 61 1 5
171 62 1 1
171 63 1 5
171 71 1 5
171 79 1 1
171 82 1 4
171 88 1 1
171 91 1 5
171 101 1 3
171 103 1 2
171 104 1 3
171 113 1 3
171 116 1 3
171 125 1 4
171 128 1 3
171 133 1 3
171 148 1 3
171 154 1 3
171 160 1 5
171 175 1 5
171 183 1 1
171 189 1 5
171 193 1 1
171 195 1 4
171 199 1 5
172 8 1 4
172 33 1 5
172 34 1 3
172 36 1 3
172 50 1 5
172 73 1 3
172 76 1 4
172 77 1 4
172 95 1 3
172 106 1 3
172 111 1 3
172 114 1 5
172 126 1 4
172 129 1 2
172 140 1 4
172 148 1 3
172 158 1 5
172 182 1 1
172 184 1 3
172 188 1 5
172 189 1 2
172 198 1 3
173 6 1 5
173 9 1 1
173 19 1 1
173 20 1 4
173 23 1 4
173 29 1 5
173 30 1 1
173 32 1 2
173 36 1 5
173 38 1 5
173 48 1 3
173 61 1 1
173 71 1 5
173 74 1 2
173 76 1 4
173 77 1 5
173 82 1 2
173 88 1 2
173 101 1 3
173 107 1 5
173 113 1 1
173 124 1 4
173 126 1 2
173 129 1 2
173 133 1 3
173 136 1 4
173 139 1 1
173 142 1 2
173 143 1 5
173 147 1 3
173 148 1 3
173 152 1 3
173 184 1 3
173 193 1 1
174 1 1 5
174 2 1 3
174 7 1 4
174 22 1 5
174 23 1 5
174 25 1 2
174 31 1 3
174 35 1 1
174 39 1 5
174 51 1 4
174 52 1 4
174 57 1 4
174 59 1 5
174 66 1 5
174 68 1 2
174 69 1 2
174 72 1 3
174 82 1 1
174 85 1 2
174 89 1 1
174 90 1 3
174 91 1 5
174 92 1 2
174 98 1 2
174 99 1 1
174 100 1 2
174 102 1 4
174 103 1 3
174 111 1 1
174 112 1 2
174 115 1 4
174 121 1 1
174 124 1 1
174 130 1 4
174 132 1 1
174 137 1 2
174 151 1 5
174 153 1 3
174 155 1 5
174 159 1 3
174 161 1 4
174 167 1 1
174 168 1 4
174 170 1 5
174 178 1 2
174 188 1 2
174 191 1 1
174 197 1 1
175 5 1 4
175 9 1 3
175 20 1 1
175 22 1 5
175 23 1 5
175 25 1 1
175 29 1 5
175 34 1 4
175 36 1 3
175 38 1 1
175 50 1 3
175 54 1 2
175 66 1 5
175 70 1 3
175 76 1 1
175 77 1 1
175 79 1 3
175 82 1 4
175 88 1 4
175 91 1 1
175 102 1 4
175 103 1 5
175 106 1 1
175 110 1 2
175 115 1 4
175 121 1 5
175 129 1 3
175 135 1 4
175 136 1 3
175 137 1 4
175 142 1 5
175 145 1 3
175 148 1 4
175 156 1 4
175 162 1 2
175 173 1 2
175 177 1 2
175 182 1 1
175 184 1 4
175 185 1 2
175 187 1 4
175 188 1 2
175 195 1 3
175 198 1 5
176 1 1 5
176 4 1 4
176 9 1 1
176 16 1 1
176 23 1 3
176 31 1 3
176 53 1 2
176 58 1 2
176 63 1 5
176 64 1 5
176 75 1 4
176 79 1 1
176 80 1 1
176 84 1 5
176 86 1 4
176 97 1 1
176 102 1 5
176 103 1 5
176 110 1 4
176 122 1 1
176 123 1 2
176 134 1 5
176 142 1 2
176 147 1 2
176 156 1 4
176 162 1 4
176 180 1 1
176 181 1 4
176 190 1 3
176 196 1 2
177 0 1 5
177 12 1 4
177 13 1 1
177 15 1 1
177 17 1 1
177 21 1 2
177 26 1 4
177 34 1 1
177 36 1 1
177 37 1 4
177 39 1 3
177 46 1 5
177 50 1 5
177 51 1 4
177 52 1 4
177 53 1 4
177 55 1 3
177 62 1 3
177 65 1 4
177 66 1 3
177 68 1 4
177 71 1 1
177 76 1 2
177 79 1 2
177 80 1 2
177 81 1 4
177 84 1 3
177 86 1 4
177 94 1 2
177 97 1 4
177 98 1 2
177 99 1 4
177 109 1 5
177 111 1 1
177 114 1 4
177 115 1 2
177 116 1 1
177 118 1 1
177 119 1 3
177 123 1 2
177 131 1 1
177 132 1 2
177 134 1 1
177 136 1 5
177 137 1 3
177 139 1 1
177 143 1 5
177 146 1 3
177 153 1 5
177 156 1 5
177 159 1 1
177 167 1 5
177 168 1 1
177 169 1 2
177 174 1 4
177 176 1 1
177 181 1 5
177 186 1 3
177 191 1 4
177 197 1 2
178 1 1 2
178 3 1 1
178 8 1 2
178 12 1 3
178 15 1 5
178 18 1 5
178 19 1 3
178 20 1 1
178 22 1 3
178 23 1 1
178 28 1 5
178 29 1 2
178 31 1 2
178 37 1 1
178 39 1 5
178 44 1 4
178 46 1 3
178 51 1 1
178 63 1 4
178 64 1 3
178 76 1 5
178 80 1 5
178 82 1 1
178 87 1 3
178 89 1 1
178 90 1 3
178 94 1 1
178 101 1 3
178 124 1 1
178 136 1 3
178 137 1 1
178 138 1 3
178 139 1 3
178 141 1 1
178 143 1 4
178 152 1 2
178 155 1 4
178 156 1 4
178 164 1 5
178 167 1 3
178 169 1 1
178 175 1 4
178 176 1 2
178 177 1 4
178 185 1 5
178 187 1 5
178 190 1 4
178 191 1 1
178 193 1 2
178 195 1 2
178 197 1 3
179 35 1 1
179 41 1 1
179 46 1 5
179 51 1 3
179 60 1 1
179 68 1 4
179 69 1 1
179 73 1 4
179 81 1 1
179 83 1 2
179 87 1 5
179 105 1 1
179 117 1 1
179 131 1 3
179 135 1 3
179 165 1 2
179 170 1 5
179 174 1 2
179 185 1 4
180 5 1 3
180 6 1 2
180 8 1 4
180 12 1 4
180 14 1 2
180 17 1 5
180 29 1 4
180 37 1 4
180 38 1 3
180 44 1 3
180 45 1 1
180 48 1 5
180 49 1 4
180 55 1 1
180 56 1 2
180 61 1 4
180 62 1 4
180 63 1 4
180 64 1 5
180 65 1 4
180 76 1 3
180 82 1 3
180 88 1 2
180 96 1 4
180 97 1 3
180 101 1 5
180 102 1 1
180 103 1 4
180 104 1 5
180 115 1 5
180 116 1 3
180 124 1 5
180 126 1 5
180 133 1 3
180 134 1 5
180 147 1 1
180 148 1 2
180 149 1 3
180 152 1 5
180 154 1 4
180 155 1 1
180 157 1 1
180 159 1 5
180 168 1 5
180 171 1 2
180 173 1 1
180 175 1 2
180 181 1 5
180 195 1 3
181 0 1 1
181 4 1 2
181 13 1 5
181 15 1 5
181 16 1 4
181 18 1 4
181 23 1 1
181 31 1 1
181 39 1 2
181 43 1 5
181 75 1 5
181 78 1 2
181 79 1 3
181 89 1 5
181 96 1 3
181 98 1 1
181 107 1 2
181 113 1 2
181 120 1 5
181 128 1 4
181 134 1 5
181 136 1 1
181 142 1 2
181 143 1 3
181 145 1 2
181 178 1 2
181 183 1 5
181 186 1 5
181 190 1 1
181 196 1 5
182 8 1 3
182 45 1 5
182 50 1 3
182 71 1 5
182 82 1 4
182 95 1 4
182 106 1 2
182 148 1 2
182 150 1 3
182 151 1 3
182 158 1 2
182 173 1 3
182 189 1 2
182 193 1 4
183 5 1 3
183 6 1 5
183 9 1 2
183 18 1 1
183 32 1 5
183 38 1 5
183 47 1 2
183 61 1 5
183 62 1 4
183 71 1 1
183 76 1 1
183 79 1 1
183 82 1 4
183 88 1 4
183 96 1 5
183 97 1 2
183 102 1 4
183 116 1 4
183 128 1 2
183 134 1 3
183 142 1 1
183 155 1 4
183 160 1 1
183 176 1 5
184 7 1 1
184 9 1 5
184 33 1 3
184 36 1 1
184 44 1 4
184 45 1 4
184 50 1 3
184 65 1 4
184 70 1 5
184 73 1 5
184 76 1 3
184 91 1 4
184 94 1 3
184 103 1 5
184 115 1 4
184 116 1 3
184 124 1 3
184 126 1 1
184 140 1 5
184 147 1 3
184 149 1 5
184 159 1 3
184 160 1 4
184 177 1 4
184 182 1 4
184 185 1 2
184 188 1 2
184 189 1 1
185 7 1 5
185 9 1 3
185 10 1 1
185 14 1 1
185 17 1 1
185 21 1 4
185 33 1 5
185 36 1 2
185 39 1 5
185 42 1 4
185 46 1 3
185 51 1 5
185 59 1 3
185 62 1 5
185 65 1 1
185 73 1 5
185 74 1 4
185 76 1 1
185 83 1 2
185 85 1 4
185 91 1 1
185 100 1 2
185 105 1 1
185 112 1 2
185 114 1 5
185 115 1 4
185 121 1 1
185 127 1 4
185 130 1 4
185 136 1 3
185 144 1 5
185 151 1 1
185 155 1 2
185 159 1 4
185 165 1 5
185 170 1 4
185 172 1 3
185 174 1 5
185 177 1 2
185 188 1 5
185 190 1 3
185 191 1 2
185 193 1 1
186 0 1 2
186 2 1 2
186 4 1 5
186 9 1 3
186 13 1 2
186 15 1 4
186 26 1 5
186 28 1 4
186 46 1 5
186 47 1 5
186 63 1 4
186 72 1 5
186 80 1 3
186 85 1 4
186 86 1 2
186 90 1 3
186 100 1 3
186 105 1 1
186 109 1 1
186 118 1 1
186 120 1 1
186 122 1 3
186 123 1 3
186 125 1 4
186 134 1 5
186 135 1 5
186 141 1 1
186 146 1 5
186 159 1 1
186 163 1 4
186 167 1 1
186 169 1 3
186 176 1 4
186 178 1 4
186 192 1 4
187 1 1 3
187 2 1 2
187 3 1 4
187 9 1 1
187 22 1 1
187 24 1 5
187 25 1 3
187 27 1 5
187 28 1 5
187 33 1 3
187 34 1 5
187 35 1 4
187 44 1 3
187 46 1 2
187 50 1 4
187 51 1 5
187 52 1 3
187 57 1 2
187 59 1 1
187 60 1 3
187 62 1 3
187 65 1 5
187 66 1 5
187 69 1 2
187 72 1 2
187 76 1 3
187 78 1 1
187 81 1 4
187 83 1 4
187 87 1 5
187 103 1 3
187 108 1 4
187 111 1 2
187 113 1 5
187 118 1 2
187 121 1 2
187 124 1 5
187 127 1 2
187 131 1 3
187 132 1 3
187 136 1 1
187 144 1 2
187 146 1 4
187 149 1 1
187 155 1 3
187 162 1 1
187 164 1 3
187 165 1 2
187 174 1 4
187 177 1 3
187 179 1 5
187 184 1 2
187 185 1 2
187 186 1 3
187 188 1 1
187 192 1 4
187 195 1 4
187 196 1 2
187 197 1 2
188 10 1 5
188 17 1 3
188 35 1 2
188 91 1 3
188 106 1 5
188 111 1 1
188 117 1 5
188 121 1 1
188 129 1 1
188 137 1 3
188 144 1 2
188 147 1 3
188 158 1 2
188 166 1 3
188 182 1 3
188 189 1 5
188 198 1 2
189 6 1 3
189 7 1 2
189 17 1 2
189 20 1 1
189 23 1 5
189 24 1 3
189 29 1 4
189 30 1 5
189 44 1 1
189 45 1 2
189 54 1 4
189 61 1 2
189 66 1 3
189 71 1 5
189 73 1 4
189 95 1 4
189 101 1 3
189 103 1 2
189 110 1 5
189 111 1 4
189 114 1 2
189 115 1 4
189 124 1 4
189 126 1 4
189 142 1 1
189 159 1 3
189 162 1 4
189 166 1 4
189 175 1 1
189 180 1 2
189 195 1 2
189 198 1 1
190 0 1 1
190 1 1 3
190 2 1 3
190 3 1 3
190 7 1 3
190 9 1 4
190 13 1 3
190 23 1 3
190 26 1 2
190 27 1 1
190 28 1 5
190 30 1 5
190 31 1 2
190 37 1 1
190 43 1 1
190 47 1 3
190 51 1 2
190 53 1 4
190 57 1 3
190 58 1 3
190 59 1 3
190 60 1 3
190 63 1 3
190 79 1 1
190 85 1 2
190 86 1 3
190 87 1 5
190 89 1 2
190 94 1 2
190 98 1 2
190 99 1 2
190 100 1 1
190 102 1 1
190 105 1 4
190 107 1 1
190 113 1 4
190 120 1 2
190 124 1 2
190 130 1 1
190 131 1 2
190 135 1 1
190 141 1 2
190 144 1 2
190 147 1 4
190 149 1 2
190 155 1 4
190 156 1 3
190 159 1 5
190 163 1 5
190 169 1 1
190 174 1 5
190 175 1 3
190 180 1 4
190 187 1 3
190 192 1 2
190 195 1 3
190 197 1 1
191 0 1 4
191 1 1 3
191 2 1 3
191 4 1 3
191 9 1 1
191 10 1 4
191 11 1 5
191 21 1 3
191 27 1 4
191 39 1 5
191 40 1 4
191 42 1 4
191 43 1 3
191 47 1 4
191 51 1 2
191 52 1 1
191 53 1 1
191 64 1 3
191 69 1 1
191 75 1 5
191 78 1 2
191 80 1 2
191 83 1 3
191 84 1 1
191 86 1 3
191 89 1 4
191 90 1 2
191 93 1 2
191 94 1 4
191 99 1 2
191 100 1 2
191 105 1 1
191 112 1 1
191 119 1 2
191 122 1 5
191 131 1 5
191 136 1 2
191 137 1 2
191 138 1 2
191 141 1 4
191 163 1 3
191 164 1 4
191 167 1 4
191 181 1 5
191 186 1 2
191 187 1 5
191 190 1 2
191 192 1 4
191 197 1 5
192 1 1 2
192 3 1 4
192 7 1 2
192 12 1 1
192 23 1 3
192 24 1 5
192 34 1 2
192 35 1 3
192 36 1 3
192 42 1 3
192 46 1 3
192 50 1 2
192 51 1 3
192 52 1 3
192 59 1 4
192 62 1 5
192 64 1 4
192 72 1 5
192 73 1 4
192 74 1 5
192 76 1 5
192 91 1 3
192 92 1 4
192 100 1 3
192 102 1 4
192 103 1 4
192 105 1 1
192 108 1 4
192 111 1 3
192 113 1 3
192 117 1 1
192 120 1 4
192 127 1 5
192 130 1 1
192 131 1 5
192 132 1 2
192 137 1 3
192 138 1 5
192 141 1 4
192 146 1 2
192 151 1 1
192 155 1 2
192 156 1 4
192 161 1 4
192 162 1 1
192 167 1 5
192 168 1 4
192 170 1 5
192 174 1 4
192 175 1 2
192 178 1 2
192 179 1 3
192 193 1 2
192 195 1 2
192 197 1 3
193 2 1 4
193 9 1 1
193 14 1 2
193 20 1 1
193 23 1 5
193 24 1 1
193 33 1 1
193 36 1 4
193 39 1 1
193 44 1 4
193 48 1 3
193 54 1 3
193 63 1 5
193 65 1 4
193 74 1 2
193 76 1 5
193 77 1 5
193 79 1 4
193 85 1 1
193 88 1 5
193 91 1 3
193 105 1 4
193 110 1 1
193 111 1 5
193 113 1 4
193 129 1 3
193 133 1 2
193 135 1 3
193 137 1 5
193 139 1 5
193 142 1 5
193 147 1 3
193 151 1 1
193 152 1 5
193 155 1 5
193 156 1 5
193 159 1 2
193 166 1 3
193 172 1 4
193 174 1 3
193 175 1 2
193 177 1 5
193 180 1 2
193 184 1 2
193 187 1 2
193 188 1 2
193 189 1 1
194 5 1 2
194 6 1 2
194 48 1 4
194 49 1 1
194 54 1 1
194 56 1 3
194 63 1 1
194 79 1 3
194 82 1 2
194 88 1 3
194 101 1 5
194 107 1 4
194 116 1 1
194 126 1 5
194 143 1 5
194 171 1 2
194 180 1 2
194 183 1 5
194 199 1 1
195 2 1 1
195 8 1 3
195 9 1 1
195 10 1 5
195 17 1 4
195 20 1 2
195 23 1 5
195 25 1 5
195 29 1 5
195 55 1 1
195 70 1 4
195 71 1 3
195 85 1 5
195 88 1 5
195 94 1 3
195 95 1 1
195 101 1 3
195 107 1 5
195 114 1 3
195 115 1 5
195 116 1 5
195 120 1 4
195 121 1 2
195 124 1 4
195 126 1 4
195 142 1 3
195 144 1 4
195 145 1 2
195 158 1 3
195 160 1 1
195 168 1 4
195 172 1 4
195 173 1 4
195 174 1 5
195 177 1 5
195 182 1 1
195 184 1 4
195 185 1 1
195 188 1 5
195 193 1 4
195 198 1 5
196 0 1 4
196 1 1 5
196 2 1 2
196 3 1 4
196 12 1 2
196 14 1 2
196 16 1 3
196 23 1 1
196 28 1 3
196 39 1 5
196 52 1 3
196 64 1 3
196 78 1 5
196 84 1 3
196 85 1 2
196 86 1 2
196 89 1 4
196 93 1 1
196 94 1 1
196 97 1 1
196 98 1 4
196 100 1 4
196 107 1 1
196 109 1 4
196 110 1 2
196 122 1 2
196 123 1 5
196 125 1 5
196 130 1 5
196 138 1 4
196 139 1 4
196 141 1 1
196 145 1 4
196 146 1 4
196 147 1 5
196 149 1 2
196 155 1 4
196 156 1 3
196 159 1 4
196 174 1 1
196 177 1 4
196 178 1 5
196 180 1 5
196 192 1 1
197 3 1 1
197 11 1 2
197 15 1 4
197 17 1 2
197 26 1 5
197 37 1 5
197 47 1 1
197 53 1 3
197 64 1 1
197 75 1 2
197 78 1 2
197 84 1 4
197 90 1 1
197 93 1 4
197 96 1 1
197 98 1 4
197 102 1 4
197 103 1 1
197 109 1 1
197 113 1 2
197 118 1 3
197 120 1 5
197 122 1 4
197 125 1 4
197 128 1 2
197 130 1 2
197 134 1 5
197 136 1 2
197 138 1 2
197 139 1 3
197 141 1 2
197 145 1 2
197 146 1 2
197 147 1 1
197 153 1 3
197 156 1 2
197 159 1 1
197 163 1 3
197 186 1 3
197 196 1 1
198 7 1 5
198 23 1 2
198 54 1 1
198 62 1 4
198 71 1 2
198 82 1 5
198 88 1 1
198 91 1 2
198 106 1 4
198 115 1 1
198 116 1 4
198 129 1 1
198 136 1 3
198 140 1 1
198 150 1 1
198 151 1 1
198 158 1 1
198 160 1 4
198 162 1 4
198 166 1 5
198 184 1 3
199 5 1 1
199 6 1 3
199 20 1 4
199 29 1 1
199 30 1 4
199 48 1 5
199 49 1 1
199 54 1 2
199 55 1 5
199 56 1 4
199 82 1 4
199 101 1 1
199 103 1 1
199 104 1 2
199 107 1 5
199 110 1 4
199 116 1 1
199 133 1 2
199 142 1 3
199 143 1 1
199 152 1 3
199 157 1 3
199 162 1 5
199 173 1 1
199 180 1 3
199 183 1 5
