0 36 29 7
0 80 4 3
0 106 31 5
0 135 52 10
0 146 16 14
0 161 58 12
1 31 46 17
1 38 19 15
1 40 21 9
1 45 14 5
1 67 17 14
1 68 47 3
1 78 14 8
1 94 61 14
1 102 15 20
1 113 62 2
1 118 14 1
1 148 12 17
1 156 61 4
1 182 58 17
1 187 17 5
1 193 7 19
1 194 19 3
2 5 43 9
2 34 55 10
2 56 50 19
2 78 27 7
2 94 45 11
2 103 3 4
2 104 43 18
2 129 9 18
2 132 42 3
2 166 20 1
2 172 11 7
2 178 53 12
3 7 10 19
3 17 1 19
3 20 11 3
3 27 24 18
3 49 28 3
3 52 26 3
3 60 38 3
3 66 33 3
3 67 52 20
3 81 42 1
3 96 1 14
3 101 25 12
3 109 9 11
3 119 57 16
3 138 49 6
3 142 20 1
3 145 59 4
3 150 44 20
3 152 26 16
3 175 8 19
3 182 54 5
3 185 29 20
3 197 14 15
4 1 64 2
4 5 18 10
4 38 54 16
4 40 35 2
4 51 24 18
4 67 52 16
4 69 26 9
4 83 15 10
4 92 2 15
4 94 36 20
4 126 32 9
4 140 29 11
4 144 42 11
4 147 26 7
4 156 23 14
4 178 38 16
4 182 62 16
4 194 2 13
5 1 37 12
5 9 63 10
5 28 27 12
5 31 51 8
5 34 35 9
5 38 64 7
5 41 63 10
5 79 3 3
5 97 29 14
5 102 50 4
5 109 54 12
5 117 49 13
5 128 26 4
5 145 48 1
5 147 46 4
5 148 50 5
5 156 34 17
5 193 32 13
5 194 55 17
6 1 35 6
6 2 39 7
6 4 29 8
6 5 62 6
6 15 54 18
6 28 60 9
6 38 7 19
6 40 56 3
6 43 5 16
6 45 45 7
6 78 35 8
6 92 15 20
6 102 62 11
6 103 37 20
6 118 31 8
6 129 16 15
6 132 19 18
6 140 61 15
6 153 62 6
6 156 8 10
6 178 55 3
7 14 15 20
7 17 30 19
7 20 2 4
7 22 33 18
7 25 14 2
7 31 16 2
7 32 61 3
7 35 54 2
7 41 43 13
7 46 3 7
7 53 52 4
7 65 45 16
7 67 53 14
7 69 61 13
7 70 8 16
7 72 57 8
7 85 54 15
7 99 21 17
7 101 10 7
7 110 26 1
7 113 44 14
7 117 9 10
7 121 18 8
7 130 19 1
7 137 40 14
7 139 46 1
7 140 61 14
7 144 33 16
7 148 25 11
7 152 18 20
7 158 12 18
7 177 61 4
7 182 52 13
7 189 6 20
7 195 18 11
8 18 22 12
8 19 46 2
8 39 55 9
8 50 38 13
8 57 61 11
8 71 11 1
8 86 5 19
8 91 12 7
8 101 29 14
8 141 4 7
8 163 36 16
9 28 64 18
9 38 11 19
9 43 48 6
9 46 52 2
9 54 62 6
9 58 9 3
9 76 38 14
9 92 53 15
9 103 53 16
9 116 58 1
9 126 63 6
9 133 36 4
9 140 3 8
9 149 2 15
9 156 64 1
9 164 62 8
9 178 23 2
9 181 40 5
9 187 62 3
10 3 21 8
10 12 51 11
10 22 38 14
10 25 31 19
10 46 28 7
10 47 38 10
10 65 47 12
10 67 8 12
10 68 5 17
10 69 22 9
10 70 47 10
10 73 64 1
10 74 51 2
10 85 44 19
10 91 37 15
10 96 14 15
10 101 29 5
10 113 41 13
10 114 2 5
10 115 14 20
10 117 21 6
10 120 62 15
10 134 14 9
10 139 14 15
10 148 60 14
10 152 25 2
10 157 56 7
10 168 27 8
10 180 38 19
11 3 23 13
11 13 51 20
11 19 39 15
11 27 50 7
11 30 4 18
11 48 56 1
11 49 31 5
11 59 19 4
11 60 45 7
11 71 20 2
11 72 8 20
11 81 33 14
11 88 49 3
11 99 4 14
11 136 42 5
11 139 6 2
11 175 48 12
12 14 20 11
12 21 4 10
12 22 26 19
12 47 22 4
12 61 59 16
12 70 43 11
12 114 30 20
12 115 11 2
12 123 49 9
12 137 31 6
12 160 21 15
12 165 59 8
12 177 19 19
12 195 35 13
13 59 40 9
13 60 21 16
13 101 6 2
13 107 5 12
13 124 14 4
13 127 58 16
13 136 33 20
13 139 63 6
13 151 4 15
13 162 40 8
13 183 5 1
13 197 37 6
14 10 42 2
14 27 14 12
14 41 31 18
14 42 22 19
14 47 23 13
14 53 17 9
14 70 18 16
14 73 55 10
14 74 22 11
14 85 10 14
14 101 31 16
14 110 25 20
14 114 17 9
14 134 23 5
14 139 3 6
14 144 8 7
14 152 46 18
14 173 1 5
14 175 57 12
14 180 41 4
14 189 5 13
14 191 10 6
14 195 19 17
15 9 55 7
15 16 58 12
15 43 48 14
15 44 10 20
15 56 44 4
15 78 59 5
15 97 9 16
15 103 41 16
15 112 29 13
15 132 30 1
15 153 2 1
15 172 49 12
15 187 56 7
15 188 44 10
16 2 17 9
16 9 34 14
16 28 44 8
16 52 2 7
16 54 28 16
16 77 57 9
16 97 29 7
16 103 13 8
16 129 25 19
16 133 36 8
16 186 30 13
16 190 42 12
16 198 54 6
17 5 64 14
17 9 47 4
17 23 23 4
17 28 57 16
17 58 60 1
17 67 24 8
17 76 18 11
17 92 7 4
17 94 50 9
17 97 9 3
17 109 5 10
17 119 52 8
17 126 63 12
17 130 10 14
17 133 55 18
17 140 42 2
17 145 62 14
17 149 7 20
17 150 22 7
17 154 16 17
17 156 4 16
17 183 6 15
17 194 6 20
18 53 34 18
18 71 60 14
18 88 2 20
18 91 53 14
18 123 45 1
18 163 9 14
18 171 53 1
19 13 36 8
19 18 7 14
19 39 20 20
19 49 7 6
19 63 27 10
19 82 30 10
19 124 12 14
19 151 9 18
19 163 56 20
19 185 22 18
20 9 52 2
20 17 24 20
20 23 22 17
20 37 43 8
20 41 62 9
20 52 51 9
20 58 12 14
20 60 32 2
20 72 5 8
20 81 33 6
20 85 5 10
20 97 7 16
20 113 51 15
20 116 26 8
20 130 1 17
20 140 39 15
20 154 18 19
20 155 16 18
20 158 32 6
20 179 11 10
20 187 38 1
20 188 58 10
20 197 23 19
21 10 62 18
21 14 43 15
21 33 14 9
21 35 11 18
21 42 47 19
21 47 5 3
21 73 8 10
21 87 31 12
21 105 45 19
21 115 36 4
21 122 52 7
21 123 13 11
21 144 19 15
21 147 64 10
21 160 33 1
21 173 59 4
21 180 3 10
21 195 7 7
22 21 17 18
22 32 35 7
22 35 11 11
22 41 58 14
22 53 8 15
22 61 30 12
22 65 51 20
22 67 1 14
22 69 8 17
22 79 36 10
22 87 26 7
22 98 29 13
22 105 16 9
22 110 20 1
22 114 16 2
22 137 15 18
22 157 48 6
22 158 64 13
22 173 40 4
22 176 50 1
22 177 22 19
22 180 34 2
23 16 35 15
23 37 56 11
23 52 26 12
23 62 57 3
23 64 6 6
23 76 3 12
23 80 15 15
23 93 41 5
23 106 4 2
23 119 14 15
23 125 24 16
23 133 8 3
23 164 38 2
23 166 16 14
23 167 50 3
23 181 52 2
23 188 35 16
23 198 34 20
24 1 58 10
24 5 36 15
24 7 64 4
24 33 7 1
24 38 9 2
24 45 7 9
24 65 56 13
24 69 54 18
24 94 59 9
24 109 47 18
24 121 43 1
24 132 20 3
24 140 50 6
24 144 49 3
24 147 54 19
24 193 6 6
24 194 5 2
25 12 57 18
25 14 54 16
25 21 47 7
25 22 39 19
25 42 15 13
25 47 19 9
25 68 18 7
25 70 13 12
25 91 57 2
25 110 62 5
25 115 15 15
25 123 52 13
25 134 57 6
25 157 20 8
25 160 27 16
25 169 35 17
25 171 54 12
25 180 23 16
25 184 6 14
25 191 38 12
26 1 16 4
26 5 37 4
26 6 37 7
26 24 9 17
26 28 47 6
26 32 44 9
26 33 28 18
26 40 29 3
26 41 8 2
26 44 1 11
26 55 15 6
26 56 19 1
26 67 41 12
26 75 31 10
26 102 59 18
26 103 6 20
26 113 27 11
26 126 14 16
26 128 38 8
26 129 10 17
26 140 55 15
26 145 8 19
26 148 48 4
26 156 58 1
26 182 5 9
26 187 27 8
26 193 58 20
26 194 35 18
27 7 24 3
27 13 30 12
27 30 47 11
27 39 43 4
27 49 36 14
27 53 53 11
27 74 44 4
27 82 50 15
27 86 21 1
27 89 54 1
27 109 49 10
27 110 52 18
27 121 62 13
27 124 51 3
27 127 22 18
27 130 3 3
27 139 26 8
27 152 9 4
27 155 20 14
27 170 31 19
27 183 25 16
27 185 8 10
28 15 55 6
28 29 38 11
28 34 32 11
28 37 20 12
28 38 31 14
28 43 29 6
28 56 32 10
28 66 12 4
28 76 23 5
28 83 58 4
28 94 51 20
28 97 10 15
28 102 56 10
28 104 5 6
28 112 8 10
28 118 4 17
28 126 41 14
28 143 19 2
28 145 20 18
28 153 48 12
28 164 11 10
28 174 22 6
28 194 24 2
29 5 43 6
29 20 16 16
29 23 59 10
29 38 33 11
29 41 29 14
29 46 29 2
29 52 38 3
29 56 55 8
29 66 27 8
29 72 27 12
29 74 9 8
29 76 30 14
29 97 28 9
29 99 28 1
29 109 16 9
29 113 43 3
29 119 19 14
29 126 1 6
29 129 28 20
29 130 47 9
29 134 33 11
29 145 3 16
29 149 58 9
29 152 20 1
29 155 7 19
29 170 34 1
29 182 36 4
29 186 62 14
29 188 6 19
29 194 29 15
30 3 29 7
30 18 59 5
30 48 14 17
30 59 29 1
30 82 38 14
30 86 52 1
30 89 4 19
30 99 60 11
30 107 6 17
30 110 14 14
30 124 16 10
30 130 48 3
30 134 5 10
30 137 42 7
30 141 53 2
30 152 40 12
30 155 37 1
30 159 10 1
30 162 30 13
30 163 9 4
30 165 18 17
30 170 25 19
30 171 30 1
30 175 50 8
30 185 49 2
31 4 10 6
31 26 55 17
31 33 40 12
31 42 28 14
31 45 5 5
31 51 14 6
31 69 11 8
31 73 36 18
31 83 31 7
31 90 63 15
31 94 17 4
31 113 25 12
31 117 17 17
31 126 30 7
31 132 55 13
31 140 51 17
31 145 3 3
31 148 18 7
31 169 11 19
31 173 4 13
31 182 24 15
32 1 58 19
32 5 13 12
32 31 22 7
32 33 45 3
32 35 20 7
32 38 16 15
32 45 45 20
32 65 19 9
32 68 50 12
32 69 9 12
32 73 63 9
32 74 62 2
32 75 17 14
32 113 20 20
32 117 40 11
32 126 25 14
32 140 13 12
32 176 53 15
32 189 32 7
32 193 30 4
32 194 29 9
33 1 20 7
33 4 13 4
33 10 2 20
33 25 63 7
33 42 30 15
33 47 64 18
33 55 52 10
33 68 49 16
33 73 56 15
33 75 6 7
33 87 58 13
33 90 27 11
33 95 42 4
33 100 44 7
33 105 31 11
33 115 30 9
33 122 45 18
33 147 3 5
33 169 30 9
33 189 12 6
33 193 37 16
34 4 18 13
34 15 8 1
34 26 31 3
34 43 10 8
34 75 49 5
34 118 9 6
34 156 4 18
34 172 18 5
35 10 6 2
35 14 12 19
35 42 17 19
35 53 7 10
35 65 46 18
35 79 33 17
35 91 7 15
35 96 14 6
35 98 17 17
35 110 53 16
35 115 59 1
35 120 8 15
35 122 50 1
35 123 15 2
35 137 49 7
35 168 20 17
35 176 40 20
35 180 38 9
35 191 1 3
36 52 29 18
36 62 7 7
36 77 38 20
36 81 53 20
36 108 4 9
36 135 32 6
36 142 12 2
36 167 24 3
36 181 15 5
36 190 47 20
36 198 3 4
37 3 13 8
37 9 19 13
37 16 5 14
37 41 32 5
37 46 52 16
37 52 4 10
37 74 45 13
37 77 57 17
37 80 1 3
37 85 56 18
37 92 15 9
37 109 33 13
37 112 26 17
37 113 49 1
37 116 44 2
37 133 3 14
37 140 36 2
37 149 10 3
37 150 6 15
37 154 57 15
37 155 3 16
37 166 9 7
37 181 37 19
37 188 48 9
37 198 55 1
38 7 20 19
38 17 43 10
38 20 18 14
38 37 10 7
38 41 53 7
38 45 17 14
38 51 23 1
38 67 10 13
38 75 36 5
38 83 10 12
38 92 49 6
38 113 58 5
38 116 39 19
38 121 46 13
38 144 49 8
38 145 24 14
38 156 2 14
38 178 57 15
38 186 55 12
38 193 15 9
39 11 60 7
39 30 11 16
39 50 63 9
39 57 32 5
39 60 52 1
39 72 13 20
39 86 2 3
39 110 39 12
39 124 23 12
39 136 57 4
39 137 3 1
39 157 29 6
39 165 28 18
39 171 23 15
39 192 43 13
39 196 24 14
40 5 13 1
40 15 50 1
40 28 15 9
40 34 37 14
40 38 46 9
40 44 27 15
40 45 61 1
40 51 54 10
40 55 42 9
40 56 1 16
40 83 7 5
40 104 22 17
40 129 50 19
40 172 64 19
40 193 5 6
41 1 50 16
41 3 4 1
41 4 16 12
41 10 11 5
41 17 33 8
41 24 54 8
41 31 43 10
41 32 42 17
41 33 54 9
41 55 13 6
41 70 9 7
41 72 56 8
41 74 55 2
41 79 51 17
41 94 8 17
41 99 35 18
41 113 6 14
41 144 48 16
41 148 31 17
41 182 26 15
41 193 30 18
41 194 54 15
42 7 62 12
42 10 6 19
42 22 43 2
42 24 14 3
42 32 44 8
42 41 30 13
42 51 59 11
42 61 46 4
42 65 45 13
42 67 41 2
42 70 9 11
42 79 7 5
42 90 54 1
42 120 57 1
42 147 2 2
42 148 13 20
42 160 42 10
42 168 4 18
42 169 18 9
42 176 7 16
42 191 31 16
42 193 3 13
43 2 59 18
43 16 62 17
43 40 30 9
43 44 14 6
43 103 20 1
43 104 23 19
43 118 41 3
43 129 2 8
43 143 41 19
43 156 64 5
43 186 45 3
43 188 56 20
44 2 41 18
44 4 23 9
44 6 2 17
44 28 23 20
44 56 29 9
44 75 4 14
44 83 34 8
44 128 33 1
44 132 43 2
44 143 4 17
44 153 18 16
44 172 45 3
44 178 43 12
45 4 4 20
45 5 41 15
45 26 56 10
45 33 39 4
45 55 55 11
45 67 36 19
45 68 30 1
45 69 45 18
45 79 13 5
45 83 49 19
45 92 26 12
45 94 47 7
45 100 2 8
45 132 18 3
45 140 51 19
45 144 29 2
45 193 14 3
45 194 35 19
46 3 41 15
46 5 1 17
46 17 27 17
46 20 17 20
46 28 2 9
46 41 26 2
46 58 12 5
46 96 36 16
46 113 35 3
46 117 57 20
46 119 38 17
46 121 60 13
46 130 35 16
46 138 1 1
46 139 53 9
46 145 49 14
46 187 9 17
47 7 27 3
47 31 57 7
47 32 22 19
47 35 58 12
47 41 23 18
47 61 60 18
47 68 39 19
47 70 51 6
47 73 41 13
47 79 44 8
47 90 57 13
47 95 22 2
47 117 50 18
47 122 36 14
47 160 46 17
47 171 30 20
47 173 4 12
47 176 21 17
47 195 21 13
48 3 19 17
48 13 28 8
48 27 19 4
48 81 54 18
48 82 18 8
48 89 25 18
48 99 13 10
48 124 15 3
48 138 26 20
48 139 52 3
48 151 23 14
48 155 20 11
48 170 36 14
48 179 31 18
48 183 54 3
48 185 6 8
48 197 6 1
49 13 22 13
49 39 39 4
49 48 27 12
49 59 63 17
49 63 6 3
49 82 23 18
49 86 41 20
49 93 57 6
49 96 16 5
49 99 38 18
49 124 30 16
49 127 37 13
49 138 21 15
49 142 24 17
49 155 10 4
49 170 55 15
49 179 44 13
49 185 23 4
49 192 4 2
50 11 55 11
50 27 22 8
50 49 17 12
50 53 57 15
50 57 59 18
50 59 12 3
50 63 34 9
50 71 24 13
50 82 5 1
50 91 62 1
50 101 22 20
50 124 45 3
50 127 64 20
50 136 55 15
50 141 49 6
50 163 12 14
50 171 31 12
51 1 28 20
51 5 30 12
51 6 39 20
51 32 2 18
51 33 45 3
51 41 60 18
51 45 50 17
51 75 3 16
51 79 7 17
51 83 5 11
51 117 61 12
51 144 38 12
51 147 19 13
51 148 23 1
51 169 32 12
51 193 17 4
51 194 59 5
52 9 43 18
52 17 18 20
52 58 30 10
52 66 25 4
52 76 62 3
52 93 60 13
52 116 40 4
52 146 16 19
52 149 7 13
52 150 10 8
52 162 25 3
52 166 29 10
52 181 27 13
52 186 32 15
52 187 7 9
52 188 62 5
53 10 32 11
53 30 29 19
53 39 62 20
53 47 62 5
53 57 15 11
53 59 43 16
53 70 43 17
53 85 16 15
53 91 25 16
53 99 60 1
53 101 24 20
53 113 12 13
53 121 43 18
53 123 13 19
53 124 50 1
53 137 16 14
53 152 29 17
53 158 17 19
53 165 24 2
53 171 35 4
53 177 6 11
53 191 5 10
53 195 10 17
54 3 41 17
54 17 12 16
54 20 23 7
54 38 43 8
54 46 60 4
54 52 36 12
54 67 60 17
54 74 36 12
54 77 53 6
54 80 53 10
54 92 11 6
54 104 51 16
54 112 50 15
54 113 15 9
54 116 26 12
54 119 11 6
54 129 7 8
54 145 4 11
54 149 13 9
54 164 60 14
54 181 11 5
54 183 57 16
54 197 26 4
54 198 47 3
55 1 22 14
55 4 55 17
55 5 3 16
55 31 29 8
55 32 52 15
55 42 24 7
55 51 30 2
55 65 61 12
55 68 41 18
55 79 31 10
55 94 8 15
55 100 62 15
55 117 42 13
55 126 3 8
55 140 39 12
55 144 18 14
55 148 17 10
55 156 54 14
55 169 18 20
55 176 13 4
55 182 3 5
56 5 16 15
56 6 15 14
56 9 32 8
56 17 57 5
56 34 27 2
56 43 55 2
56 66 5 7
56 76 8 4
56 83 40 10
56 92 15 14
56 94 29 13
56 97 34 18
56 118 33 13
56 145 30 6
56 149 47 12
56 153 45 11
56 174 54 19
56 178 6 10
56 186 7 6
56 187 15 3
56 188 43 10
57 10 29 5
57 12 25 14
57 14 46 6
57 18 40 17
57 22 55 10
57 101 35 19
57 110 6 6
57 134 20 14
57 137 2 3
57 157 20 6
57 163 19 6
57 195 46 10
58 16 11 6
58 23 38 6
58 36 4 6
58 37 12 14
58 54 29 12
58 62 6 19
58 64 43 3
58 66 56 1
58 80 38 6
58 84 32 5
58 85 63 10
58 97 61 18
58 109 26 10
58 112 27 12
58 125 46 2
58 133 53 8
58 149 19 1
58 150 25 7
58 162 39 7
58 166 6 14
58 179 6 20
58 181 39 19
58 186 56 15
58 187 20 10
58 190 30 20
58 198 50 15
59 8 19 6
59 18 61 4
59 39 9 4
59 48 49 6
59 63 28 2
59 82 12 14
59 86 9 7
59 89 18 2
59 93 11 7
59 101 44 18
59 107 38 8
59 137 33 9
59 138 52 2
59 141 22 17
59 151 25 4
59 155 5 16
59 157 36 13
59 158 22 20
59 163 36 20
59 165 15 17
59 175 10 12
60 19 5 10
60 27 61 17
60 30 12 19
60 48 60 20
60 49 11 6
60 53 16 5
60 59 44 2
60 71 15 19
60 82 62 8
60 99 54 9
60 107 13 13
60 110 6 13
60 127 23 5
60 130 31 14
60 136 13 1
60 142 45 11
60 151 22 18
60 155 26 6
60 157 23 17
60 170 56 19
60 175 21 11
60 179 55 18
60 183 62 10
60 185 8 20
60 192 12 1
60 197 62 11
61 25 55 13
61 68 53 8
61 87 28 6
61 115 22 15
61 120 55 10
61 122 17 2
61 123 57 1
61 160 4 7
61 173 53 1
61 177 38 20
61 180 59 12
61 184 45 16
61 189 8 20
61 191 37 16
62 9 4 15
62 52 41 11
62 80 41 13
62 97 1 3
62 133 3 16
62 164 20 10
62 166 51 7
62 174 59 15
62 186 32 11
63 8 5 19
63 13 6 10
63 18 7 2
63 39 10 5
63 86 63 6
63 88 26 9
63 127 59 14
63 151 1 10
63 165 48 20
64 0 54 17
64 80 28 3
64 106 56 4
64 125 5 16
64 135 44 5
64 154 35 16
64 167 47 12
64 183 24 2
65 14 8 5
65 21 33 15
65 25 46 10
65 31 61 4
65 41 14 1
65 67 44 15
65 68 55 10
65 69 35 11
65 79 38 5
65 90 30 14
65 95 56 7
65 98 30 20
65 105 10 8
65 120 61 6
65 122 13 8
65 195 5 1
66 9 50 14
66 16 45 2
66 20 57 19
66 37 14 19
66 38 35 15
66 41 57 19
66 54 3 16
66 77 12 7
66 80 42 20
66 85 43 1
66 92 40 12
66 97 37 2
66 104 52 7
66 109 26 5
66 113 62 7
66 116 30 11
66 121 11 9
66 126 54 18
66 140 24 4
66 149 56 10
66 150 34 20
66 154 4 18
66 166 42 2
66 174 20 16
66 186 42 7
66 188 20 8
67 14 37 19
67 20 4 15
67 24 30 15
67 29 27 9
67 31 8 18
67 32 13 8
67 33 48 5
67 41 3 12
67 46 3 2
67 47 61 13
67 51 36 4
67 66 51 4
67 68 36 10
67 69 60 7
67 72 63 5
67 85 17 15
67 110 44 4
67 116 47 19
67 117 23 19
67 120 61 18
67 130 53 8
67 140 62 13
67 144 18 11
67 145 48 17
67 148 29 7
67 156 27 13
67 169 51 10
67 193 51 1
67 195 26 2
68 7 9 7
68 14 4 3
68 21 59 13
68 22 46 3
68 24 19 16
68 31 53 4
68 35 47 20
68 42 12 1
68 51 32 18
68 70 30 6
68 73 11 3
68 90 22 5
68 95 44 18
68 105 1 15
68 122 38 13
68 144 41 4
68 148 19 16
68 168 20 17
68 176 32 12
68 189 11 16
68 191 34 16
69 5 55 14
69 21 11 3
69 25 50 9
69 35 1 6
69 38 27 15
69 42 41 7
69 47 50 11
69 51 41 2
69 55 61 3
69 75 48 16
69 90 33 8
69 95 7 7
69 113 33 7
69 122 20 7
69 144 47 20
69 145 33 15
69 147 62 9
69 173 17 19
69 184 64 4
69 193 59 17
70 22 60 18
70 35 62 9
70 65 27 1
70 74 8 16
70 91 2 17
70 96 43 18
70 98 4 16
70 101 59 16
70 109 55 4
70 113 31 9
70 134 28 18
70 137 17 16
70 139 8 12
70 144 12 11
70 148 63 14
70 160 4 19
70 177 38 10
70 191 34 1
70 195 17 8
71 13 64 13
71 19 28 10
71 30 64 6
71 39 62 17
71 49 6 10
71 59 21 4
71 63 37 8
71 86 20 9
71 88 34 7
71 91 64 11
71 101 53 17
71 127 28 12
71 137 9 17
71 138 26 20
71 139 44 3
71 151 45 14
71 163 38 7
71 175 48 10
72 3 28 18
72 10 37 8
72 14 42 13
72 17 54 17
72 27 47 10
72 30 42 11
72 46 62 5
72 49 10 8
72 53 60 19
72 70 1 8
72 74 51 15
72 89 44 12
72 91 42 7
72 96 60 1
72 101 54 18
72 109 50 8
72 113 28 4
72 119 41 16
72 121 51 9
72 134 46 1
72 152 41 12
72 157 64 8
72 171 20 9
72 197 40 13
73 7 27 18
73 22 38 20
73 24 46 20
73 25 14 17
73 41 48 16
73 42 42 3
73 45 45 12
73 55 2 5
73 65 4 1
73 69 20 5
73 70 53 20
73 87 58 13
73 90 3 10
73 95 30 6
73 98 10 3
73 100 28 15
73 105 2 11
73 144 64 11
73 147 29 20
73 148 36 13
73 168 20 12
73 173 16 14
73 184 17 20
73 189 25 17
73 191 50 17
73 195 53 7
74 3 63 7
74 17 30 12
74 38 10 8
74 53 4 2
74 66 43 8
74 67 31 13
74 92 16 20
74 109 55 9
74 113 26 15
74 119 63 5
74 126 46 9
74 130 8 17
74 133 15 3
74 139 23 7
74 148 33 20
74 150 30 2
74 152 38 12
74 182 58 15
74 187 32 6
74 195 5 17
74 196 52 3
75 1 28 12
75 4 49 10
75 5 48 11
75 6 18 2
75 31 15 8
75 40 8 13
75 55 40 8
75 78 2 15
75 83 39 4
75 92 39 2
75 117 10 18
75 126 9 10
75 132 45 6
75 140 47 16
75 148 40 18
75 156 32 13
75 178 53 4
75 194 56 17
76 15 26 15
76 16 54 5
76 37 1 16
76 43 33 10
76 54 3 12
76 58 17 16
76 62 3 15
76 66 59 3
76 80 22 8
76 92 44 14
76 112 49 8
76 116 53 2
76 129 22 13
76 166 32 17
76 174 22 4
76 181 37 12
76 188 25 11
77 9 16 7
77 23 28 5
77 52 18 9
77 62 16 15
77 76 57 16
77 112 6 10
77 133 60 3
77 135 39 15
77 142 14 19
77 146 64 2
77 161 21 11
77 166 63 14
77 181 64 16
77 188 20 1
78 9 45 9
78 26 47 18
78 28 25 16
78 34 62 17
78 38 3 18
78 40 24 11
78 56 39 14
78 94 44 2
78 102 2 6
78 103 29 14
78 128 19 9
78 143 53 12
78 153 60 9
78 156 25 9
78 178 61 17
78 186 7 19
78 187 37 3
78 193 2 19
79 1 6 1
79 7 30 2
79 10 17 13
79 24 8 19
79 25 8 7
79 26 20 2
79 31 45 11
79 32 55 11
79 33 44 13
79 38 51 5
79 67 3 2
79 68 16 11
79 73 19 12
79 83 10 9
79 90 50 17
79 95 37 1
79 109 14 9
79 113 46 20
79 117 54 18
79 126 15 15
79 144 30 9
79 147 53 16
79 168 1 4
79 176 2 2
79 189 17 10
79 193 14 18
79 195 51 12
80 20 18 18
80 52 44 18
80 77 39 12
80 81 29 17
80 116 55 5
80 125 34 16
80 135 6 16
80 162 43 5
80 164 26 15
80 166 18 8
80 188 23 17
80 190 55 3
81 13 56 13
81 23 56 17
81 27 56 10
81 30 62 17
81 52 12 16
81 60 19 14
81 64 37 8
81 84 46 17
81 85 9 16
81 107 45 7
81 108 38 2
81 119 8 18
81 125 26 15
81 138 17 15
81 142 58 20
81 150 37 14
81 151 45 13
81 155 34 9
81 199 40 11
82 10 28 10
82 11 2 4
82 13 2 17
82 14 16 16
82 18 35 11
82 39 25 19
82 57 51 17
82 70 64 14
82 71 26 8
82 72 53 8
82 74 17 10
82 85 3 15
82 91 26 15
82 99 45 15
82 120 31 11
82 130 19 15
82 134 28 3
82 151 23 18
82 152 51 18
82 158 22 9
82 195 57 13
82 196 22 4
82 197 5 15
83 1 42 7
83 6 4 1
83 24 56 20
83 34 56 2
83 41 27 19
83 55 10 11
83 67 32 14
83 78 49 9
83 92 17 6
83 102 22 16
83 132 52 14
83 172 18 5
83 182 40 7
83 194 12 16
84 0 58 17
84 23 19 4
84 36 10 18
84 48 3 3
84 52 43 5
84 106 33 14
84 108 15 11
84 135 55 6
84 161 39 2
84 179 28 14
84 199 30 10
85 3 28 5
85 11 28 16
85 17 46 15
85 29 43 5
85 41 64 12
85 46 38 13
85 49 14 17
85 54 34 3
85 70 16 16
85 72 56 18
85 74 63 10
85 96 30 13
85 99 33 4
85 109 63 19
85 120 25 8
85 133 5 12
85 142 63 6
85 152 30 1
85 157 12 7
85 158 39 16
85 162 20 13
85 171 23 9
85 175 44 1
85 195 45 1
86 11 28 2
86 13 43 3
86 19 39 11
86 57 21 18
86 60 58 13
86 82 22 9
86 88 58 19
86 91 32 7
86 127 23 6
86 139 55 16
86 151 53 5
86 157 22 16
87 12 46 14
87 25 37 7
87 35 55 20
87 65 10 13
87 68 34 10
87 69 1 17
87 115 47 20
87 120 16 1
87 168 32 16
87 173 48 12
87 184 43 15
87 189 12 9
88 8 39 3
88 19 15 8
88 30 44 18
88 39 34 16
88 49 22 1
88 50 18 4
88 59 5 3
88 165 61 18
89 3 38 8
89 11 25 18
89 13 63 14
89 18 9 7
89 19 21 7
89 39 51 17
89 49 40 9
89 50 47 11
89 81 56 16
89 82 41 7
89 85 30 10
89 86 7 9
89 88 46 1
89 91 33 5
89 93 56 5
89 99 2 14
89 119 60 16
89 136 45 16
89 137 43 8
89 138 13 4
89 157 8 13
89 162 9 15
89 163 13 4
89 179 43 5
89 183 24 12
89 197 46 9
90 22 54 12
90 25 45 15
90 32 17 17
90 35 6 9
90 61 35 14
90 98 44 14
90 100 58 2
90 105 47 1
90 147 2 3
90 160 63 3
90 169 12 17
90 173 47 10
90 184 28 9
90 189 44 10
91 22 13 16
91 27 36 4
91 30 46 16
91 59 20 1
91 96 56 15
91 101 25 12
91 120 61 11
91 134 36 13
91 137 62 14
91 139 49 19
91 158 51 10
91 165 4 13
91 171 52 13
91 195 11 10
92 1 34 15
92 2 32 15
92 5 41 1
92 15 10 13
92 20 3 7
92 24 11 12
92 26 63 1
92 29 37 18
92 40 54 8
92 41 41 9
92 46 25 19
92 67 48 17
92 78 19 5
92 97 58 14
92 112 12 15
92 116 60 19
92 117 8 11
92 121 6 3
92 126 30 1
92 129 28 5
92 132 43 4
92 140 47 7
92 156 48 4
92 172 49 3
92 186 28 7
92 187 51 7
93 3 9 11
93 11 33 11
93 20 4 13
93 27 22 13
93 30 62 8
93 48 46 5
93 58 10 8
93 60 47 11
93 64 36 13
93 72 56 3
93 80 33 15
93 84 49 15
93 85 57 8
93 99 47 16
93 107 29 15
93 108 24 18
93 116 29 16
93 119 45 14
93 125 1 13
93 142 18 19
93 146 23 4
93 150 34 13
93 152 27 6
93 161 16 15
93 170 33 17
93 179 50 11
94 5 3 1
94 9 48 16
94 15 22 6
94 20 36 3
94 26 29 1
94 37 18 12
94 46 43 8
94 54 47 16
94 66 63 5
94 67 1 8
94 74 49 7
94 79 2 13
94 83 42 2
94 103 4 3
94 104 53 5
94 117 2 13
94 121 62 13
94 133 16 14
94 140 50 3
94 144 46 14
94 145 47 15
94 147 12 6
94 172 44 9
94 182 23 11
94 187 60 6
94 188 45 7
94 193 1 17
94 194 36 19
95 21 25 15
95 22 38 14
95 25 48 4
95 35 42 5
95 42 5 16
95 61 42 8
95 87 64 2
95 90 15 4
95 100 18 5
95 168 12 7
95 176 37 4
95 177 18 2
96 7 34 4
96 14 32 5
96 20 10 6
96 22 25 14
96 25 12 6
96 27 26 12
96 30 55 8
96 39 41 11
96 53 38 9
96 59 56 3
96 60 60 6
96 67 9 13
96 74 33 1
96 82 32 9
96 89 2 2
96 98 32 17
96 99 21 10
96 101 58 18
96 114 55 6
96 119 49 10
96 120 56 10
96 121 38 3
96 124 24 20
96 130 50 16
96 137 31 16
96 155 24 2
96 157 47 11
96 170 9 13
96 171 63 18
96 180 50 17
96 182 54 17
96 183 39 12
96 185 20 16
96 191 47 9
96 195 14 12
96 197 5 4
97 6 3 7
97 9 2 1
97 37 2 15
97 38 47 15
97 46 18 6
97 52 12 14
97 77 27 12
97 78 35 8
97 94 52 9
97 103 23 14
97 109 11 18
97 116 49 15
97 126 12 2
97 149 13 19
97 150 27 10
97 154 49 14
97 164 28 6
97 166 53 15
97 172 54 10
97 181 59 19
97 187 59 10
97 188 18 11
97 194 40 7
98 7 16 19
98 10 14 16
98 12 6 5
98 14 63 12
98 25 50 10
98 47 57 1
98 57 47 8
98 61 40 18
98 87 35 14
98 91 47 18
98 95 42 8
98 114 20 6
98 115 57 14
98 123 5 5
98 147 59 9
98 157 51 18
98 160 15 17
98 168 48 11
98 169 12 6
98 173 10 5
98 176 45 6
98 177 55 13
98 180 62 7
98 184 48 18
98 191 17 14
99 23 17 16
99 37 18 5
99 46 36 5
99 52 26 8
99 58 32 14
99 66 20 3
99 74 39 7
99 81 61 17
99 113 29 8
99 116 45 8
99 119 52 16
99 121 41 18
99 133 36 12
99 134 16 9
99 139 32 8
99 145 62 4
99 152 2 3
99 154 62 18
99 170 64 8
99 179 63 19
99 182 55 2
99 197 20 1
100 1 55 12
100 21 17 17
100 24 57 18
100 31 55 8
100 32 19 16
100 42 2 10
100 47 49 13
100 51 32 18
100 65 19 5
100 68 49 3
100 69 40 11
100 79 2 14
100 87 51 7
100 105 8 16
100 122 41 20
100 144 25 9
100 148 26 10
100 168 16 5
100 189 13 10
100 193 4 6
101 11 26 11
101 18 11 10
101 19 8 9
101 30 40 9
101 39 27 13
101 49 53 8
101 60 33 13
101 82 23 10
101 85 58 14
101 114 9 8
101 130 25 20
101 137 39 13
101 151 50 5
101 152 43 7
101 163 46 10
101 179 59 13
101 192 17 19
101 197 12 18
102 4 27 18
102 34 5 15
102 38 5 20
102 40 16 1
102 43 18 8
102 92 1 2
102 94 59 5
102 103 34 6
102 104 11 7
102 112 64 14
102 128 48 9
102 132 9 8
102 186 52 14
102 187 50 6
102 193 25 17
103 5 15 2
103 17 8 8
103 28 8 19
103 38 45 18
103 41 60 4
103 54 9 13
103 58 53 1
103 66 36 8
103 76 63 2
103 83 26 8
103 92 51 11
103 116 32 6
103 118 3 13
103 133 21 1
103 140 15 5
103 143 33 10
103 156 12 11
103 172 46 14
103 174 15 15
103 178 6 11
103 194 25 11
104 5 26 19
104 6 9 8
104 15 53 14
104 16 2 20
104 17 44 7
104 26 8 9
104 29 59 19
104 37 15 5
104 38 11 3
104 44 21 5
104 56 30 8
104 76 31 20
104 78 14 4
104 83 14 12
104 97 61 2
104 103 40 20
104 116 18 6
104 129 19 15
104 132 56 9
104 145 8 16
104 149 12 1
104 153 38 20
104 164 20 6
104 166 18 12
104 174 30 8
104 178 40 11
104 186 58 12
104 187 37 20
104 188 30 14
105 35 24 5
105 47 3 13
105 69 52 6
105 79 38 3
105 87 41 1
105 95 40 3
105 147 39 3
105 160 2 10
105 173 19 3
105 184 25 18
106 36 44 18
106 80 59 2
106 81 60 11
106 93 7 14
106 131 30 13
106 142 49 9
106 162 27 4
106 167 57 18
107 19 13 9
107 27 53 10
107 48 64 15
107 49 58 10
107 84 58 3
107 89 12 8
107 138 47 15
107 151 42 2
107 161 36 15
107 179 48 18
107 196 1 20
108 48 37 5
108 64 52 7
108 80 9 9
108 106 35 10
108 125 9 7
108 161 43 6
108 162 9 9
108 179 45 13
109 7 38 12
109 10 44 14
109 26 18 2
109 32 4 12
109 38 58 3
109 41 18 11
109 45 51 6
109 46 50 3
109 67 43 15
109 92 10 8
109 96 56 5
109 99 8 14
109 103 20 14
109 119 41 11
109 121 42 6
109 126 16 2
109 130 63 6
109 138 22 19
109 140 4 5
109 152 27 5
109 158 20 18
109 175 42 7
109 194 12 1
109 197 42 8
110 10 6 7
110 41 50 1
110 47 58 13
110 70 35 2
110 82 23 16
110 85 33 10
110 89 43 9
110 91 17 11
110 96 25 20
110 99 15 14
110 109 46 3
110 114 32 7
110 119 38 5
110 120 59 6
110 121 15 12
110 124 21 6
110 139 33 8
110 152 36 19
110 158 25 6
110 180 52 3
110 185 31 2
110 191 35 17
110 196 19 13
111 0 22 4
111 36 61 10
111 64 27 19
111 80 54 11
111 106 8 10
111 108 44 13
111 135 28 4
111 161 56 2
111 167 43 10
111 190 53 12
111 199 37 13
112 6 61 3
112 16 11 4
112 17 54 10
112 29 20 2
112 43 56 2
112 56 5 16
112 66 32 8
112 78 6 18
112 94 16 18
112 97 12 9
112 103 34 6
112 104 10 1
112 140 17 16
112 143 4 8
112 149 42 5
112 164 41 15
112 172 25 12
112 178 32 7
113 3 36 1
113 5 25 5
113 22 55 1
113 67 57 8
113 68 53 10
113 85 34 12
113 92 27 11
113 94 36 9
113 96 27 20
113 109 42 9
113 110 2 16
113 116 55 7
113 117 36 4
113 119 37 17
113 121 59 2
113 132 53 5
113 134 33 18
113 139 55 20
113 158 37 5
113 175 11 11
113 193 57 19
113 194 42 8
113 197 57 11
114 7 21 5
114 30 27 3
114 35 8 12
114 39 39 1
114 47 22 4
114 50 27 13
114 53 32 3
114 70 53 20
114 72 30 9
114 134 31 7
114 137 57 20
114 139 16 6
114 141 12 19
114 163 34 13
114 171 15 13
114 195 13 5
115 14 62 11
115 22 19 2
115 42 57 11
115 47 16 8
115 65 45 14
115 68 29 13
115 70 46 5
115 73 48 19
115 90 24 20
115 95 4 15
115 122 16 2
115 173 5 9
115 176 20 1
116 3 1 11
116 7 41 13
116 17 47 13
116 23 1 13
116 28 39 3
116 29 48 12
116 41 6 8
116 46 37 6
116 58 33 13
116 72 51 16
116 85 24 14
116 94 9 10
116 121 61 1
116 129 50 8
116 130 35 14
116 134 63 16
116 138 4 4
116 142 15 8
116 145 11 12
116 150 34 15
116 170 19 4
116 182 59 5
116 183 60 14
116 186 40 20
116 188 4 4
117 1 6 15
117 4 43 2
117 17 7 2
117 22 2 7
117 24 53 4
117 33 44 3
117 38 61 18
117 41 59 13
117 42 19 12
117 45 59 17
117 68 64 18
117 69 20 19
117 73 64 9
117 74 10 20
117 100 40 4
117 121 16 1
117 126 30 14
117 140 40 10
117 144 17 13
117 147 48 11
117 182 48 9
117 187 46 3
118 2 27 16
118 4 46 6
118 5 39 18
118 15 64 1
118 26 15 18
118 40 59 14
118 51 11 12
118 75 7 13
118 94 39 9
118 102 51 4
118 104 42 9
118 128 32 2
118 156 9 7
118 194 20 7
119 9 11 12
119 27 33 7
119 37 17 13
119 38 54 12
119 41 43 15
119 52 2 3
119 58 32 3
119 60 64 6
119 66 43 14
119 67 55 14
119 82 31 20
119 92 3 8
119 97 36 16
119 116 32 11
119 124 28 16
119 145 17 1
119 149 38 7
119 150 33 17
119 152 18 7
119 154 47 13
119 158 22 6
119 182 38 8
119 188 51 8
119 196 56 4
120 7 31 4
120 12 23 14
120 14 55 8
120 25 37 11
120 41 23 19
120 57 9 16
120 73 58 7
120 98 49 2
120 113 30 11
120 114 34 16
120 123 32 15
120 137 46 18
120 144 19 19
120 152 44 6
120 160 19 10
120 168 18 14
120 176 12 12
120 189 57 14
120 195 10 6
121 3 15 15
121 5 31 19
121 10 55 5
121 14 44 12
121 22 20 18
121 29 50 13
121 31 48 17
121 32 29 20
121 41 6 10
121 54 61 14
121 67 46 8
121 70 60 4
121 85 56 17
121 119 9 20
121 120 6 9
121 126 61 2
121 132 41 6
121 134 26 10
121 140 24 11
121 145 2 5
121 148 9 9
121 150 6 16
121 155 58 3
121 170 39 16
121 171 20 19
121 175 1 11
121 196 22 11
122 42 12 7
122 73 49 17
122 87 49 3
122 95 2 15
122 105 52 12
122 160 2 6
122 169 25 2
122 173 25 18
122 176 31 16
123 10 6 11
123 14 2 4
123 47 37 11
123 57 41 4
123 70 36 20
123 96 38 10
123 110 2 1
123 114 58 11
123 157 46 13
123 171 11 13
123 180 3 17
123 189 3 11
124 3 46 20
124 11 54 2
124 71 57 1
124 81 25 5
124 85 14 11
124 86 24 1
124 89 33 4
124 99 2 7
124 134 16 8
124 136 4 12
124 152 26 18
124 158 33 8
124 170 19 19
124 171 54 18
124 175 42 14
124 179 13 16
124 196 50 12
125 0 54 2
125 36 53 12
125 52 58 5
125 62 39 19
125 77 23 3
125 84 19 2
125 142 21 2
125 146 2 9
125 150 15 8
125 183 18 13
125 190 10 9
125 198 45 10
126 3 51 11
126 5 2 11
126 7 27 18
126 33 27 2
126 38 16 6
126 51 33 3
126 54 22 4
126 67 17 13
126 68 50 7
126 69 52 2
126 94 54 1
126 103 39 1
126 113 31 13
126 119 36 2
126 129 10 11
126 130 33 9
126 132 42 14
126 134 45 11
126 140 24 18
126 145 33 6
126 182 52 3
126 195 18 19
127 8 3 2
127 11 5 19
127 18 16 15
127 19 15 19
127 39 1 15
127 59 9 14
127 88 9 5
127 89 48 10
127 101 29 13
127 139 12 17
127 151 17 17
127 157 56 18
127 159 19 20
127 165 57 4
127 185 61 16
127 192 53 8
128 1 28 10
128 2 46 3
128 6 13 13
128 15 51 14
128 28 7 6
128 34 32 18
128 40 47 8
128 43 24 8
128 51 34 16
128 56 30 7
128 83 12 11
128 104 49 13
128 156 30 19
128 172 44 19
128 194 46 20
129 15 59 20
129 17 51 5
129 28 53 14
129 37 6 8
129 38 60 18
129 56 44 7
129 58 64 14
129 66 40 12
129 78 62 16
129 83 3 8
129 94 30 5
129 97 51 16
129 102 48 15
129 112 51 20
129 118 40 13
129 128 11 13
129 132 53 14
129 140 6 3
129 145 1 1
129 149 29 20
129 156 25 4
129 166 25 1
129 172 5 18
129 178 31 2
129 181 4 15
129 188 5 12
130 3 45 12
130 10 16 12
130 14 28 9
130 37 60 11
130 41 10 16
130 54 63 10
130 66 57 15
130 70 41 3
130 85 15 14
130 89 59 9
130 110 37 14
130 119 32 2
130 121 23 18
130 139 3 3
130 150 43 13
130 158 12 9
130 171 54 4
130 182 60 19
130 183 37 2
130 185 22 7
130 197 42 18
131 0 40 3
131 36 2 13
131 77 45 2
131 84 54 2
131 108 15 8
131 111 61 11
131 125 45 2
131 146 46 2
132 5 51 10
132 9 46 16
132 26 54 7
132 28 24 13
132 29 60 18
132 32 60 14
132 34 63 1
132 38 31 1
132 40 40 5
132 41 24 16
132 46 63 12
132 51 8 17
132 55 21 11
132 56 43 8
132 69 52 15
132 78 53 13
132 79 64 15
132 94 4 10
132 97 57 14
132 103 64 7
132 109 63 19
132 117 54 14
132 140 3 17
132 172 61 18
132 186 24 10
132 187 46 3
133 3 1 20
133 20 32 6
133 29 8 16
133 46 8 19
133 52 35 15
133 54 30 17
133 56 30 18
133 66 31 11
133 76 20 9
133 92 55 18
133 97 16 16
133 104 62 18
133 109 9 10
133 112 26 5
133 125 13 4
133 149 9 10
133 154 32 19
133 155 13 19
133 161 44 2
133 166 62 4
133 188 21 6
133 190 34 13
134 3 53 19
134 7 11 6
134 17 61 16
134 20 39 17
134 22 53 4
134 27 36 16
134 35 38 9
134 47 63 2
134 53 51 2
134 67 31 13
134 74 37 20
134 85 38 7
134 89 60 1
134 96 54 2
134 98 15 6
134 109 47 8
134 110 37 11
134 117 16 15
134 119 39 13
134 120 22 10
134 130 62 7
134 138 58 2
134 148 16 10
134 155 40 9
134 157 63 16
134 158 2 17
134 170 56 4
134 182 60 17
135 62 42 9
135 106 43 9
135 125 43 1
135 131 60 3
135 146 26 20
135 164 45 15
135 167 9 18
135 181 12 3
135 190 59 17
135 198 30 4
136 8 17 12
136 18 43 18
136 19 59 10
136 30 61 2
136 59 42 11
136 63 59 7
136 71 18 14
136 82 43 18
136 86 35 19
136 88 16 3
136 107 30 4
136 127 30 17
136 151 53 15
136 157 58 18
136 159 49 7
136 192 3 1
137 10 36 12
137 14 52 5
137 18 27 4
137 25 63 11
137 27 44 1
137 86 35 3
137 98 51 9
137 110 55 8
137 123 63 17
137 124 52 14
137 130 1 6
137 152 56 10
137 157 49 14
137 163 10 5
137 175 37 15
137 191 40 13
138 11 11 10
138 13 33 17
138 29 61 11
138 30 56 8
138 53 15 1
138 72 45 14
138 74 27 12
138 82 22 19
138 93 34 7
138 96 16 13
138 99 49 14
138 119 13 1
138 124 42 17
138 152 45 13
138 158 46 19
138 197 22 13
139 3 14 17
139 30 55 16
139 39 45 9
139 49 7 14
139 50 43 4
139 53 18 8
139 59 36 13
139 72 8 8
139 82 63 1
139 89 45 16
139 93 44 16
139 101 44 6
139 109 26 12
139 120 18 10
139 121 30 14
139 124 5 16
139 134 54 10
139 136 59 8
139 138 8 12
139 150 23 8
139 158 23 5
139 196 57 13
140 1 21 3
140 5 38 18
140 28 40 10
140 29 57 19
140 41 46 20
140 46 33 2
140 51 18 8
140 54 29 8
140 56 50 8
140 78 12 18
140 79 51 20
140 97 24 18
140 102 51 19
140 104 10 18
140 113 5 5
140 119 64 5
140 148 33 10
140 182 37 14
140 186 9 11
140 187 25 14
141 18 41 11
141 53 25 8
141 57 56 1
141 63 9 15
141 82 23 1
141 89 55 16
141 91 60 9
141 101 56 19
141 123 44 14
141 127 25 1
141 137 45 20
141 159 59 16
141 180 2 7
142 11 11 7
142 17 61 4
142 20 3 4
142 29 59 20
142 37 1 5
142 46 32 19
142 48 8 3
142 52 53 5
142 54 37 2
142 58 21 15
142 66 31 5
142 80 38 9
142 99 4 17
142 107 28 9
142 119 62 2
142 130 51 12
142 133 63 6
142 154 11 20
142 161 47 3
142 162 63 6
142 164 11 20
142 179 33 9
143 2 8 20
143 15 14 9
143 34 17 14
143 40 23 6
143 102 56 5
143 104 14 13
143 128 42 8
143 129 22 1
143 156 40 18
143 172 11 14
143 178 12 10
143 186 63 8
144 1 8 13
144 5 5 19
144 10 46 1
144 22 5 20
144 25 64 9
144 26 44 15
144 31 30 14
144 32 26 3
144 35 49 19
144 47 17 16
144 65 62 8
144 74 26 8
144 90 54 6
144 109 50 2
144 126 9 7
144 134 47 19
144 147 50 16
144 168 49 7
144 182 9 13
144 189 46 4
144 194 29 20
145 4 24 13
145 7 20 14
145 9 31 14
145 10 61 15
145 20 12 8
145 24 32 9
145 32 55 2
145 37 21 12
145 41 55 15
145 66 41 18
145 74 22 14
145 79 23 6
145 85 7 20
145 92 8 3
145 97 27 12
145 103 53 19
145 109 38 2
145 117 25 17
145 130 36 19
145 132 38 17
145 133 1 16
145 134 17 14
145 140 4 6
145 144 64 6
145 149 3 9
145 156 45 10
145 158 29 17
145 187 4 4
146 23 13 15
146 48 34 20
146 64 38 5
146 81 33 11
146 106 8 6
146 111 31 11
146 133 46 1
146 142 10 12
146 161 48 8
146 183 15 7
146 198 42 12
147 7 22 18
147 10 46 12
147 14 14 7
147 25 58 16
147 31 14 7
147 32 38 17
147 35 34 3
147 38 25 18
147 41 21 9
147 45 52 18
147 65 19 13
147 70 64 1
147 74 37 6
147 95 61 4
147 100 5 13
147 113 18 10
147 115 4 9
147 120 40 5
147 121 61 10
147 126 2 10
147 132 9 17
147 134 6 9
147 176 9 8
147 182 3 5
147 189 35 7
147 191 27 8
147 195 51 14
148 4 15 6
148 21 8 13
148 24 52 13
148 25 43 15
148 32 32 2
148 35 36 3
148 47 16 10
148 65 26 15
148 69 8 8
148 79 6 7
148 90 19 19
148 94 45 4
148 105 31 15
148 109 59 10
148 113 35 2
148 117 48 15
148 120 27 1
148 132 25 3
148 144 21 13
148 145 55 10
148 147 25 16
148 168 46 20
148 169 25 13
148 173 7 13
148 176 53 5
148 191 32 16
148 193 40 11
148 195 5 10
149 2 63 15
149 15 25 14
149 16 62 14
149 23 58 15
149 46 6 6
149 62 2 6
149 76 16 18
149 77 57 12
149 92 20 10
149 94 29 20
149 116 26 1
149 140 47 12
149 142 44 10
149 150 19 10
149 181 5 1
150 9 39 7
150 46 10 11
150 64 45 3
150 72 2 6
150 77 13 18
150 80 17 13
150 99 45 3
150 124 55 7
150 133 19 16
150 138 13 18
150 146 45 3
150 154 51 2
150 158 42 4
150 162 36 15
150 170 35 4
150 179 24 1
150 183 46 6
150 188 54 8
150 196 45 4
150 197 27 17
151 11 47 17
151 30 28 13
151 88 41 2
151 89 37 4
151 93 17 4
151 124 18 20
151 138 9 13
151 159 24 16
151 196 22 2
152 17 19 20
152 20 10 17
152 37 62 20
152 41 35 15
152 54 32 17
152 60 43 15
152 89 62 12
152 96 44 11
152 113 2 6
152 116 32 15
152 121 31 5
152 126 32 20
152 130 9 14
152 134 11 6
152 139 53 11
152 155 7 18
152 170 13 4
152 171 60 7
152 195 28 9
153 2 58 3
153 5 23 3
153 34 13 7
153 43 59 1
153 102 7 13
153 103 3 18
153 112 49 10
153 118 41 6
153 128 45 4
153 129 12 2
153 143 56 9
153 174 48 4
153 178 52 11
153 194 49 3
154 3 38 8
154 23 38 3
154 29 32 2
154 36 7 18
154 46 12 19
154 48 10 13
154 58 40 10
154 77 64 3
154 80 34 19
154 81 17 11
154 84 22 9
154 106 44 20
154 108 9 12
154 116 13 5
154 125 57 13
154 138 17 3
154 149 14 10
154 162 3 4
154 183 26 18
154 198 31 2
155 11 21 17
155 13 58 1
155 46 54 6
155 52 10 14
155 54 52 14
155 58 47 17
155 64 13 7
155 74 58 17
155 82 44 5
155 84 48 16
155 85 14 4
155 89 28 10
155 99 45 3
155 101 42 20
155 109 46 9
155 116 11 10
155 119 47 19
155 130 25 12
155 138 63 18
155 139 7 10
155 142 9 15
155 154 33 19
155 175 10 1
155 185 3 13
156 15 24 9
156 24 54 4
156 28 33 1
156 32 17 1
156 41 36 20
156 44 13 1
156 51 40 3
156 56 47 11
156 83 6 2
156 102 4 6
156 104 60 9
156 117 30 16
156 126 51 1
156 132 54 9
156 187 43 11
156 193 14 4
156 194 20 16
157 12 57 13
157 14 26 16
157 18 45 19
157 27 48 1
157 30 62 4
157 53 33 15
157 70 56 16
157 71 57 14
157 82 39 19
157 101 42 12
157 114 8 4
157 120 16 18
157 124 20 19
157 130 40 1
157 138 9 5
157 139 22 6
157 141 35 15
157 158 3 12
157 180 28 17
157 191 56 18
157 195 46 14
158 3 38 5
158 10 42 14
158 11 12 7
158 14 40 3
158 17 2 2
158 27 27 1
158 29 21 16
158 30 16 5
158 41 54 16
158 49 62 9
158 60 19 15
158 67 48 14
158 70 35 5
158 72 53 7
158 89 25 3
158 99 27 6
158 114 28 10
158 120 3 1
158 126 33 17
158 137 14 3
158 155 1 11
158 171 1 8
158 179 36 12
158 183 5 15
158 196 58 20
158 197 50 12
159 8 37 3
159 13 60 3
159 18 50 4
159 19 43 20
159 39 10 3
159 49 28 20
159 50 10 13
159 63 34 16
159 71 19 12
159 86 59 13
159 88 15 4
159 89 45 13
159 163 8 2
160 14 19 14
160 35 42 4
160 68 18 1
160 73 34 18
160 87 5 17
160 95 2 16
160 189 11 13
160 195 4 12
161 20 27 16
161 23 31 18
161 52 61 20
161 58 19 20
161 80 53 11
161 81 56 4
161 106 44 19
161 131 10 7
161 135 36 5
161 150 3 12
161 155 4 1
161 162 11 8
161 170 47 20
161 183 8 5
161 198 51 2
162 20 63 1
162 23 45 18
162 27 27 10
162 49 28 5
162 60 47 12
162 64 3 16
162 81 4 20
162 84 6 7
162 93 35 13
162 107 26 7
162 119 44 16
162 125 10 19
162 139 49 12
162 151 8 8
162 179 23 12
162 183 24 6
162 196 46 17
162 199 28 3
163 39 52 5
163 63 35 2
163 82 26 2
163 86 7 12
163 88 32 15
163 91 52 13
163 127 11 16
163 136 63 10
163 141 42 14
163 157 6 4
163 165 38 12
164 16 8 5
164 29 54 16
164 36 63 6
164 52 26 9
164 58 8 17
164 76 32 13
164 77 32 16
164 103 20 12
164 116 63 3
164 129 43 14
164 133 31 16
164 146 35 2
164 149 29 18
164 150 2 11
164 154 18 8
164 190 42 14
165 8 15 7
165 18 40 2
165 57 6 10
165 71 51 18
165 82 61 6
165 101 31 17
165 114 47 15
165 123 33 20
165 136 59 18
165 137 6 11
165 141 1 9
165 157 57 18
165 171 30 5
166 15 49 5
166 16 59 11
166 28 43 16
166 43 34 7
166 56 27 9
166 103 34 17
166 149 1 6
166 164 35 1
166 172 30 6
166 174 23 10
166 181 25 4
166 186 53 11
166 187 25 17
166 188 5 20
167 0 49 16
167 77 16 4
167 80 14 3
167 84 9 12
167 125 54 16
167 198 39 11
168 12 61 9
168 14 46 16
168 21 21 2
168 25 31 18
168 31 39 10
168 61 4 2
168 65 3 13
168 69 44 8
168 70 19 5
168 90 17 12
168 105 60 19
168 115 47 12
168 122 64 6
168 160 48 4
168 169 63 3
168 176 32 13
168 177 54 19
168 189 48 2
168 195 13 6
169 10 17 5
169 21 36 1
169 24 58 3
169 32 18 7
169 45 18 12
169 47 29 14
169 65 3 6
169 68 59 5
169 69 24 12
169 73 35 13
169 79 15 2
169 87 28 9
169 95 31 20
169 100 21 19
169 115 37 13
169 117 30 10
169 144 64 2
169 147 43 9
169 160 36 8
169 173 38 10
169 184 5 3
169 191 10 5
169 195 36 17
170 17 50 4
170 20 62 4
170 37 62 4
170 52 21 3
170 53 20 18
170 54 63 4
170 58 25 11
170 59 17 2
170 66 50 18
170 72 36 6
170 74 41 4
170 81 23 14
170 82 51 10
170 89 29 1
170 101 61 20
170 110 13 11
170 119 31 5
170 130 12 16
170 133 39 8
170 138 47 7
170 139 38 10
170 142 23 5
170 154 44 13
170 155 14 8
170 158 10 17
170 175 32 4
170 179 6 2
171 7 57 9
171 10 43 3
171 12 58 3
171 22 11 14
171 27 55 17
171 35 37 20
171 59 4 8
171 70 60 5
171 74 41 13
171 82 30 16
171 89 48 8
171 98 61 1
171 113 30 5
171 120 53 17
171 134 24 11
171 137 56 2
171 138 28 8
171 139 11 5
171 141 54 19
171 157 11 4
171 180 7 2
171 191 31 1
171 195 11 4
172 5 4 1
172 6 14 10
172 9 33 14
172 26 44 19
172 28 12 14
172 38 1 6
172 43 6 4
172 56 57 9
172 76 6 4
172 78 48 12
172 102 47 3
172 153 13 19
172 156 45 5
172 174 8 4
172 178 4 8
172 186 61 13
172 187 44 2
172 188 59 18
173 12 20 11
173 25 3 8
173 33 23 8
173 35 12 3
173 42 43 12
173 65 24 2
173 95 52 1
173 100 57 20
173 144 7 15
173 147 42 5
173 160 61 18
173 168 21 8
173 176 47 13
173 180 30 10
173 184 40 20
173 191 52 9
174 2 38 10
174 9 36 14
174 16 51 8
174 23 2 11
174 43 57 7
174 77 7 16
174 112 48 9
174 129 25 14
174 133 21 3
174 164 45 15
174 181 38 10
174 186 56 2
174 188 58 8
175 7 27 3
175 10 45 14
175 13 47 10
175 17 5 17
175 20 42 13
175 46 8 5
175 48 45 3
175 49 21 6
175 72 5 16
175 74 28 10
175 81 17 3
175 82 9 9
175 93 18 9
175 99 36 13
175 101 60 5
175 110 7 13
175 116 42 16
175 119 24 20
175 130 28 17
175 134 49 10
175 138 61 17
175 139 2 4
175 142 4 2
175 154 33 17
175 158 28 11
175 162 24 2
175 171 39 6
175 179 40 15
175 185 25 17
175 195 63 20
176 10 47 6
176 31 12 3
176 45 55 5
176 61 35 19
176 87 33 20
176 90 56 14
176 100 1 14
176 117 23 16
176 144 63 5
176 169 61 20
176 184 28 16
176 189 48 13
176 193 58 17
177 10 17 6
177 14 5 20
177 21 39 2
177 35 23 12
177 47 19 20
177 57 50 6
177 73 17 6
177 91 27 9
177 96 18 9
177 110 57 17
177 115 7 5
177 120 5 4
177 137 5 7
177 160 10 11
177 173 5 9
177 195 55 9
178 1 10 2
178 5 30 19
178 26 32 20
178 28 26 12
178 34 7 14
178 40 37 20
178 43 33 2
178 92 12 12
178 94 33 11
178 97 46 17
178 102 58 4
178 118 6 19
178 128 49 14
178 132 34 20
178 140 27 5
178 156 10 18
178 194 49 15
179 3 21 1
179 11 19 9
179 13 23 2
179 27 37 10
179 30 47 9
179 72 59 14
179 81 18 19
179 82 32 12
179 85 11 17
179 119 11 8
179 125 44 9
179 139 42 13
179 146 24 15
179 151 38 6
179 154 34 19
179 155 48 9
179 161 29 5
179 192 37 13
179 196 49 17
180 7 5 17
180 47 9 15
180 65 36 6
180 70 7 20
180 91 34 4
180 115 10 11
180 120 55 6
180 134 60 15
180 137 2 4
180 158 36 8
180 160 51 6
180 177 58 8
180 191 21 20
181 16 41 18
181 66 60 1
181 112 19 3
181 133 3 13
181 146 46 17
181 154 41 3
181 188 49 11
181 198 12 7
182 9 7 19
182 10 58 9
182 20 8 20
182 24 36 6
182 37 13 12
182 45 24 9
182 46 45 7
182 66 48 19
182 67 38 5
182 68 6 16
182 79 22 9
182 85 61 3
182 103 6 11
182 109 25 8
182 110 20 6
182 121 29 12
182 132 37 7
182 148 11 17
182 158 19 1
183 3 31 9
183 20 6 18
183 23 3 6
183 30 22 6
183 37 23 12
183 46 20 3
183 49 45 18
183 52 48 6
183 58 58 11
183 66 4 17
183 74 43 9
183 80 17 11
183 82 51 5
183 84 38 20
183 93 17 3
183 99 14 14
183 101 50 11
183 107 1 9
183 119 63 5
183 124 59 6
183 133 37 5
183 138 30 9
183 139 15 4
183 142 60 4
183 151 31 9
183 155 55 16
183 170 58 15
183 185 55 2
184 21 24 12
184 22 11 19
184 33 40 2
184 47 60 6
184 65 49 9
184 68 31 11
184 95 44 11
184 100 61 6
184 115 42 20
184 122 14 13
184 160 37 10
184 168 14 3
184 189 12 12
185 11 20 18
185 13 46 6
185 20 17 1
185 59 15 3
185 71 34 7
185 72 40 19
185 81 52 10
185 86 41 16
185 89 9 8
185 99 37 11
185 101 26 19
185 134 22 11
185 136 62 13
185 138 40 3
185 139 32 9
185 142 11 6
185 150 57 1
185 151 55 9
185 152 41 5
185 154 47 16
185 157 40 20
185 179 62 13
185 196 11 10
186 5 26 10
186 6 46 10
186 9 17 17
186 15 47 17
186 17 13 7
186 23 48 12
186 28 40 3
186 37 11 16
186 54 37 2
186 77 31 20
186 94 51 4
186 97 14 5
186 103 48 4
186 112 19 10
186 149 1 4
186 156 22 13
186 164 52 16
186 178 44 10
186 194 51 6
187 2 21 8
187 17 60 20
187 29 22 18
187 37 41 3
187 38 22 1
187 41 11 19
187 66 10 7
187 67 46 3
187 103 11 7
187 109 22 15
187 116 48 1
187 119 26 1
187 121 32 12
187 129 47 2
187 133 21 5
187 149 21 2
187 164 48 11
187 182 20 6
187 194 7 12
188 2 34 14
188 17 22 3
188 28 36 10
188 46 41 6
188 54 8 15
188 58 37 8
188 62 4 9
188 92 41 5
188 112 45 19
188 140 44 19
188 149 28 8
188 154 41 6
188 164 58 7
188 186 34 6
188 187 10 5
188 198 39 12
189 10 9 20
189 12 34 7
189 21 43 8
189 22 48 6
189 31 53 8
189 35 60 20
189 42 45 14
189 47 31 3
189 53 15 19
189 65 43 1
189 67 21 17
189 69 39 9
189 70 41 3
189 95 52 19
189 114 58 9
189 115 53 4
189 117 13 10
189 122 19 1
189 134 54 3
189 137 41 1
189 148 34 5
189 169 9 18
189 171 51 10
189 173 47 13
189 177 64 12
189 191 13 3
189 195 40 19
190 0 17 18
190 76 1 14
190 77 24 4
190 131 15 14
190 146 17 2
190 167 13 19
190 174 33 4
190 181 17 20
190 188 55 13
191 7 53 14
191 10 46 7
191 33 33 16
191 47 6 5
191 57 51 14
191 65 52 5
191 69 32 4
191 87 11 9
191 90 39 11
191 91 38 5
191 95 14 12
191 114 35 16
191 115 61 8
191 120 8 13
191 123 59 15
191 134 16 1
191 168 57 4
191 176 38 18
191 177 13 2
191 184 34 14
192 11 20 10
192 13 11 14
192 19 8 18
192 48 45 7
192 63 51 2
192 71 53 20
192 82 39 14
192 86 5 17
192 88 21 20
192 107 5 4
192 124 54 8
192 151 56 5
192 159 20 2
193 4 18 4
193 6 32 14
193 55 38 12
193 68 40 7
193 75 62 19
193 83 11 19
193 92 41 6
193 117 3 20
193 132 47 11
193 140 38 18
193 144 64 18
193 147 37 15
193 169 34 8
193 182 1 19
193 194 27 9
194 2 59 8
194 6 22 1
194 9 63 14
194 31 20 20
194 34 29 14
194 38 20 4
194 44 18 1
194 55 50 4
194 56 12 8
194 67 58 6
194 78 50 10
194 79 19 1
194 92 50 10
194 102 27 14
194 104 31 19
194 117 58 1
194 126 41 15
194 129 27 5
194 140 25 4
194 148 30 16
194 182 60 18
195 10 49 20
195 32 58 10
195 33 40 4
195 35 7 19
195 41 31 15
195 42 37 7
195 68 18 8
195 69 61 17
195 98 8 9
195 109 11 10
195 113 51 2
195 115 15 6
195 121 35 7
195 123 31 13
195 130 32 6
195 134 11 20
195 137 44 20
195 139 14 3
195 158 13 6
195 173 37 20
195 176 14 12
195 180 44 17
195 182 3 5
196 3 14 6
196 11 43 11
196 13 53 15
196 20 24 2
196 27 14 10
196 48 1 12
196 49 19 18
196 53 42 5
196 59 16 19
196 60 27 20
196 71 18 20
196 81 63 18
196 89 31 3
196 93 22 13
196 96 17 20
196 99 27 18
196 101 47 7
196 116 60 10
196 130 45 17
196 134 37 11
196 136 38 10
196 138 30 3
196 142 12 5
196 152 53 13
196 154 1 15
196 170 46 3
196 171 20 17
196 175 55 8
196 183 8 17
196 192 59 20
196 197 3 4
197 27 58 14
197 29 35 12
197 37 30 14
197 46 31 5
197 49 63 16
197 53 51 10
197 58 37 17
197 59 12 3
197 81 45 14
197 110 24 13
197 116 62 6
197 119 24 5
197 121 19 17
197 124 59 9
197 134 7 3
197 152 63 9
197 155 5 1
197 157 22 12
197 162 13 12
197 170 48 16
197 171 31 17
197 175 27 7
197 179 63 18
198 9 15 11
198 52 36 20
198 62 21 16
198 64 41 4
198 66 56 6
198 76 29 20
198 77 19 12
198 80 51 10
198 112 11 15
198 131 56 4
198 133 3 3
198 164 57 12
198 166 53 20
198 174 56 6
198 186 11 5
199 0 54 10
199 23 42 3
199 36 17 15
199 64 34 20
199 80 42 7
199 131 44 19
199 135 37 8
199 146 56 13
199 167 11 6
