0 10 1 18
0 13 1 20
0 23 1 5
0 26 1 5
0 32 1 19
0 33 1 5
0 36 1 9
0 39 1 13
0 47 1 19
0 52 1 7
0 57 1 4
0 60 1 16
0 64 1 7
0 66 1 20
0 71 1 10
0 84 1 15
0 90 1 13
0 93 1 14
0 94 1 11
0 96 1 15
0 99 1 2
1 0 1 11
1 4 1 5
1 5 1 10
1 14 1 7
1 17 1 12
1 23 1 2
1 29 1 6
1 38 1 10
1 39 1 19
1 43 1 9
1 47 1 15
1 49 1 20
1 52 1 19
1 54 1 11
1 66 1 11
1 68 1 10
1 74 1 8
1 85 1 20
1 88 1 1
1 89 1 2
1 94 1 1
1 96 1 1
2 6 1 8
2 10 1 16
2 11 1 20
2 16 1 17
2 18 1 6
2 19 1 3
2 28 1 6
2 38 1 15
2 39 1 20
2 42 1 3
2 52 1 13
2 53 1 19
2 54 1 18
2 64 1 19
2 66 1 12
2 67 1 18
2 68 1 5
2 72 1 18
2 75 1 10
2 76 1 8
2 79 1 2
2 83 1 3
2 87 1 20
2 88 1 13
2 90 1 2
2 98 1 2
3 21 1 18
3 25 1 18
3 30 1 13
3 37 1 14
3 61 1 2
3 70 1 11
3 73 1 13
3 76 1 3
3 80 1 18
3 87 1 12
3 88 1 2
4 0 1 7
4 2 1 13
4 14 1 14
4 26 1 1
4 28 1 15
4 29 1 6
4 31 1 9
4 33 1 19
4 38 1 4
4 39 1 2
4 44 1 1
4 46 1 16
4 47 1 8
4 48 1 16
4 52 1 3
4 53 1 14
4 54 1 20
4 55 1 16
4 65 1 18
4 79 1 1
4 82 1 1
4 84 1 6
4 86 1 16
4 90 1 18
4 93 1 13
4 94 1 2
4 95 1 8
4 96 1 10
4 97 1 20
4 98 1 15
5 10 1 15
5 16 1 6
5 21 1 13
5 25 1 14
5 26 1 5
5 34 1 10
5 38 1 16
5 42 1 18
5 43 1 19
5 52 1 20
5 57 1 15
5 73 1 18
5 74 1 8
5 80 1 4
5 85 1 15
5 86 1 4
5 87 1 6
5 88 1 7
5 89 1 14
5 92 1 18
5 95 1 11
5 96 1 5
6 15 1 1
6 58 1 9
6 62 1 18
6 72 1 8
6 82 1 8
6 91 1 12
6 98 1 17
7 0 1 4
7 1 1 18
7 3 1 15
7 5 1 2
7 6 1 19
7 11 1 20
7 16 1 2
7 17 1 4
7 19 1 1
7 28 1 15
7 34 1 20
7 35 1 8
7 36 1 14
7 39 1 16
7 42 1 10
7 44 1 15
7 46 1 4
7 48 1 4
7 59 1 15
7 63 1 20
7 65 1 20
7 67 1 2
7 71 1 15
7 76 1 4
7 80 1 6
7 83 1 6
7 84 1 19
7 90 1 7
7 91 1 3
7 97 1 18
7 98 1 17
8 3 1 5
8 16 1 7
8 19 1 10
8 21 1 17
8 24 1 8
8 30 1 13
8 35 1 13
8 61 1 20
8 73 1 10
8 76 1 16
8 81 1 7
8 83 1 17
8 87 1 17
9 3 1 5
9 5 1 2
9 7 1 16
9 10 1 17
9 18 1 9
9 21 1 7
9 26 1 9
9 35 1 10
9 37 1 18
9 38 1 16
9 39 1 7
9 40 1 16
9 41 1 19
9 67 1 9
9 78 1 15
9 80 1 12
9 81 1 10
9 87 1 5
9 88 1 20
9 92 1 13
10 1 1 10
10 4 1 20
10 12 1 10
10 16 1 18
10 17 1 19
10 20 1 4
10 23 1 1
10 24 1 12
10 25 1 19
10 30 1 5
10 34 1 9
10 36 1 18
10 41 1 4
10 48 1 18
10 50 1 17
10 57 1 11
10 58 1 7
10 61 1 8
10 65 1 5
10 67 1 3
10 68 1 8
10 69 1 19
10 80 1 17
10 84 1 7
10 88 1 4
10 92 1 6
10 95 1 14
10 96 1 20
11 4 1 1
11 6 1 2
11 15 1 18
11 18 1 1
11 28 1 2
11 31 1 7
11 38 1 14
11 46 1 7
11 48 1 6
11 54 1 4
11 55 1 5
11 58 1 6
11 62 1 3
11 64 1 13
11 65 1 11
11 67 1 10
11 78 1 16
11 90 1 16
11 91 1 12
11 98 1 16
11 99 1 1
12 4 1 10
12 7 1 4
12 13 1 4
12 14 1 7
12 26 1 20
12 27 1 14
12 28 1 3
12 34 1 11
12 36 1 4
12 39 1 4
12 46 1 8
12 48 1 17
12 49 1 20
12 52 1 10
12 54 1 8
12 58 1 3
12 60 1 12
12 65 1 8
12 66 1 4
12 68 1 17
12 71 1 17
12 82 1 3
12 89 1 11
12 94 1 20
12 97 1 10
13 4 1 20
13 45 1 2
13 46 1 1
13 47 1 19
13 60 1 6
13 65 1 1
13 69 1 8
13 84 1 17
13 94 1 18
13 96 1 17
13 99 1 11
14 0 1 19
14 2 1 18
14 5 1 18
14 7 1 10
14 9 1 12
14 16 1 12
14 19 1 4
14 20 1 18
14 23 1 8
14 25 1 18
14 33 1 11
14 39 1 20
14 42 1 18
14 43 1 1
14 44 1 12
14 47 1 17
14 48 1 9
14 52 1 4
14 61 1 4
14 67 1 17
14 68 1 1
14 70 1 19
14 85 1 18
14 87 1 6
14 88 1 4
14 89 1 10
14 90 1 6
14 92 1 4
14 95 1 6
14 99 1 2
15 0 1 6
15 2 1 19
15 4 1 7
15 22 1 4
15 26 1 16
15 28 1 2
15 30 1 14
15 31 1 6
15 36 1 7
15 38 1 12
15 46 1 6
15 55 1 20
15 57 1 14
15 72 1 14
15 84 1 6
15 93 1 8
16 3 1 9
16 9 1 10
16 20 1 14
16 21 1 11
16 23 1 20
16 30 1 15
16 34 1 5
16 35 1 9
16 40 1 13
16 41 1 8
16 44 1 18
16 63 1 5
16 66 1 6
16 68 1 4
16 77 1 1
16 80 1 20
16 81 1 2
16 87 1 16
16 88 1 5
16 92 1 1
16 93 1 15
16 97 1 2
17 3 1 13
17 5 1 16
17 14 1 18
17 16 1 18
17 20 1 17
17 26 1 16
17 34 1 12
17 38 1 8
17 41 1 8
17 44 1 10
17 48 1 1
17 52 1 19
17 56 1 8
17 60 1 1
17 66 1 20
17 76 1 2
17 77 1 11
17 80 1 2
17 88 1 7
17 92 1 14
17 93 1 2
18 6 1 19
18 7 1 6
18 10 1 16
18 14 1 14
18 15 1 18
18 16 1 1
18 19 1 6
18 22 1 16
18 35 1 12
18 37 1 16
18 39 1 19
18 44 1 10
18 49 1 4
18 57 1 17
18 61 1 9
18 70 1 10
18 71 1 15
18 78 1 17
18 81 1 20
18 83 1 19
18 84 1 7
18 90 1 16
19 1 1 9
19 5 1 5
19 9 1 6
19 10 1 4
19 16 1 5
19 17 1 19
19 20 1 5
19 23 1 2
19 25 1 9
19 26 1 16
19 36 1 12
19 38 1 2
19 39 1 2
19 40 1 4
19 46 1 14
19 48 1 9
19 52 1 12
19 57 1 17
19 59 1 14
19 62 1 18
19 64 1 8
19 66 1 17
19 71 1 3
19 72 1 19
19 78 1 16
19 80 1 4
19 82 1 1
19 85 1 7
19 89 1 15
19 93 1 16
19 97 1 10
19 98 1 3
19 99 1 16
20 1 1 3
20 5 1 13
20 21 1 19
20 26 1 13
20 33 1 4
20 34 1 11
20 42 1 4
20 47 1 13
20 56 1 19
20 57 1 19
20 60 1 9
20 68 1 16
20 73 1 4
20 93 1 20
21 1 1 3
21 7 1 11
21 10 1 8
21 14 1 15
21 17 1 15
21 18 1 3
21 19 1 9
21 23 1 12
21 26 1 13
21 34 1 4
21 38 1 20
21 56 1 13
21 67 1 4
21 73 1 20
21 76 1 3
21 77 1 4
21 80 1 6
21 81 1 11
21 88 1 18
21 92 1 19
21 96 1 14
21 97 1 13
22 6 1 3
22 7 1 8
22 11 1 9
22 24 1 13
22 30 1 20
22 32 1 20
22 36 1 8
22 38 1 14
22 48 1 13
22 49 1 18
22 55 1 10
22 59 1 11
22 64 1 20
22 78 1 6
22 84 1 12
22 98 1 9
23 4 1 3
23 5 1 16
23 12 1 6
23 13 1 9
23 17 1 2
23 20 1 12
23 26 1 8
23 34 1 9
23 36 1 15
23 45 1 5
23 48 1 8
23 49 1 18
23 50 1 15
23 52 1 8
23 54 1 4
23 56 1 14
23 60 1 8
23 61 1 7
23 65 1 19
23 67 1 18
23 71 1 2
23 74 1 17
23 87 1 10
23 90 1 14
23 95 1 20
23 97 1 1
23 98 1 20
24 2 1 11
24 3 1 18
24 7 1 12
24 9 1 4
24 14 1 13
24 17 1 14
24 18 1 6
24 19 1 19
24 21 1 18
24 25 1 5
24 30 1 10
24 35 1 1
24 38 1 14
24 39 1 9
24 40 1 12
24 42 1 2
24 50 1 3
24 51 1 18
24 54 1 11
24 57 1 7
24 59 1 4
24 62 1 2
24 63 1 9
24 66 1 4
24 67 1 12
24 68 1 7
24 72 1 12
24 76 1 8
24 77 1 18
24 78 1 13
24 83 1 8
24 88 1 6
24 92 1 19
24 93 1 18
24 97 1 9
24 98 1 8
25 2 1 1
25 7 1 7
25 9 1 15
25 17 1 16
25 18 1 8
25 20 1 10
25 21 1 10
25 23 1 5
25 26 1 8
25 34 1 16
25 48 1 14
25 50 1 4
25 56 1 20
25 70 1 18
25 76 1 1
25 77 1 12
25 81 1 15
25 86 1 10
25 96 1 17
25 97 1 16
26 1 1 2
26 7 1 16
26 10 1 13
26 14 1 18
26 16 1 10
26 18 1 7
26 28 1 9
26 31 1 11
26 33 1 9
26 41 1 15
26 46 1 12
26 47 1 20
26 52 1 13
26 60 1 6
26 61 1 19
26 64 1 20
26 65 1 14
26 66 1 9
26 71 1 13
26 77 1 20
26 78 1 19
26 79 1 1
26 86 1 18
26 87 1 5
26 90 1 10
26 93 1 16
26 97 1 18
26 99 1 10
27 0 1 14
27 1 1 15
27 13 1 5
27 28 1 16
27 45 1 1
27 46 1 16
27 52 1 5
27 60 1 19
27 65 1 19
27 74 1 11
27 84 1 9
27 99 1 20
28 10 1 7
28 13 1 6
28 19 1 2
28 22 1 15
28 30 1 7
28 38 1 6
28 45 1 6
28 46 1 12
28 47 1 5
28 48 1 5
28 52 1 18
28 53 1 7
28 57 1 19
28 58 1 20
28 59 1 9
28 65 1 18
28 68 1 8
28 69 1 20
28 74 1 17
28 79 1 7
28 82 1 17
28 84 1 2
28 93 1 10
28 95 1 4
28 96 1 16
28 99 1 1
29 0 1 16
29 13 1 16
29 27 1 5
29 47 1 20
29 57 1 19
29 58 1 9
29 84 1 9
30 2 1 18
30 4 1 14
30 6 1 14
30 9 1 1
30 14 1 20
30 17 1 19
30 19 1 16
30 21 1 13
30 23 1 3
30 26 1 10
30 31 1 18
30 35 1 15
30 36 1 4
30 39 1 19
30 44 1 2
30 46 1 15
30 50 1 13
30 52 1 7
30 55 1 11
30 57 1 5
30 59 1 11
30 61 1 3
30 62 1 3
30 67 1 12
30 70 1 4
30 72 1 13
30 75 1 1
30 80 1 11
30 81 1 15
30 87 1 4
30 90 1 17
30 93 1 4
31 0 1 20
31 1 1 5
31 2 1 8
31 7 1 7
31 12 1 7
31 13 1 6
31 22 1 11
31 28 1 6
31 32 1 2
31 36 1 17
31 44 1 4
31 46 1 11
31 49 1 2
31 52 1 19
31 54 1 10
31 55 1 14
31 57 1 20
31 64 1 3
31 69 1 8
31 71 1 18
31 75 1 1
31 84 1 14
31 90 1 2
31 93 1 13
31 95 1 8
31 96 1 14
31 99 1 13
32 4 1 18
32 6 1 4
32 7 1 16
32 11 1 1
32 15 1 8
32 19 1 4
32 26 1 19
32 28 1 14
32 49 1 10
32 53 1 1
32 59 1 8
32 62 1 14
32 64 1 15
32 67 1 20
32 71 1 11
32 75 1 10
32 79 1 13
32 91 1 1
32 93 1 10
33 1 1 18
33 5 1 6
33 10 1 5
33 13 1 10
33 23 1 8
33 27 1 8
33 34 1 5
33 39 1 15
33 45 1 17
33 46 1 14
33 49 1 18
33 52 1 16
33 57 1 9
33 58 1 14
33 65 1 18
33 74 1 14
33 85 1 13
33 97 1 17
33 99 1 13
34 1 1 20
34 14 1 4
34 19 1 2
34 26 1 15
34 38 1 17
34 41 1 20
34 42 1 12
34 57 1 14
34 66 1 18
34 68 1 20
34 74 1 11
34 88 1 3
34 89 1 4
34 93 1 13
34 95 1 3
34 96 1 11
35 2 1 12
35 3 1 3
35 19 1 2
35 21 1 15
35 22 1 11
35 37 1 3
35 50 1 16
35 51 1 17
35 59 1 9
35 70 1 4
35 72 1 14
35 76 1 6
35 78 1 3
35 80 1 8
35 86 1 18
36 1 1 12
36 2 1 2
36 4 1 13
36 6 1 11
36 18 1 12
36 28 1 9
36 38 1 18
36 39 1 6
36 52 1 7
36 54 1 9
36 59 1 9
36 62 1 9
36 71 1 1
36 75 1 8
36 79 1 12
36 84 1 13
36 90 1 18
36 93 1 4
36 97 1 10
36 99 1 13
37 8 1 18
37 16 1 14
37 24 1 17
37 25 1 7
37 63 1 6
37 67 1 13
37 76 1 7
38 0 1 15
38 6 1 20
38 12 1 2
38 14 1 7
38 16 1 4
38 23 1 17
38 25 1 20
38 26 1 14
38 30 1 12
38 35 1 14
38 39 1 19
38 44 1 12
38 46 1 1
38 48 1 5
38 50 1 10
38 57 1 14
38 63 1 8
38 65 1 10
38 67 1 11
38 68 1 15
38 72 1 19
38 78 1 20
38 79 1 15
38 82 1 13
38 84 1 8
38 88 1 19
38 96 1 12
38 97 1 2
38 99 1 18
39 5 1 5
39 10 1 12
39 17 1 10
39 20 1 5
39 21 1 3
39 23 1 13
39 25 1 9
39 41 1 6
39 43 1 3
39 46 1 12
39 47 1 19
39 48 1 17
39 49 1 9
39 60 1 4
39 61 1 5
39 64 1 5
39 70 1 20
39 73 1 10
39 76 1 19
39 80 1 16
39 84 1 12
39 87 1 12
39 90 1 17
39 98 1 1
39 99 1 7
40 3 1 4
40 8 1 12
40 18 1 4
40 21 1 5
40 25 1 4
40 35 1 12
40 67 1 14
41 1 1 2
41 5 1 17
41 14 1 20
41 20 1 7
41 21 1 12
41 23 1 13
41 47 1 19
41 60 1 9
41 85 1 15
41 88 1 11
42 0 1 19
42 1 1 20
42 9 1 3
42 12 1 7
42 18 1 2
42 19 1 17
42 21 1 9
42 23 1 1
42 25 1 3
42 26 1 9
42 28 1 20
42 33 1 12
42 38 1 3
42 41 1 9
42 48 1 7
42 49 1 20
42 54 1 14
42 56 1 5
42 57 1 13
42 66 1 2
42 67 1 8
42 73 1 10
42 74 1 16
42 77 1 17
42 80 1 2
42 86 1 18
42 93 1 7
42 95 1 17
42 98 1 5
43 20 1 4
43 21 1 16
43 23 1 20
43 41 1 7
43 42 1 15
43 47 1 2
43 60 1 5
43 74 1 3
43 85 1 10
43 88 1 16
44 0 1 10
44 2 1 11
44 5 1 14
44 9 1 9
44 10 1 3
44 12 1 12
44 20 1 16
44 23 1 6
44 24 1 11
44 25 1 11
44 26 1 2
44 28 1 3
44 33 1 12
44 36 1 5
44 39 1 7
44 41 1 15
44 42 1 7
44 43 1 20
44 47 1 17
44 48 1 3
44 56 1 7
44 60 1 10
44 61 1 17
44 69 1 15
44 71 1 1
44 74 1 7
44 82 1 6
44 84 1 18
44 90 1 6
44 95 1 11
44 97 1 11
44 98 1 1
44 99 1 5
45 0 1 10
45 1 1 7
45 10 1 20
45 29 1 20
45 31 1 9
45 36 1 9
45 46 1 14
45 52 1 5
45 58 1 17
45 60 1 20
45 69 1 18
45 94 1 20
46 0 1 9
46 6 1 1
46 10 1 5
46 14 1 4
46 29 1 5
46 32 1 13
46 36 1 16
46 52 1 7
46 53 1 19
46 61 1 10
46 65 1 8
46 71 1 15
46 72 1 6
46 90 1 2
46 94 1 16
46 96 1 1
46 98 1 11
47 5 1 1
47 12 1 19
47 17 1 12
47 23 1 17
47 27 1 2
47 33 1 16
47 34 1 20
47 42 1 14
47 45 1 2
47 56 1 15
47 66 1 1
47 69 1 14
47 94 1 18
47 95 1 15
47 97 1 2
48 0 1 20
48 1 1 11
48 2 1 20
48 6 1 16
48 9 1 2
48 15 1 18
48 16 1 20
48 18 1 18
48 21 1 7
48 26 1 11
48 31 1 14
48 32 1 13
48 33 1 8
48 36 1 15
48 46 1 4
48 50 1 7
48 55 1 2
48 61 1 16
48 62 1 7
48 65 1 17
48 72 1 20
48 77 1 9
48 79 1 15
48 84 1 15
48 87 1 15
49 0 1 20
49 2 1 2
49 4 1 19
49 6 1 6
49 7 1 5
49 10 1 6
49 11 1 15
49 14 1 16
49 15 1 14
49 19 1 8
49 24 1 18
49 26 1 6
49 28 1 3
49 30 1 13
49 36 1 4
49 38 1 16
49 44 1 9
49 46 1 10
49 50 1 20
49 54 1 15
49 59 1 12
49 64 1 5
49 66 1 12
49 67 1 9
49 69 1 11
49 71 1 4
49 72 1 12
49 78 1 18
49 84 1 16
49 90 1 2
49 93 1 20
49 95 1 18
49 97 1 2
49 98 1 19
49 99 1 20
50 2 1 6
50 9 1 13
50 11 1 14
50 14 1 11
50 17 1 2
50 18 1 2
50 19 1 18
50 21 1 15
50 22 1 14
50 26 1 17
50 32 1 19
50 37 1 13
50 39 1 19
50 40 1 4
50 42 1 12
50 44 1 19
50 63 1 1
50 67 1 7
50 72 1 12
50 77 1 19
50 78 1 20
50 79 1 3
50 80 1 15
50 82 1 15
50 90 1 16
50 91 1 17
50 93 1 8
50 97 1 4
50 98 1 6
50 99 1 9
51 6 1 13
51 7 1 20
51 11 1 10
51 18 1 9
51 19 1 12
51 28 1 6
51 30 1 17
51 32 1 2
51 38 1 10
51 46 1 19
51 48 1 14
51 49 1 19
51 50 1 16
51 53 1 4
51 64 1 11
51 71 1 15
51 75 1 3
51 84 1 4
51 91 1 10
52 7 1 5
52 10 1 13
52 13 1 16
52 20 1 6
52 29 1 15
52 38 1 15
52 39 1 19
52 42 1 17
52 43 1 1
52 44 1 19
52 47 1 2
52 48 1 9
52 49 1 1
52 57 1 5
52 58 1 7
52 60 1 17
52 65 1 2
52 80 1 11
52 84 1 15
52 88 1 7
52 94 1 3
52 95 1 11
52 98 1 1
52 99 1 5
53 0 1 14
53 6 1 5
53 7 1 6
53 11 1 14
53 12 1 3
53 15 1 20
53 22 1 12
53 30 1 12
53 31 1 16
53 36 1 19
53 38 1 5
53 44 1 12
53 49 1 8
53 52 1 14
53 58 1 15
53 78 1 6
53 79 1 3
53 86 1 11
53 90 1 11
53 96 1 8
53 99 1 17
54 0 1 7
54 6 1 12
54 10 1 16
54 14 1 16
54 18 1 5
54 19 1 7
54 22 1 13
54 32 1 8
54 33 1 18
54 38 1 18
54 44 1 20
54 46 1 6
54 50 1 9
54 51 1 6
54 52 1 4
54 53 1 12
54 57 1 2
54 61 1 7
54 62 1 20
54 67 1 12
54 71 1 15
54 75 1 12
54 78 1 6
54 82 1 2
54 83 1 10
54 84 1 13
54 91 1 7
54 96 1 17
55 2 1 18
55 6 1 15
55 7 1 11
55 12 1 18
55 26 1 2
55 28 1 12
55 32 1 7
55 36 1 14
55 38 1 11
55 46 1 5
55 49 1 18
55 51 1 6
55 53 1 19
55 59 1 5
55 62 1 11
55 65 1 15
55 69 1 10
55 71 1 1
55 75 1 3
55 78 1 9
55 79 1 14
55 82 1 12
55 84 1 9
55 93 1 17
55 99 1 13
56 5 1 14
56 10 1 3
56 14 1 1
56 33 1 11
56 34 1 10
56 43 1 8
56 52 1 20
56 57 1 14
56 60 1 9
56 68 1 17
56 74 1 16
56 80 1 3
56 88 1 14
56 93 1 13
56 97 1 13
57 1 1 12
57 2 1 14
57 12 1 19
57 13 1 5
57 17 1 13
57 21 1 19
57 23 1 5
57 25 1 12
57 32 1 9
57 39 1 15
57 41 1 13
57 45 1 15
57 47 1 4
57 48 1 19
57 50 1 17
57 53 1 18
57 55 1 20
57 66 1 6
57 68 1 8
57 80 1 16
57 86 1 18
57 88 1 9
57 95 1 20
57 99 1 15
58 0 1 15
58 1 1 10
58 4 1 2
58 7 1 6
58 15 1 18
58 22 1 7
58 23 1 15
58 26 1 12
58 27 1 2
58 31 1 5
58 32 1 16
58 39 1 20
58 44 1 5
58 46 1 20
58 48 1 15
58 49 1 13
58 54 1 5
58 57 1 11
58 64 1 14
58 72 1 13
58 79 1 4
58 90 1 6
58 93 1 9
58 96 1 8
59 2 1 17
59 11 1 9
59 15 1 20
59 18 1 19
59 48 1 7
59 51 1 3
59 53 1 19
59 54 1 11
59 71 1 14
59 76 1 5
59 77 1 4
59 80 1 5
59 83 1 14
59 84 1 15
59 86 1 17
59 91 1 5
59 92 1 17
59 99 1 4
60 4 1 4
60 10 1 4
60 28 1 3
60 29 1 3
60 33 1 8
60 34 1 8
60 46 1 19
60 47 1 6
60 48 1 3
60 49 1 8
60 57 1 12
60 68 1 7
60 74 1 8
60 84 1 14
60 89 1 3
60 94 1 2
60 95 1 20
60 96 1 3
60 97 1 17
61 6 1 12
61 7 1 6
61 11 1 11
61 15 1 15
61 16 1 20
61 19 1 5
61 21 1 16
61 22 1 8
61 24 1 17
61 25 1 18
61 32 1 13
61 36 1 14
61 38 1 17
61 49 1 8
61 53 1 9
61 55 1 14
61 57 1 9
61 58 1 17
61 59 1 10
61 62 1 19
61 63 1 19
61 67 1 20
61 71 1 12
61 75 1 7
61 80 1 14
61 82 1 11
61 83 1 13
61 88 1 3
61 93 1 18
61 96 1 12
62 2 1 12
62 15 1 9
62 22 1 7
62 28 1 17
62 50 1 9
62 53 1 10
62 58 1 4
62 59 1 1
62 64 1 12
62 75 1 15
62 82 1 2
62 98 1 11
63 3 1 19
63 8 1 1
63 9 1 4
63 18 1 7
63 19 1 2
63 30 1 7
63 35 1 10
63 51 1 14
63 59 1 18
63 70 1 12
63 73 1 15
63 76 1 12
63 77 1 12
63 80 1 19
63 81 1 4
63 83 1 10
64 4 1 1
64 6 1 9
64 7 1 13
64 10 1 7
64 15 1 18
64 18 1 15
64 30 1 17
64 36 1 20
64 38 1 18
64 44 1 2
64 46 1 4
64 48 1 13
64 50 1 5
64 52 1 4
64 53 1 1
64 55 1 15
64 59 1 5
64 61 1 14
64 71 1 14
64 72 1 10
64 91 1 16
64 99 1 17
65 1 1 13
65 2 1 18
65 30 1 18
65 31 1 19
65 32 1 18
65 36 1 12
65 44 1 1
65 45 1 9
65 49 1 1
65 53 1 8
65 54 1 9
65 57 1 12
65 58 1 7
65 64 1 14
65 69 1 12
65 93 1 10
65 95 1 17
65 97 1 18
66 3 1 1
66 10 1 15
66 18 1 18
66 20 1 5
66 23 1 14
66 25 1 15
66 28 1 16
66 30 1 11
66 39 1 15
66 41 1 12
66 43 1 7
66 44 1 1
66 48 1 10
66 50 1 13
66 52 1 6
66 54 1 2
66 68 1 7
66 80 1 15
66 84 1 15
66 85 1 20
66 86 1 15
66 89 1 12
66 92 1 17
66 97 1 14
67 3 1 10
67 8 1 5
67 16 1 19
67 17 1 16
67 19 1 11
67 22 1 7
67 26 1 20
67 28 1 12
67 39 1 4
67 44 1 3
67 48 1 19
67 51 1 17
67 57 1 20
67 59 1 15
67 62 1 16
67 64 1 7
67 68 1 18
67 72 1 7
67 77 1 14
67 79 1 8
67 83 1 17
67 84 1 11
67 87 1 7
67 90 1 18
67 99 1 4
68 3 1 5
68 5 1 3
68 7 1 7
68 9 1 13
68 17 1 2
68 18 1 7
68 19 1 15
68 21 1 20
68 23 1 19
68 25 1 17
68 26 1 19
68 30 1 18
68 35 1 13
68 39 1 2
68 46 1 5
68 48 1 8
68 49 1 20
68 52 1 6
68 54 1 20
68 61 1 2
68 64 1 13
68 70 1 4
68 73 1 14
68 76 1 6
68 77 1 5
68 78 1 16
68 80 1 18
68 84 1 13
68 93 1 2
68 96 1 10
68 98 1 1
69 0 1 6
69 1 1 17
69 4 1 2
69 12 1 10
69 23 1 20
69 26 1 16
69 27 1 19
69 29 1 16
69 33 1 10
69 36 1 12
69 46 1 11
69 52 1 12
69 53 1 10
69 54 1 17
69 58 1 10
69 97 1 2
70 2 1 4
70 7 1 6
70 8 1 12
70 9 1 15
70 16 1 2
70 17 1 4
70 19 1 18
70 21 1 1
70 24 1 19
70 37 1 12
70 38 1 17
70 40 1 15
70 42 1 1
70 61 1 11
70 66 1 20
70 76 1 4
70 78 1 5
70 80 1 7
70 81 1 15
70 86 1 5
70 87 1 19
70 92 1 17
71 6 1 3
71 10 1 9
71 11 1 17
71 14 1 9
71 22 1 6
71 38 1 14
71 39 1 3
71 57 1 19
71 58 1 13
71 62 1 19
71 65 1 13
71 67 1 18
71 68 1 20
71 72 1 1
71 84 1 17
71 86 1 5
71 91 1 2
71 93 1 4
71 97 1 8
71 98 1 12
71 99 1 20
72 4 1 12
72 7 1 14
72 18 1 6
72 26 1 12
72 28 1 2
72 31 1 4
72 32 1 6
72 36 1 11
72 51 1 7
72 53 1 16
72 54 1 14
72 55 1 9
72 57 1 9
72 59 1 16
72 61 1 13
72 62 1 13
72 65 1 19
72 75 1 4
72 79 1 2
72 83 1 11
72 86 1 15
72 98 1 3
73 14 1 8
73 16 1 4
73 17 1 7
73 19 1 2
73 25 1 16
73 34 1 2
73 37 1 2
73 41 1 18
73 50 1 2
73 70 1 6
73 81 1 17
73 86 1 20
73 92 1 14
74 0 1 11
74 4 1 13
74 10 1 12
74 12 1 18
74 13 1 6
74 29 1 17
74 31 1 4
74 39 1 2
74 46 1 1
74 47 1 13
74 52 1 12
74 65 1 14
74 66 1 18
74 84 1 8
74 93 1 2
74 99 1 19
75 6 1 15
75 7 1 7
75 11 1 13
75 22 1 12
75 28 1 1
75 48 1 12
75 53 1 19
75 58 1 20
75 59 1 7
75 64 1 20
75 65 1 8
75 71 1 18
75 78 1 14
75 83 1 2
75 91 1 2
75 98 1 8
76 9 1 4
76 16 1 2
76 19 1 9
76 38 1 8
76 50 1 11
76 66 1 10
76 67 1 10
76 73 1 11
76 77 1 4
76 78 1 5
76 83 1 1
76 92 1 12
77 2 1 10
77 7 1 12
77 9 1 20
77 10 1 10
77 14 1 10
77 18 1 6
77 19 1 20
77 30 1 13
77 35 1 2
77 37 1 6
77 38 1 5
77 40 1 18
77 44 1 4
77 57 1 17
77 66 1 11
77 70 1 12
77 73 1 5
77 83 1 18
77 88 1 1
77 92 1 3
78 2 1 12
78 6 1 16
78 7 1 14
78 8 1 20
78 15 1 3
78 16 1 15
78 48 1 12
78 51 1 18
78 59 1 2
78 64 1 12
78 67 1 2
78 72 1 5
78 77 1 12
78 81 1 20
78 83 1 7
78 86 1 10
78 98 1 4
79 7 1 2
79 11 1 3
79 15 1 15
79 18 1 5
79 19 1 19
79 22 1 11
79 31 1 10
79 46 1 3
79 49 1 6
79 51 1 15
79 59 1 19
79 61 1 7
79 65 1 14
79 75 1 16
79 78 1 8
79 84 1 19
80 1 1 12
80 2 1 3
80 8 1 14
80 14 1 9
80 23 1 20
80 24 1 18
80 25 1 14
80 26 1 7
80 34 1 15
80 37 1 16
80 38 1 14
80 40 1 13
80 41 1 15
80 44 1 11
80 48 1 4
80 67 1 16
80 71 1 8
80 76 1 19
80 77 1 12
80 78 1 7
80 84 1 7
80 85 1 2
80 86 1 7
80 88 1 17
80 89 1 15
80 90 1 7
80 93 1 12
80 96 1 19
80 98 1 17
81 3 1 8
81 19 1 15
81 24 1 5
81 35 1 5
81 37 1 6
81 40 1 1
81 50 1 14
81 61 1 4
81 67 1 17
81 76 1 17
81 77 1 10
81 80 1 18
82 0 1 3
82 2 1 10
82 7 1 13
82 10 1 7
82 11 1 12
82 15 1 4
82 18 1 18
82 22 1 3
82 26 1 12
82 30 1 10
82 32 1 11
82 46 1 15
82 53 1 17
82 57 1 10
82 58 1 9
82 64 1 3
82 67 1 8
82 72 1 14
82 78 1 14
82 86 1 12
82 90 1 13
83 6 1 11
83 15 1 17
83 22 1 5
83 32 1 17
83 35 1 2
83 38 1 9
83 48 1 4
83 49 1 17
83 51 1 20
83 62 1 19
83 64 1 4
83 79 1 6
83 80 1 11
83 86 1 19
84 1 1 13
84 11 1 5
84 12 1 5
84 14 1 16
84 19 1 9
84 23 1 9
84 32 1 1
84 33 1 2
84 42 1 3
84 45 1 1
84 46 1 11
84 47 1 16
84 58 1 19
84 65 1 5
84 69 1 14
84 72 1 20
84 75 1 3
84 82 1 18
84 86 1 17
84 90 1 11
84 94 1 5
84 96 1 9
84 98 1 12
84 99 1 20
85 10 1 8
85 17 1 14
85 20 1 10
85 21 1 4
85 23 1 9
85 26 1 6
85 34 1 18
85 39 1 4
85 44 1 4
85 47 1 10
85 52 1 3
85 57 1 4
85 68 1 2
85 74 1 7
85 88 1 6
85 96 1 11
85 97 1 10
86 0 1 2
86 2 1 9
86 3 1 10
86 7 1 3
86 10 1 7
86 11 1 19
86 14 1 4
86 17 1 9
86 18 1 4
86 19 1 16
86 21 1 9
86 22 1 5
86 23 1 17
86 24 1 16
86 28 1 9
86 30 1 7
86 31 1 3
86 32 1 12
86 34 1 15
86 36 1 11
86 38 1 10
86 39 1 10
86 46 1 8
86 48 1 18
86 49 1 20
86 50 1 16
86 52 1 14
86 55 1 16
86 58 1 6
86 61 1 13
86 62 1 16
86 63 1 9
86 64 1 16
86 65 1 9
86 67 1 2
86 68 1 10
86 76 1 2
86 77 1 15
86 90 1 19
87 7 1 15
87 10 1 3
87 17 1 6
87 18 1 5
87 21 1 12
87 24 1 6
87 25 1 14
87 34 1 4
87 38 1 1
87 40 1 17
87 42 1 17
87 44 1 4
87 63 1 4
87 68 1 19
87 73 1 8
87 76 1 18
87 81 1 4
87 86 1 11
87 88 1 10
87 96 1 4
87 97 1 4
88 7 1 9
88 18 1 13
88 20 1 10
88 26 1 20
88 30 1 14
88 39 1 6
88 40 1 13
88 42 1 5
88 48 1 1
88 50 1 15
88 67 1 12
88 70 1 12
88 73 1 2
88 86 1 8
88 89 1 19
88 96 1 18
88 97 1 11
89 10 1 5
89 17 1 10
89 20 1 20
89 21 1 7
89 25 1 11
89 26 1 4
89 33 1 20
89 41 1 17
89 42 1 12
89 43 1 7
89 44 1 9
89 47 1 19
89 57 1 13
89 85 1 7
89 93 1 13
89 95 1 5
90 1 1 16
90 6 1 8
90 12 1 10
90 15 1 8
90 19 1 5
90 28 1 14
90 32 1 7
90 35 1 1
90 38 1 6
90 42 1 4
90 48 1 9
90 51 1 18
90 54 1 9
90 55 1 4
90 57 1 17
90 59 1 5
90 61 1 2
90 62 1 11
90 64 1 18
90 66 1 18
90 68 1 3
90 72 1 11
90 75 1 17
90 77 1 7
90 79 1 17
90 83 1 10
90 92 1 6
90 93 1 3
90 96 1 3
90 97 1 6
90 98 1 17
90 99 1 5
91 22 1 15
91 30 1 20
91 38 1 4
91 48 1 4
91 49 1 6
91 53 1 15
91 55 1 5
91 58 1 10
91 62 1 18
91 67 1 19
91 78 1 2
91 79 1 18
91 82 1 15
91 83 1 4
91 90 1 7
91 98 1 8
92 1 1 4
92 2 1 18
92 8 1 16
92 18 1 1
92 20 1 20
92 23 1 1
92 26 1 16
92 30 1 6
92 35 1 8
92 38 1 8
92 39 1 18
92 40 1 8
92 41 1 17
92 42 1 19
92 49 1 9
92 50 1 18
92 52 1 8
92 57 1 2
92 61 1 1
92 63 1 15
92 67 1 20
92 68 1 1
92 78 1 3
92 80 1 3
92 86 1 16
92 87 1 4
93 1 1 15
93 5 1 3
93 11 1 14
93 14 1 10
93 21 1 8
93 25 1 7
93 33 1 16
93 38 1 4
93 41 1 13
93 44 1 18
93 48 1 12
93 52 1 1
93 53 1 12
93 57 1 10
93 59 1 1
93 60 1 5
93 62 1 19
93 64 1 5
93 67 1 10
93 70 1 7
93 72 1 12
93 78 1 12
93 84 1 11
93 85 1 8
93 86 1 2
93 87 1 12
93 92 1 20
93 98 1 19
94 27 1 12
94 29 1 9
94 31 1 11
94 36 1 12
94 58 1 7
94 65 1 17
94 74 1 12
94 99 1 16
95 12 1 5
95 13 1 19
95 20 1 2
95 26 1 13
95 27 1 10
95 29 1 2
95 33 1 20
95 39 1 11
95 45 1 19
95 46 1 2
95 56 1 7
95 58 1 12
95 69 1 10
95 74 1 19
95 84 1 12
95 93 1 5
95 94 1 3
95 96 1 18
96 12 1 20
96 14 1 4
96 16 1 3
96 17 1 1
96 18 1 13
96 19 1 11
96 20 1 5
96 24 1 4
96 26 1 4
96 30 1 3
96 33 1 6
96 36 1 15
96 39 1 7
96 41 1 11
96 42 1 6
96 44 1 4
96 45 1 9
96 47 1 4
96 48 1 18
96 50 1 8
96 52 1 11
96 55 1 5
96 57 1 6
96 66 1 19
96 71 1 7
96 74 1 2
96 77 1 6
96 82 1 18
96 86 1 20
96 89 1 6
96 92 1 10
96 99 1 5
97 0 1 14
97 1 1 6
97 5 1 3
97 17 1 7
97 18 1 8
97 28 1 17
97 31 1 5
97 34 1 15
97 39 1 15
97 42 1 20
97 43 1 1
97 46 1 10
97 48 1 15
97 52 1 17
97 54 1 7
97 57 1 5
97 58 1 14
97 61 1 18
97 67 1 10
97 74 1 6
97 77 1 10
97 80 1 9
97 84 1 20
97 86 1 4
97 92 1 8
97 96 1 2
98 0 1 13
98 18 1 9
98 26 1 5
98 28 1 18
98 31 1 20
98 32 1 5
98 38 1 6
98 51 1 7
98 54 1 19
98 55 1 17
98 57 1 5
98 58 1 7
98 59 1 18
98 61 1 2
98 65 1 11
98 66 1 20
98 67 1 4
98 79 1 2
98 82 1 17
98 83 1 14
98 86 1 19
98 92 1 7
99 2 1 1
99 4 1 19
99 5 1 18
99 7 1 1
99 12 1 4
99 15 1 7
99 22 1 10
99 29 1 10
99 30 1 15
99 32 1 9
99 42 1 12
99 45 1 1
99 47 1 20
99 48 1 20
99 51 1 14
99 54 1 17
99 58 1 15
99 60 1 11
99 61 1 7
99 62 1 4
99 66 1 3
99 68 1 11
99 75 1 17
99 80 1 11
99 82 1 13
99 88 1 2
99 89 1 15
99 92 1 6
99 95 1 17
99 97 1 18
99 98 1 18
