0 19 2 3
0 51 6 5
0 89 2 2
1 93 8 2
2 30 7 5
2 32 4 3
2 53 7 1
2 65 1 2
2 73 2 4
3 6 2 3
3 21 4 3
3 32 5 1
3 53 4 5
3 56 2 5
3 60 1 2
4 7 3 5
4 12 3 4
4 85 2 2
4 93 7 3
5 20 3 2
5 79 6 4
5 80 1 1
5 95 6 2
6 32 5 2
6 37 8 2
6 38 6 1
6 53 3 1
6 56 2 1
6 67 6 4
8 28 7 4
8 33 5 1
8 42 5 2
8 43 4 5
8 46 6 2
8 71 6 4
8 87 4 3
9 24 8 5
9 54 7 4
10 5 7 1
10 77 3 5
11 80 6 5
12 1 5 1
12 2 7 3
12 39 1 2
12 85 4 2
12 97 5 3
13 2 6 2
13 6 5 5
13 65 4 3
13 96 8 4
13 97 4 4
14 28 6 1
14 45 2 5
14 88 5 4
14 95 1 1
15 27 3 1
15 41 3 5
15 54 6 1
15 57 4 3
15 76 8 5
15 99 5 1
16 8 7 5
16 25 6 1
16 29 6 4
16 52 1 3
16 69 2 4
16 87 7 1
17 3 3 1
17 8 8 2
17 16 8 2
17 25 1 5
17 29 1 2
17 37 4 2
17 46 8 2
17 53 8 1
17 60 8 2
18 16 1 5
18 26 6 3
18 75 1 2
19 10 2 3
20 90 5 5
21 1 7 2
21 17 7 5
21 22 8 5
21 29 7 2
21 42 3 1
21 53 1 3
21 60 1 2
21 75 5 1
21 78 7 3
22 55 6 3
22 75 5 3
23 18 7 1
23 26 7 5
23 40 1 5
23 66 8 4
23 71 1 2
23 74 8 4
24 15 3 3
24 36 4 5
24 41 7 2
24 49 6 5
24 68 3 5
24 76 5 1
25 35 8 5
25 71 3 2
25 78 5 2
25 87 5 5
26 50 3 5
26 66 2 2
26 69 1 1
26 71 6 2
27 38 1 1
27 41 4 5
27 54 8 2
27 76 7 4
28 45 4 2
28 84 5 5
28 86 7 1
28 87 4 4
29 3 1 5
29 8 6 2
29 25 2 3
29 33 1 1
29 35 3 1
29 46 2 4
29 53 3 2
29 56 3 2
29 73 6 5
29 78 8 5
30 34 8 2
30 38 1 5
30 49 6 2
31 2 1 5
31 6 4 5
31 13 4 4
31 65 6 1
31 72 2 3
31 96 4 2
31 97 2 5
32 12 1 2
32 31 5 1
32 37 1 5
32 53 7 4
32 65 6 5
32 67 4 2
32 97 5 5
33 16 8 4
33 17 4 5
33 25 4 4
33 37 1 3
33 42 5 1
33 56 4 3
33 60 7 5
33 73 8 3
34 13 2 2
34 31 7 1
34 72 5 5
34 96 1 3
35 3 4 5
35 8 5 3
35 16 1 1
35 17 2 3
35 33 2 2
35 37 4 3
35 42 6 3
35 75 7 4
35 92 5 4
36 54 8 3
36 76 6 2
37 2 4 1
37 3 7 5
37 29 4 4
37 42 1 3
37 46 4 4
38 15 1 3
38 24 6 1
38 62 4 5
38 67 4 1
38 76 8 2
39 4 6 1
39 65 7 2
39 85 5 1
39 91 3 3
39 93 6 1
39 97 4 1
40 18 7 2
40 22 3 5
40 55 3 1
40 75 4 4
41 47 3 5
41 54 5 1
41 98 5 3
41 99 2 5
42 3 5 5
42 16 4 2
42 25 7 2
42 56 6 1
42 60 4 4
42 73 3 1
42 78 5 4
43 25 4 3
43 42 5 3
43 45 8 5
43 87 6 4
43 88 8 1
44 4 1 4
44 7 4 2
45 84 7 1
45 86 7 2
46 3 8 5
46 16 5 2
46 25 3 4
46 43 7 5
46 78 1 4
46 87 7 2
47 15 1 4
47 34 3 4
47 36 1 3
47 49 7 1
47 54 5 1
47 68 5 3
47 76 6 2
47 81 5 4
47 82 2 3
48 19 8 3
48 80 6 1
49 34 3 5
49 36 2 1
49 54 8 2
49 82 3 4
49 96 4 3
50 23 4 4
50 51 2 3
50 58 2 1
50 66 2 4
51 23 3 5
51 26 4 3
51 66 6 2
51 69 5 4
52 28 5 5
52 43 6 4
52 46 4 3
52 69 3 1
52 87 6 3
52 89 3 5
53 33 1 3
53 42 7 5
53 56 4 5
53 60 1 4
53 73 2 5
54 24 2 3
54 34 6 5
54 76 7 1
54 82 2 1
55 18 1 1
55 63 4 2
55 75 8 1
56 2 1 5
56 25 5 5
56 32 2 2
56 35 8 1
56 37 2 4
56 73 3 3
57 41 2 5
57 62 8 1
57 99 8 5
58 0 2 2
58 51 1 1
58 89 1 1
59 9 2 3
59 24 1 3
59 34 8 5
59 36 2 2
59 47 1 3
59 54 3 3
59 68 4 2
59 96 4 3
60 1 7 4
60 37 8 1
60 46 5 4
60 56 7 4
61 77 1 5
62 24 2 5
62 27 5 1
62 76 3 5
62 84 8 4
63 23 1 5
63 40 5 1
63 75 8 3
63 92 7 4
64 7 4 4
64 44 8 2
65 12 3 3
65 53 8 4
67 2 5 4
67 30 6 3
67 31 7 2
67 34 3 1
67 98 3 2
68 34 3 3
68 36 2 4
68 49 7 5
68 54 3 5
69 18 6 4
69 23 1 1
69 25 1 4
69 50 4 1
69 71 1 3
69 92 6 5
70 16 4 1
70 18 1 2
70 23 2 4
70 63 7 4
70 66 1 2
70 69 2 5
70 71 8 4
70 75 3 5
71 16 2 4
71 18 5 5
71 50 3 1
71 51 8 5
71 66 3 5
72 13 2 3
72 30 6 4
72 91 4 4
73 3 4 4
73 6 8 5
73 32 4 3
73 37 5 3
73 46 8 2
73 67 8 3
74 26 5 1
74 51 2 2
74 66 5 2
75 16 1 2
75 23 4 4
75 78 4 1
75 92 8 5
76 41 4 1
76 98 4 1
76 99 2 1
78 3 5 2
78 8 6 2
78 16 7 3
78 33 5 5
78 35 8 5
78 56 8 1
78 60 1 5
78 70 7 4
78 92 5 4
79 10 5 1
79 14 4 3
79 20 1 2
79 45 2 5
79 48 1 3
79 80 6 1
79 90 2 5
79 94 6 1
80 10 8 2
80 77 6 3
80 95 4 3
81 9 6 1
82 24 3 4
82 30 5 1
82 36 8 3
82 59 7 4
83 1 6 2
83 22 8 4
83 64 4 5
83 75 8 5
84 14 2 3
84 79 7 4
84 88 3 1
84 95 6 5
85 93 8 1
85 97 7 5
86 43 8 5
86 79 6 1
86 84 6 1
86 95 2 2
87 71 5 4
88 28 3 4
88 45 1 5
88 79 8 2
89 19 7 4
89 48 5 3
89 87 2 3
90 5 3 2
90 80 2 5
90 95 1 4
91 12 6 2
91 85 7 5
91 93 7 5
92 16 1 2
92 17 8 1
92 18 2 1
92 21 5 3
92 22 7 3
92 40 5 2
92 70 7 1
93 7 4 1
93 12 5 3
93 64 5 4
93 65 5 5
93 97 7 3
94 5 8 1
94 10 5 2
94 14 1 5
94 20 8 5
94 48 2 3
95 20 2 2
95 28 2 5
95 45 5 3
95 79 7 3
95 88 4 3
95 94 5 1
96 67 7 4
96 72 5 2
96 82 4 4
97 91 7 2
98 15 2 2
98 24 3 4
98 27 3 2
98 38 5 1
98 62 4 2
99 62 8 3
