0 2 1 5
0 9 1 5
0 10 1 5
0 19 1 5
0 23 1 5
0 40 1 1
0 41 1 2
0 47 1 2
0 50 1 5
0 57 1 4
0 63 1 5
0 69 1 1
0 71 1 2
0 74 1 3
0 86 1 4
0 88 1 3
0 91 1 2
0 94 1 4
1 3 1 2
1 5 1 3
1 8 1 4
1 14 1 4
1 15 1 1
1 16 1 2
1 17 1 5
1 19 1 5
1 21 1 4
1 23 1 4
1 31 1 5
1 32 1 5
1 33 1 2
1 35 1 4
1 38 1 1
1 40 1 5
1 41 1 4
1 42 1 2
1 43 1 3
1 44 1 4
1 48 1 4
1 52 1 4
1 62 1 2
1 63 1 5
1 67 1 3
1 69 1 2
1 79 1 3
1 81 1 3
1 84 1 5
1 92 1 5
1 98 1 2
2 1 1 4
2 3 1 5
2 9 1 1
2 10 1 2
2 15 1 5
2 32 1 2
2 37 1 1
2 40 1 5
2 45 1 3
2 50 1 1
2 55 1 5
2 63 1 2
2 68 1 5
2 73 1 3
2 78 1 4
2 84 1 3
2 86 1 4
2 88 1 2
2 94 1 3
2 98 1 2
3 0 1 4
3 8 1 4
3 13 1 2
3 15 1 5
3 22 1 5
3 23 1 1
3 32 1 5
3 37 1 2
3 40 1 3
3 41 1 2
3 49 1 4
3 50 1 5
3 55 1 4
3 65 1 2
3 66 1 1
3 70 1 3
3 74 1 3
3 75 1 1
3 78 1 3
3 82 1 1
3 86 1 2
3 89 1 3
3 90 1 3
3 91 1 3
3 96 1 5
3 98 1 1
4 1 1 1
4 5 1 4
4 6 1 4
4 8 1 5
4 9 1 2
4 13 1 2
4 15 1 2
4 25 1 5
4 28 1 4
4 29 1 3
4 33 1 1
4 37 1 4
4 39 1 4
4 40 1 5
4 41 1 3
4 49 1 5
4 53 1 3
4 58 1 1
4 59 1 3
4 71 1 1
4 73 1 1
4 78 1 2
4 87 1 1
4 88 1 2
4 89 1 2
4 90 1 3
4 91 1 4
4 94 1 4
4 95 1 1
5 6 1 3
5 12 1 2
5 15 1 4
5 18 1 3
5 20 1 2
5 25 1 1
5 26 1 3
5 31 1 1
5 32 1 1
5 33 1 1
5 38 1 4
5 42 1 5
5 45 1 3
5 50 1 3
5 51 1 5
5 59 1 5
5 62 1 2
5 64 1 2
5 78 1 2
5 79 1 4
5 82 1 1
5 85 1 5
5 88 1 4
5 94 1 4
5 95 1 4
6 7 1 1
6 11 1 5
6 16 1 5
6 18 1 1
6 21 1 2
6 27 1 3
6 28 1 1
6 34 1 4
6 38 1 2
6 39 1 1
6 40 1 2
6 42 1 2
6 44 1 5
6 45 1 5
6 49 1 4
6 53 1 3
6 54 1 4
6 58 1 4
6 67 1 3
6 69 1 3
6 76 1 5
6 80 1 2
6 81 1 3
6 92 1 5
6 95 1 3
7 5 1 1
7 12 1 5
7 15 1 4
7 26 1 4
7 28 1 3
7 33 1 2
7 34 1 2
7 35 1 3
7 39 1 2
7 58 1 3
7 59 1 2
7 64 1 3
7 77 1 5
7 79 1 3
8 2 1 1
8 5 1 3
8 12 1 1
8 18 1 2
8 19 1 2
8 21 1 5
8 23 1 5
8 26 1 2
8 27 1 3
8 28 1 5
8 29 1 3
8 32 1 4
8 33 1 1
8 35 1 1
8 36 1 5
8 37 1 1
8 45 1 1
8 49 1 3
8 51 1 1
8 52 1 3
8 53 1 1
8 56 1 4
8 58 1 4
8 59 1 2
8 60 1 3
8 62 1 1
8 65 1 4
8 66 1 4
8 73 1 5
8 77 1 1
8 78 1 3
8 80 1 3
8 81 1 5
8 84 1 5
8 87 1 3
8 88 1 5
8 91 1 4
8 96 1 3
8 97 1 4
9 1 1 4
9 3 1 3
9 8 1 4
9 13 1 5
9 20 1 2
9 25 1 5
9 26 1 5
9 33 1 4
9 37 1 2
9 41 1 4
9 42 1 5
9 47 1 3
9 57 1 4
9 59 1 1
9 66 1 1
9 69 1 4
9 78 1 1
9 82 1 1
9 89 1 4
9 90 1 1
9 91 1 2
9 94 1 3
9 96 1 1
9 99 1 3
10 1 1 1
10 3 1 3
10 17 1 1
10 19 1 5
10 32 1 2
10 37 1 5
10 41 1 4
10 48 1 5
10 54 1 5
10 68 1 1
10 69 1 2
10 74 1 1
10 83 1 1
10 84 1 1
10 86 1 5
10 89 1 2
11 1 1 3
11 8 1 1
11 12 1 5
11 17 1 1
11 21 1 5
11 22 1 5
11 26 1 1
11 27 1 4
11 32 1 3
11 35 1 1
11 38 1 2
11 39 1 1
11 48 1 5
11 49 1 4
11 56 1 3
11 57 1 3
11 60 1 5
11 61 1 5
11 64 1 1
11 67 1 1
11 69 1 2
11 75 1 5
11 76 1 5
11 79 1 5
11 80 1 1
11 81 1 2
11 83 1 4
11 85 1 5
11 89 1 4
11 92 1 1
11 97 1 3
12 4 1 4
12 14 1 1
12 15 1 3
12 20 1 5
12 21 1 5
12 23 1 5
12 26 1 2
12 33 1 3
12 34 1 4
12 38 1 4
12 46 1 1
12 47 1 4
12 56 1 2
12 59 1 5
12 64 1 4
12 72 1 1
12 79 1 4
12 85 1 5
12 87 1 3
12 90 1 3
12 95 1 2
12 98 1 5
13 8 1 1
13 23 1 1
13 25 1 5
13 26 1 5
13 37 1 5
13 41 1 2
13 45 1 1
13 47 1 3
13 55 1 3
13 58 1 4
13 59 1 5
13 66 1 2
13 72 1 5
13 87 1 1
13 88 1 2
13 90 1 3
13 91 1 2
13 94 1 1
13 96 1 1
13 99 1 5
14 2 1 2
14 3 1 3
14 4 1 1
14 5 1 4
14 8 1 4
14 11 1 4
14 16 1 2
14 17 1 4
14 27 1 1
14 29 1 4
14 31 1 1
14 32 1 1
14 45 1 5
14 50 1 5
14 51 1 4
14 55 1 3
14 60 1 1
14 64 1 2
14 65 1 2
14 69 1 4
14 70 1 5
14 74 1 2
14 76 1 1
14 85 1 4
14 86 1 3
14 88 1 1
14 90 1 2
14 92 1 1
15 6 1 5
15 8 1 5
15 9 1 4
15 11 1 5
15 14 1 2
15 18 1 5
15 27 1 1
15 29 1 3
15 30 1 2
15 31 1 3
15 32 1 2
15 35 1 3
15 37 1 1
15 40 1 1
15 42 1 4
15 44 1 4
15 45 1 1
15 47 1 1
15 49 1 4
15 60 1 5
15 64 1 4
15 67 1 1
15 69 1 5
15 72 1 4
15 75 1 3
15 77 1 3
15 80 1 2
15 82 1 2
15 83 1 5
15 88 1 3
15 89 1 5
15 90 1 5
15 94 1 4
15 95 1 4
15 97 1 5
16 15 1 1
16 32 1 2
16 38 1 1
16 39 1 1
16 49 1 2
16 53 1 2
16 54 1 1
16 57 1 4
16 60 1 4
16 62 1 4
16 76 1 3
16 89 1 5
17 5 1 2
17 6 1 4
17 8 1 4
17 12 1 5
17 15 1 5
17 16 1 1
17 19 1 4
17 26 1 5
17 28 1 5
17 35 1 3
17 39 1 1
17 40 1 2
17 43 1 4
17 44 1 3
17 46 1 4
17 48 1 3
17 49 1 3
17 51 1 5
17 53 1 3
17 56 1 2
17 58 1 1
17 60 1 2
17 61 1 5
17 62 1 1
17 65 1 1
17 67 1 3
17 76 1 5
17 77 1 4
17 79 1 5
17 80 1 4
17 83 1 3
17 89 1 2
17 92 1 4
17 97 1 1
18 4 1 5
18 7 1 4
18 12 1 1
18 24 1 1
18 25 1 2
18 26 1 4
18 34 1 5
18 42 1 2
18 45 1 5
18 56 1 3
18 59 1 2
18 63 1 2
18 71 1 5
18 72 1 1
18 75 1 4
18 77 1 1
18 82 1 3
18 87 1 2
18 93 1 3
18 94 1 4
18 99 1 4
19 2 1 2
19 22 1 2
19 48 1 1
19 54 1 4
19 55 1 1
19 60 1 2
19 61 1 3
19 70 1 1
19 75 1 5
19 83 1 3
19 85 1 1
19 86 1 1
19 88 1 4
19 89 1 4
20 4 1 4
20 8 1 5
20 15 1 5
20 18 1 5
20 24 1 2
20 33 1 4
20 40 1 1
20 42 1 2
20 45 1 4
20 50 1 4
20 58 1 4
20 63 1 2
20 64 1 2
20 66 1 3
20 72 1 1
20 90 1 4
20 94 1 5
21 5 1 1
21 14 1 1
21 15 1 3
21 16 1 1
21 17 1 2
21 24 1 4
21 27 1 2
21 28 1 4
21 30 1 2
21 32 1 4
21 36 1 3
21 39 1 2
21 43 1 3
21 46 1 2
21 56 1 1
21 61 1 4
21 62 1 4
21 77 1 5
21 92 1 4
21 93 1 3
21 97 1 3
21 98 1 5
22 0 1 5
22 1 1 2
22 5 1 1
22 8 1 4
22 10 1 2
22 13 1 5
22 14 1 1
22 15 1 4
22 17 1 5
22 29 1 4
22 32 1 4
22 33 1 2
22 37 1 2
22 39 1 4
22 41 1 1
22 42 1 5
22 45 1 1
22 46 1 2
22 51 1 3
22 54 1 5
22 57 1 1
22 58 1 2
22 60 1 1
22 62 1 4
22 63 1 4
22 65 1 1
22 68 1 4
22 74 1 5
22 75 1 1
22 77 1 3
22 79 1 5
22 89 1 1
23 2 1 1
23 4 1 4
23 9 1 2
23 11 1 4
23 14 1 5
23 15 1 5
23 17 1 3
23 18 1 5
23 19 1 5
23 20 1 1
23 21 1 2
23 22 1 3
23 25 1 3
23 26 1 1
23 32 1 2
23 33 1 2
23 40 1 3
23 41 1 1
23 45 1 2
23 46 1 2
23 47 1 2
23 51 1 5
23 56 1 4
23 57 1 1
23 59 1 1
23 63 1 1
23 73 1 4
23 83 1 4
23 86 1 2
23 98 1 5
23 99 1 1
24 5 1 5
24 6 1 3
24 7 1 2
24 15 1 3
24 28 1 1
24 33 1 2
24 39 1 1
24 59 1 1
24 77 1 5
24 93 1 3
25 8 1 5
25 33 1 2
25 41 1 1
25 45 1 2
25 47 1 3
25 58 1 2
25 66 1 1
25 73 1 5
25 78 1 4
25 82 1 4
25 87 1 4
25 88 1 2
25 96 1 1
25 99 1 2
26 2 1 3
26 4 1 4
26 14 1 4
26 20 1 3
26 22 1 5
26 24 1 1
26 25 1 4
26 28 1 5
26 32 1 5
26 34 1 2
26 35 1 5
26 42 1 5
26 47 1 5
26 49 1 2
26 62 1 5
26 66 1 5
26 75 1 3
26 85 1 4
26 87 1 5
26 89 1 5
26 96 1 5
26 98 1 4
26 99 1 3
27 1 1 2
27 5 1 4
27 16 1 1
27 17 1 2
27 22 1 4
27 23 1 5
27 28 1 5
27 31 1 3
27 32 1 4
27 35 1 3
27 46 1 4
27 60 1 2
27 61 1 1
27 79 1 5
27 85 1 1
27 88 1 1
27 89 1 3
27 97 1 2
27 98 1 4
28 1 1 4
28 12 1 3
28 14 1 2
28 15 1 2
28 18 1 5
28 20 1 4
28 22 1 3
28 32 1 1
28 36 1 1
28 38 1 2
28 40 1 3
28 42 1 3
28 45 1 5
28 46 1 2
28 47 1 3
28 51 1 1
28 53 1 2
28 64 1 3
28 65 1 4
28 67 1 3
28 77 1 1
28 80 1 1
28 81 1 1
28 87 1 1
28 88 1 4
28 89 1 2
28 95 1 2
28 96 1 2
29 0 1 4
29 1 1 1
29 2 1 5
29 9 1 4
29 10 1 3
29 13 1 1
29 20 1 4
29 23 1 2
29 25 1 3
29 26 1 2
29 37 1 1
29 45 1 3
29 47 1 5
29 55 1 1
29 57 1 1
29 58 1 4
29 59 1 1
29 68 1 3
29 69 1 4
29 71 1 2
29 74 1 4
29 82 1 5
29 96 1 1
29 98 1 4
30 6 1 2
30 16 1 4
30 27 1 3
30 31 1 2
30 38 1 2
30 44 1 3
30 46 1 4
30 49 1 3
30 53 1 4
30 61 1 3
30 65 1 3
30 75 1 3
30 85 1 3
30 97 1 5
31 11 1 2
31 12 1 3
31 16 1 2
31 17 1 1
31 28 1 2
31 34 1 3
31 36 1 2
31 49 1 4
31 53 1 1
31 62 1 3
31 67 1 4
31 75 1 4
31 76 1 4
31 79 1 3
31 81 1 4
32 6 1 2
32 17 1 3
32 19 1 5
32 31 1 5
32 38 1 2
32 40 1 4
32 41 1 1
32 45 1 2
32 46 1 4
32 48 1 1
32 49 1 1
32 51 1 3
32 52 1 3
32 53 1 3
32 57 1 4
32 58 1 2
32 61 1 1
32 65 1 1
32 69 1 4
32 70 1 1
32 74 1 3
32 76 1 1
32 77 1 2
32 79 1 3
32 80 1 5
32 81 1 3
32 84 1 3
32 85 1 5
32 86 1 4
32 90 1 1
32 94 1 3
32 96 1 3
32 98 1 5
33 6 1 2
33 13 1 3
33 18 1 2
33 28 1 5
33 40 1 4
33 42 1 2
33 45 1 1
33 50 1 2
33 56 1 4
33 58 1 3
33 59 1 3
33 63 1 1
33 73 1 3
33 75 1 2
33 79 1 1
33 89 1 3
33 93 1 2
33 95 1 3
33 97 1 3
33 99 1 5
34 5 1 4
34 11 1 1
34 15 1 4
34 21 1 5
34 24 1 1
34 35 1 4
34 39 1 5
34 44 1 3
34 64 1 4
34 77 1 4
34 80 1 2
34 81 1 4
35 5 1 5
35 6 1 5
35 12 1 5
35 14 1 1
35 16 1 3
35 21 1 3
35 24 1 1
35 30 1 4
35 31 1 2
35 39 1 2
35 46 1 1
35 49 1 4
35 53 1 4
35 59 1 4
35 77 1 4
35 79 1 4
35 81 1 5
35 92 1 1
35 95 1 1
36 1 1 2
36 6 1 2
36 14 1 3
36 15 1 2
36 16 1 3
36 19 1 1
36 22 1 3
36 32 1 4
36 38 1 2
36 40 1 3
36 51 1 5
36 54 1 1
36 59 1 1
36 60 1 4
36 61 1 1
36 70 1 3
36 77 1 2
36 79 1 1
36 85 1 3
36 88 1 2
37 0 1 2
37 14 1 5
37 19 1 4
37 23 1 5
37 25 1 5
37 32 1 3
37 47 1 5
37 58 1 2
37 59 1 3
37 65 1 2
37 68 1 2
37 73 1 5
37 74 1 3
37 75 1 3
37 85 1 2
37 86 1 2
37 90 1 5
37 96 1 2
37 99 1 4
38 8 1 1
38 15 1 4
38 21 1 5
38 27 1 1
38 31 1 1
38 34 1 3
38 35 1 5
38 39 1 5
38 44 1 1
38 46 1 5
38 48 1 1
38 49 1 5
38 56 1 4
38 60 1 1
38 62 1 2
38 67 1 1
38 76 1 1
38 77 1 1
38 98 1 2
39 1 1 3
39 8 1 2
39 12 1 5
39 14 1 5
39 18 1 5
39 26 1 4
39 27 1 1
39 30 1 2
39 32 1 2
39 36 1 2
39 40 1 2
39 42 1 3
39 44 1 2
39 46 1 3
39 48 1 5
39 52 1 4
39 53 1 2
39 54 1 5
39 60 1 4
39 61 1 3
39 62 1 5
39 63 1 5
39 67 1 4
39 75 1 4
39 76 1 1
39 78 1 1
39 79 1 2
39 80 1 5
39 83 1 1
39 85 1 3
39 89 1 1
39 90 1 4
39 92 1 4
39 97 1 1
40 5 1 4
40 8 1 3
40 9 1 1
40 10 1 4
40 11 1 5
40 13 1 2
40 14 1 3
40 19 1 4
40 22 1 3
40 27 1 2
40 29 1 5
40 46 1 2
40 47 1 1
40 48 1 4
40 49 1 4
40 50 1 5
40 51 1 3
40 54 1 3
40 57 1 5
40 60 1 5
40 64 1 5
40 66 1 2
40 75 1 4
40 78 1 4
40 79 1 3
40 83 1 5
40 85 1 3
40 88 1 1
40 94 1 3
40 97 1 3
40 98 1 2
41 2 1 2
41 8 1 2
41 19 1 2
41 26 1 5
41 37 1 2
41 42 1 5
41 47 1 4
41 55 1 2
41 57 1 1
41 59 1 5
41 63 1 3
41 68 1 2
41 82 1 3
41 84 1 5
41 88 1 5
41 91 1 4
41 94 1 1
41 96 1 3
42 0 1 1
42 2 1 5
42 3 1 3
42 4 1 5
42 8 1 2
42 12 1 5
42 14 1 4
42 23 1 4
42 25 1 1
42 29 1 2
42 32 1 3
42 37 1 4
42 40 1 4
42 47 1 4
42 49 1 4
42 50 1 3
42 51 1 4
42 53 1 5
42 58 1 4
42 64 1 4
42 65 1 5
42 69 1 5
42 72 1 5
42 79 1 4
42 82 1 5
42 84 1 4
42 85 1 2
42 86 1 5
42 90 1 4
42 94 1 3
42 96 1 3
42 98 1 3
42 99 1 5
43 6 1 1
43 11 1 5
43 14 1 2
43 16 1 4
43 27 1 3
43 30 1 2
43 31 1 2
43 36 1 3
43 38 1 4
43 39 1 5
43 62 1 3
43 67 1 5
43 75 1 2
43 79 1 5
43 80 1 3
43 83 1 4
43 92 1 5
43 97 1 3
43 98 1 4
44 5 1 3
44 12 1 4
44 14 1 5
44 21 1 3
44 27 1 3
44 28 1 3
44 31 1 3
44 32 1 4
44 35 1 4
44 36 1 5
44 46 1 5
44 48 1 5
44 53 1 2
44 60 1 5
44 65 1 4
44 77 1 3
44 79 1 3
44 80 1 4
44 83 1 5
44 85 1 4
44 92 1 4
44 97 1 4
45 0 1 4
45 3 1 2
45 4 1 4
45 9 1 2
45 12 1 1
45 26 1 1
45 37 1 3
45 39 1 5
45 41 1 3
45 42 1 1
45 46 1 3
45 58 1 5
45 66 1 5
45 69 1 4
45 71 1 4
45 72 1 1
45 73 1 5
45 82 1 4
45 86 1 4
45 89 1 2
45 91 1 1
45 94 1 1
45 96 1 3
45 98 1 4
45 99 1 1
46 1 1 3
46 5 1 5
46 14 1 1
46 15 1 5
46 16 1 3
46 19 1 5
46 26 1 4
46 31 1 3
46 42 1 5
46 48 1 5
46 49 1 5
46 52 1 5
46 56 1 5
46 59 1 4
46 61 1 4
46 67 1 1
46 75 1 4
46 78 1 5
46 80 1 4
46 90 1 5
46 97 1 5
46 98 1 2
47 4 1 4
47 5 1 2
47 20 1 2
47 22 1 1
47 33 1 4
47 49 1 3
47 50 1 1
47 57 1 1
47 63 1 4
47 65 1 2
47 66 1 5
47 71 1 3
47 75 1 1
47 79 1 4
47 86 1 2
47 87 1 1
47 89 1 4
47 99 1 2
48 8 1 1
48 14 1 2
48 16 1 2
48 27 1 1
48 30 1 5
48 31 1 3
48 43 1 1
48 51 1 2
48 52 1 5
48 59 1 4
48 62 1 4
48 65 1 4
48 74 1 2
48 77 1 1
48 79 1 3
48 80 1 4
48 85 1 2
48 88 1 5
48 97 1 1
48 98 1 3
49 1 1 2
49 12 1 5
49 14 1 4
49 19 1 2
49 22 1 4
49 27 1 3
49 28 1 5
49 34 1 2
49 36 1 5
49 39 1 3
49 43 1 1
49 44 1 1
49 48 1 4
49 51 1 4
49 58 1 4
49 59 1 2
49 60 1 4
49 61 1 1
49 62 1 1
49 65 1 1
49 69 1 2
49 78 1 4
49 79 1 1
49 80 1 1
49 81 1 2
49 83 1 1
49 89 1 5
49 92 1 5
49 94 1 2
49 96 1 3
49 97 1 5
49 98 1 4
50 1 1 2
50 9 1 2
50 18 1 4
50 22 1 5
50 23 1 1
50 25 1 1
50 26 1 4
50 28 1 5
50 29 1 5
50 32 1 2
50 37 1 3
50 41 1 3
50 45 1 5
50 58 1 4
50 63 1 3
50 71 1 4
50 78 1 4
50 87 1 3
50 96 1 2
50 97 1 1
50 98 1 1
50 99 1 4
51 6 1 3
51 11 1 4
51 12 1 5
51 15 1 2
51 16 1 1
51 19 1 1
51 21 1 2
51 26 1 3
51 30 1 3
51 31 1 1
51 33 1 4
51 34 1 2
51 35 1 5
51 38 1 1
51 45 1 3
51 46 1 4
51 53 1 1
51 54 1 5
51 59 1 3
51 60 1 2
51 65 1 5
51 69 1 3
51 77 1 4
51 80 1 1
51 93 1 4
51 97 1 5
52 2 1 2
52 6 1 5
52 15 1 3
52 16 1 2
52 19 1 1
52 22 1 3
52 36 1 2
52 40 1 1
52 49 1 4
52 51 1 2
52 54 1 4
52 62 1 3
52 67 1 5
52 70 1 1
52 74 1 3
52 75 1 5
52 79 1 5
52 80 1 1
52 83 1 4
52 84 1 3
52 88 1 3
53 5 1 2
53 11 1 5
53 12 1 3
53 14 1 1
53 15 1 3
53 21 1 4
53 23 1 4
53 26 1 4
53 27 1 3
53 33 1 2
53 34 1 3
53 36 1 2
53 38 1 1
53 40 1 2
53 46 1 2
53 49 1 5
53 54 1 5
53 57 1 2
53 58 1 2
53 60 1 5
53 64 1 5
53 67 1 3
53 69 1 2
53 75 1 1
53 76 1 5
53 80 1 5
53 83 1 2
53 85 1 4
53 90 1 1
53 93 1 5
53 98 1 3
54 1 1 4
54 3 1 3
54 8 1 5
54 11 1 3
54 14 1 3
54 17 1 5
54 27 1 5
54 46 1 3
54 48 1 2
54 49 1 5
54 57 1 2
54 60 1 2
54 62 1 2
54 65 1 3
54 67 1 2
54 74 1 5
54 80 1 4
54 83 1 2
54 88 1 4
54 89 1 2
54 98 1 5
55 9 1 3
55 10 1 1
55 22 1 4
55 23 1 3
55 32 1 2
55 40 1 5
55 50 1 3
55 57 1 3
55 63 1 2
55 65 1 4
55 66 1 5
55 68 1 3
55 86 1 2
55 94 1 2
56 5 1 2
56 6 1 1
56 7 1 3
56 14 1 2
56 16 1 4
56 26 1 5
56 27 1 1
56 28 1 5
56 30 1 4
56 31 1 2
56 35 1 3
56 39 1 1
56 43 1 2
56 44 1 5
56 49 1 5
56 51 1 4
56 53 1 3
56 64 1 1
56 75 1 2
56 92 1 2
57 1 1 1
57 4 1 1
57 5 1 3
57 6 1 2
57 8 1 4
57 10 1 3
57 13 1 2
57 14 1 1
57 15 1 1
57 17 1 1
57 26 1 5
57 27 1 1
57 28 1 3
57 36 1 4
57 37 1 1
57 39 1 5
57 45 1 3
57 46 1 5
57 50 1 3
57 65 1 4
57 66 1 1
57 73 1 1
57 77 1 1
57 78 1 1
57 80 1 5
57 83 1 1
57 84 1 1
57 85 1 3
57 86 1 4
57 90 1 3
57 94 1 2
57 96 1 3
57 98 1 4
58 1 1 5
58 2 1 3
58 5 1 3
58 9 1 1
58 14 1 2
58 15 1 1
58 18 1 4
58 21 1 5
58 23 1 2
58 24 1 5
58 26 1 5
58 28 1 2
58 40 1 5
58 41 1 4
58 46 1 5
58 47 1 5
58 51 1 1
58 57 1 1
58 59 1 3
58 63 1 2
58 64 1 1
58 71 1 1
58 73 1 2
58 75 1 3
58 77 1 3
58 79 1 4
58 85 1 3
58 88 1 1
58 89 1 4
58 90 1 1
58 91 1 5
58 93 1 4
58 96 1 5
59 3 1 1
59 6 1 1
59 11 1 4
59 14 1 2
59 15 1 4
59 17 1 4
59 21 1 1
59 22 1 5
59 28 1 2
59 31 1 3
59 32 1 5
59 34 1 5
59 42 1 1
59 47 1 5
59 56 1 1
59 57 1 4
59 62 1 4
59 63 1 4
59 64 1 2
59 77 1 2
59 80 1 4
59 81 1 5
59 85 1 1
59 86 1 2
59 88 1 2
59 89 1 1
59 93 1 1
59 94 1 1
59 96 1 2
60 1 1 1
60 3 1 4
60 6 1 2
60 10 1 5
60 21 1 3
60 23 1 4
60 30 1 5
60 31 1 5
60 43 1 3
60 48 1 5
60 52 1 2
60 57 1 2
60 59 1 4
60 62 1 2
60 65 1 2
60 74 1 3
60 83 1 2
60 88 1 1
60 89 1 3
60 98 1 3
61 1 1 2
61 6 1 3
61 14 1 3
61 15 1 2
61 16 1 4
61 35 1 4
61 43 1 1
61 44 1 5
61 48 1 2
61 51 1 3
61 52 1 2
61 57 1 5
61 60 1 5
61 77 1 2
61 79 1 1
61 81 1 2
61 83 1 5
61 85 1 3
61 97 1 5
61 98 1 2
62 2 1 1
62 3 1 4
62 6 1 5
62 10 1 3
62 12 1 3
62 15 1 5
62 28 1 5
62 32 1 5
62 35 1 5
62 36 1 5
62 45 1 3
62 46 1 3
62 53 1 4
62 57 1 1
62 61 1 1
62 67 1 3
62 74 1 2
62 75 1 5
62 76 1 3
62 77 1 4
62 78 1 1
62 79 1 1
62 80 1 3
62 81 1 1
62 83 1 5
62 90 1 4
62 92 1 2
62 98 1 2
63 3 1 1
63 5 1 1
63 8 1 1
63 13 1 4
63 14 1 3
63 15 1 3
63 28 1 3
63 29 1 2
63 32 1 1
63 37 1 2
63 40 1 4
63 49 1 4
63 51 1 2
63 57 1 3
63 71 1 4
63 72 1 2
63 73 1 5
63 77 1 1
63 78 1 3
63 79 1 5
63 84 1 2
63 85 1 5
63 86 1 3
63 87 1 2
63 88 1 1
63 89 1 1
63 91 1 1
63 97 1 1
64 1 1 5
64 4 1 5
64 6 1 1
64 17 1 3
64 18 1 4
64 21 1 4
64 23 1 1
64 31 1 3
64 33 1 1
64 38 1 4
64 39 1 2
64 45 1 1
64 47 1 5
64 62 1 1
64 85 1 3
64 92 1 5
64 97 1 4
64 98 1 4
65 2 1 1
65 5 1 2
65 6 1 2
65 11 1 4
65 15 1 3
65 27 1 1
65 29 1 4
65 31 1 5
65 36 1 2
65 41 1 2
65 45 1 5
65 46 1 3
65 50 1 1
65 52 1 4
65 53 1 3
65 58 1 5
65 59 1 2
65 61 1 5
65 62 1 2
65 63 1 1
65 74 1 4
65 89 1 2
65 90 1 5
65 94 1 3
65 97 1 5
66 2 1 1
66 4 1 1
66 22 1 1
66 23 1 3
66 29 1 4
66 33 1 5
66 37 1 3
66 41 1 1
66 42 1 4
66 50 1 1
66 58 1 2
66 59 1 1
66 88 1 3
66 90 1 2
66 96 1 4
66 99 1 3
67 14 1 2
67 27 1 3
67 30 1 5
67 35 1 3
67 36 1 3
67 44 1 1
67 48 1 4
67 49 1 1
67 60 1 5
67 61 1 5
67 76 1 5
67 77 1 5
67 80 1 3
67 92 1 5
67 98 1 2
68 0 1 3
68 3 1 2
68 19 1 5
68 52 1 2
68 57 1 1
68 65 1 2
68 70 1 3
68 86 1 4
69 2 1 5
69 3 1 3
69 5 1 1
69 8 1 3
69 17 1 3
69 19 1 5
69 22 1 4
69 23 1 2
69 26 1 1
69 27 1 5
69 28 1 1
69 36 1 3
69 37 1 4
69 47 1 1
69 48 1 2
69 52 1 2
69 57 1 1
69 59 1 4
69 62 1 2
69 63 1 3
69 65 1 2
69 68 1 5
69 74 1 1
69 75 1 4
69 78 1 3
69 79 1 4
69 82 1 2
69 83 1 1
69 89 1 3
69 96 1 2
69 97 1 3
70 16 1 1
70 22 1 3
70 40 1 4
70 57 1 2
70 61 1 2
70 62 1 5
70 65 1 1
70 69 1 4
70 74 1 2
70 83 1 2
71 8 1 2
71 9 1 3
71 13 1 5
71 20 1 4
71 25 1 2
71 26 1 5
71 33 1 5
71 37 1 4
71 40 1 5
71 41 1 3
71 42 1 4
71 66 1 2
71 72 1 5
71 78 1 3
71 82 1 5
71 86 1 1
71 87 1 2
71 96 1 4
71 99 1 2
72 4 1 4
72 5 1 4
72 8 1 4
72 23 1 1
72 25 1 3
72 26 1 2
72 28 1 2
72 29 1 2
72 33 1 3
72 37 1 2
72 40 1 2
72 58 1 5
72 64 1 3
72 66 1 5
72 73 1 3
72 82 1 5
72 87 1 4
72 88 1 3
72 96 1 3
72 99 1 1
73 0 1 1
73 9 1 1
73 13 1 3
73 20 1 1
73 22 1 5
73 26 1 3
73 29 1 5
73 40 1 2
73 42 1 5
73 55 1 1
73 59 1 3
73 66 1 3
73 69 1 4
73 71 1 3
73 86 1 2
73 87 1 4
73 88 1 3
73 90 1 5
73 94 1 3
73 96 1 5
74 2 1 5
74 19 1 3
74 40 1 3
74 55 1 4
74 68 1 4
74 85 1 4
74 96 1 2
75 1 1 4
75 2 1 4
75 4 1 2
75 5 1 1
75 6 1 3
75 8 1 1
75 14 1 2
75 16 1 5
75 20 1 2
75 21 1 5
75 24 1 5
75 27 1 3
75 29 1 2
75 34 1 4
75 36 1 1
75 38 1 3
75 42 1 5
75 44 1 4
75 45 1 3
75 48 1 3
75 49 1 2
75 51 1 2
75 57 1 3
75 61 1 4
75 63 1 3
75 65 1 5
75 72 1 2
75 76 1 2
75 78 1 3
75 81 1 2
75 82 1 4
75 93 1 2
75 95 1 3
75 96 1 2
75 98 1 1
76 1 1 1
76 8 1 4
76 15 1 4
76 27 1 5
76 28 1 3
76 30 1 3
76 35 1 4
76 36 1 3
76 43 1 3
76 44 1 4
76 46 1 2
76 48 1 5
76 49 1 3
76 51 1 3
76 54 1 2
76 60 1 5
76 61 1 3
76 65 1 2
76 79 1 3
76 83 1 5
76 85 1 4
76 89 1 2
76 97 1 3
77 1 1 4
77 5 1 3
77 6 1 1
77 11 1 2
77 12 1 3
77 16 1 3
77 23 1 3
77 26 1 3
77 27 1 4
77 30 1 3
77 33 1 1
77 40 1 2
77 42 1 1
77 43 1 1
77 45 1 4
77 46 1 3
77 49 1 1
77 53 1 5
77 60 1 5
77 64 1 2
77 75 1 5
77 79 1 3
77 85 1 5
77 88 1 5
77 89 1 3
77 92 1 3
77 97 1 1
77 98 1 5
78 6 1 5
78 12 1 4
78 14 1 2
78 15 1 3
78 18 1 4
78 23 1 1
78 26 1 5
78 29 1 1
78 32 1 1
78 33 1 1
78 37 1 5
78 41 1 5
78 42 1 2
78 45 1 1
78 53 1 3
78 64 1 1
78 65 1 4
78 66 1 4
78 72 1 1
78 73 1 5
78 77 1 2
78 79 1 2
78 85 1 4
78 86 1 4
78 87 1 2
78 90 1 3
78 91 1 3
78 96 1 4
78 97 1 4
78 99 1 3
79 4 1 5
79 6 1 1
79 8 1 4
79 14 1 5
79 18 1 5
79 21 1 4
79 23 1 1
79 26 1 2
79 28 1 2
79 34 1 2
79 38 1 1
79 45 1 1
79 46 1 1
79 51 1 3
79 54 1 1
79 60 1 3
79 64 1 4
79 65 1 4
79 67 1 5
79 75 1 2
79 85 1 3
79 88 1 5
79 90 1 5
79 93 1 2
79 96 1 3
79 97 1 4
79 98 1 2
80 1 1 2
80 14 1 2
80 16 1 5
80 21 1 1
80 23 1 2
80 30 1 3
80 31 1 3
80 35 1 1
80 38 1 2
80 40 1 3
80 56 1 3
80 60 1 3
80 61 1 3
80 64 1 3
80 77 1 5
80 81 1 1
80 83 1 3
80 85 1 5
80 88 1 4
80 97 1 1
80 98 1 1
81 5 1 3
81 12 1 2
81 14 1 2
81 15 1 2
81 16 1 3
81 17 1 4
81 21 1 4
81 26 1 2
81 27 1 3
81 36 1 2
81 39 1 2
81 43 1 3
81 44 1 3
81 46 1 4
81 51 1 1
81 53 1 3
81 56 1 5
81 60 1 2
81 64 1 3
81 67 1 3
81 76 1 5
81 77 1 3
81 79 1 4
81 85 1 4
81 93 1 2
81 97 1 5
81 98 1 4
82 0 1 5
82 4 1 1
82 8 1 3
82 13 1 5
82 20 1 2
82 22 1 4
82 23 1 5
82 26 1 1
82 37 1 4
82 47 1 5
82 50 1 2
82 57 1 5
82 58 1 3
82 59 1 4
82 65 1 1
82 78 1 2
82 86 1 3
82 90 1 1
82 96 1 3
83 1 1 3
83 3 1 3
83 8 1 4
83 14 1 4
83 16 1 2
83 22 1 2
83 27 1 3
83 30 1 3
83 31 1 2
83 36 1 1
83 46 1 1
83 48 1 1
83 51 1 3
83 67 1 2
83 74 1 2
83 75 1 3
83 79 1 5
83 88 1 3
84 0 1 1
84 3 1 4
84 13 1 3
84 14 1 1
84 19 1 1
84 22 1 4
84 23 1 1
84 37 1 5
84 50 1 1
84 55 1 1
84 65 1 5
84 68 1 4
84 69 1 2
84 74 1 4
84 82 1 2
84 88 1 2
84 96 1 1
84 97 1 2
85 1 1 4
85 2 1 3
85 3 1 1
85 6 1 2
85 15 1 5
85 16 1 2
85 17 1 4
85 21 1 1
85 22 1 3
85 23 1 4
85 28 1 4
85 31 1 2
85 35 1 4
85 38 1 1
85 43 1 5
85 46 1 5
85 54 1 3
85 60 1 4
85 62 1 1
85 65 1 1
85 69 1 5
85 75 1 5
85 83 1 5
85 86 1 1
85 88 1 2
85 92 1 4
85 96 1 1
86 1 1 5
86 9 1 3
86 13 1 1
86 22 1 3
86 29 1 3
86 40 1 2
86 50 1 2
86 58 1 3
86 66 1 5
86 69 1 4
86 74 1 5
86 84 1 1
86 88 1 2
86 89 1 4
86 90 1 4
86 94 1 1
86 97 1 1
87 15 1 2
87 20 1 4
87 23 1 5
87 42 1 3
87 45 1 2
87 58 1 3
87 59 1 5
87 75 1 3
87 82 1 4
87 88 1 2
87 90 1 5
88 1 1 5
88 3 1 2
88 6 1 1
88 12 1 5
88 18 1 1
88 20 1 4
88 21 1 5
88 29 1 4
88 32 1 2
88 33 1 1
88 39 1 1
88 45 1 3
88 46 1 1
88 47 1 4
88 50 1 2
88 51 1 3
88 53 1 3
88 55 1 3
88 62 1 2
88 64 1 4
88 69 1 2
88 71 1 3
88 75 1 2
88 78 1 4
88 89 1 2
89 0 1 5
89 1 1 4
89 2 1 3
89 6 1 1
89 8 1 5
89 12 1 1
89 13 1 5
89 14 1 1
89 29 1 2
89 31 1 1
89 37 1 4
89 40 1 2
89 42 1 5
89 46 1 1
89 50 1 2
89 51 1 3
89 52 1 3
89 53 1 4
89 55 1 4
89 57 1 2
89 61 1 2
89 62 1 3
89 64 1 4
89 66 1 2
89 70 1 1
89 74 1 2
89 78 1 2
89 80 1 2
89 83 1 3
89 84 1 1
89 85 1 4
89 98 1 3
90 0 1 5
90 1 1 1
90 2 1 4
90 5 1 3
90 8 1 4
90 22 1 3
90 25 1 5
90 26 1 4
90 28 1 5
90 33 1 4
90 41 1 3
90 47 1 3
90 49 1 5
90 63 1 2
90 64 1 3
90 71 1 1
90 72 1 5
90 75 1 1
90 77 1 3
90 84 1 1
90 88 1 5
90 89 1 5
90 94 1 2
90 96 1 4
90 97 1 1
91 2 1 4
91 22 1 1
91 23 1 3
91 25 1 5
91 29 1 3
91 37 1 3
91 40 1 2
91 47 1 5
91 50 1 1
91 55 1 4
91 65 1 5
91 66 1 4
91 69 1 5
91 73 1 2
91 84 1 4
91 86 1 4
91 89 1 2
91 90 1 2
91 96 1 5
91 99 1 5
92 5 1 4
92 8 1 4
92 12 1 4
92 15 1 3
92 27 1 5
92 28 1 3
92 30 1 4
92 31 1 1
92 34 1 2
92 36 1 4
92 46 1 5
92 51 1 3
92 53 1 4
92 59 1 1
92 60 1 2
92 79 1 4
92 80 1 5
92 93 1 1
92 98 1 3
93 4 1 1
93 6 1 1
93 7 1 5
93 12 1 5
93 15 1 3
93 26 1 1
93 28 1 2
93 34 1 1
93 38 1 5
93 49 1 5
93 64 1 2
93 77 1 5
93 95 1 4
94 8 1 3
94 19 1 1
94 22 1 2
94 23 1 3
94 25 1 2
94 28 1 5
94 29 1 3
94 33 1 4
94 37 1 4
94 47 1 1
94 58 1 1
94 63 1 3
94 66 1 1
94 71 1 4
94 72 1 2
94 75 1 2
94 78 1 5
94 79 1 4
94 85 1 1
94 87 1 2
94 88 1 1
94 89 1 4
94 98 1 4
94 99 1 2
95 18 1 5
95 21 1 1
95 24 1 3
95 26 1 5
95 34 1 5
95 39 1 2
95 53 1 5
95 56 1 4
95 59 1 1
95 64 1 1
95 79 1 1
95 81 1 1
95 87 1 4
96 1 1 2
96 4 1 3
96 10 1 2
96 14 1 2
96 15 1 2
96 20 1 2
96 23 1 1
96 33 1 1
96 40 1 4
96 47 1 3
96 55 1 2
96 63 1 3
96 87 1 1
96 88 1 4
96 94 1 2
96 97 1 5
96 98 1 5
96 99 1 2
97 1 1 2
97 2 1 2
97 3 1 4
97 4 1 3
97 5 1 2
97 6 1 1
97 9 1 1
97 10 1 2
97 14 1 5
97 16 1 2
97 22 1 5
97 23 1 3
97 26 1 1
97 29 1 2
97 31 1 5
97 35 1 5
97 36 1 2
97 37 1 4
97 38 1 1
97 41 1 1
97 42 1 4
97 45 1 3
97 47 1 4
97 52 1 1
97 53 1 1
97 54 1 2
97 58 1 2
97 60 1 4
97 67 1 3
97 74 1 3
97 75 1 4
97 82 1 4
97 83 1 1
97 85 1 2
97 89 1 3
97 92 1 4
97 94 1 2
97 98 1 1
98 8 1 4
98 10 1 5
98 14 1 1
98 16 1 4
98 17 1 2
98 19 1 5
98 22 1 3
98 37 1 3
98 39 1 4
98 44 1 5
98 56 1 1
98 58 1 2
98 63 1 5
98 65 1 4
98 69 1 1
98 70 1 1
98 74 1 5
98 76 1 4
98 78 1 4
98 84 1 4
98 85 1 4
98 86 1 1
98 88 1 5
99 4 1 3
99 20 1 2
99 29 1 2
99 41 1 1
99 58 1 2
99 59 1 4
99 63 1 4
99 73 1 3
99 82 1 1
99 87 1 4
99 90 1 4
