0 1 3 1
0 2 1 1
0 3 3 1
0 5 2 1
0 7 2 1
0 14 2 1
0 17 2 1
0 18 7 1
0 21 2 1
0 22 2 1
0 26 6 1
0 27 8 1
0 28 1 1
0 30 6 1
0 31 1 1
0 38 3 1
0 39 6 1
0 41 7 1
0 51 1 1
0 53 5 1
0 54 1 1
0 59 4 1
0 60 1 1
0 61 1 1
0 68 6 1
0 70 6 1
0 73 7 1
0 76 8 1
0 77 4 1
0 79 1 1
0 80 7 1
0 83 2 1
0 87 3 1
0 91 8 1
0 92 6 1
0 94 7 1
0 99 3 1
1 7 8 1
1 9 7 1
1 12 3 1
1 13 5 1
1 15 6 1
1 20 8 1
1 28 6 1
1 31 4 1
1 32 2 1
1 33 8 1
1 34 4 1
1 36 4 1
1 38 7 1
1 39 8 1
1 40 6 1
1 46 6 1
1 47 5 1
1 49 5 1
1 53 7 1
1 63 5 1
1 64 6 1
1 69 8 1
1 71 5 1
1 77 8 1
1 79 4 1
1 80 2 1
1 81 2 1
1 83 5 1
1 85 3 1
1 86 2 1
1 89 3 1
1 90 8 1
1 98 7 1
1 99 1 1
2 4 2 1
2 5 4 1
2 6 7 1
2 7 6 1
2 9 1 1
2 12 2 1
2 20 7 1
2 21 8 1
2 25 2 1
2 26 4 1
2 28 6 1
2 33 2 1
2 39 1 1
2 41 8 1
2 43 4 1
2 45 5 1
2 47 4 1
2 48 7 1
2 50 7 1
2 53 6 1
2 56 5 1
2 61 8 1
2 62 1 1
2 64 5 1
2 68 1 1
2 70 2 1
2 75 3 1
2 78 8 1
2 79 1 1
2 82 4 1
2 83 2 1
2 87 3 1
2 93 2 1
2 94 2 1
2 95 7 1
2 96 2 1
2 97 2 1
3 1 6 1
3 4 2 1
3 5 3 1
3 8 4 1
3 10 3 1
3 11 1 1
3 16 6 1
3 18 1 1
3 19 4 1
3 22 1 1
3 27 3 1
3 29 1 1
3 31 5 1
3 32 2 1
3 33 3 1
3 34 8 1
3 35 8 1
3 39 5 1
3 40 1 1
3 44 7 1
3 45 5 1
3 46 6 1
3 49 3 1
3 50 8 1
3 52 1 1
3 57 8 1
3 59 6 1
3 68 1 1
3 69 7 1
3 70 1 1
3 71 6 1
3 72 1 1
3 75 6 1
3 77 3 1
3 82 8 1
3 83 7 1
3 84 5 1
3 87 3 1
3 92 2 1
3 93 7 1
3 95 5 1
3 96 1 1
3 97 6 1
3 99 3 1
4 0 1 1
4 5 1 1
4 6 1 1
4 11 7 1
4 12 6 1
4 13 6 1
4 16 5 1
4 20 8 1
4 21 1 1
4 22 1 1
4 25 2 1
4 28 5 1
4 32 6 1
4 33 2 1
4 34 2 1
4 35 2 1
4 36 2 1
4 40 8 1
4 41 2 1
4 43 7 1
4 48 2 1
4 50 5 1
4 53 6 1
4 57 3 1
4 58 5 1
4 59 8 1
4 60 8 1
4 61 4 1
4 62 3 1
4 64 6 1
4 67 2 1
4 68 7 1
4 74 5 1
4 76 2 1
4 78 2 1
4 81 6 1
4 82 2 1
4 84 1 1
4 88 6 1
4 90 8 1
4 95 7 1
4 98 7 1
4 99 5 1
5 1 3 1
5 9 2 1
5 10 4 1
5 11 2 1
5 12 6 1
5 17 3 1
5 19 4 1
5 23 6 1
5 25 6 1
5 26 7 1
5 27 7 1
5 28 1 1
5 32 2 1
5 34 3 1
5 36 5 1
5 38 1 1
5 40 1 1
5 44 4 1
5 48 7 1
5 50 3 1
5 52 3 1
5 53 5 1
5 55 7 1
5 60 6 1
5 61 8 1
5 62 4 1
5 63 2 1
5 64 1 1
5 74 7 1
5 75 5 1
5 80 4 1
5 81 7 1
5 84 7 1
5 85 1 1
5 87 2 1
5 89 5 1
5 90 2 1
5 94 1 1
5 97 6 1
5 98 3 1
5 99 1 1
6 0 3 1
6 9 8 1
6 10 1 1
6 14 7 1
6 15 6 1
6 16 4 1
6 22 1 1
6 27 8 1
6 29 2 1
6 30 2 1
6 31 6 1
6 32 1 1
6 33 6 1
6 37 2 1
6 40 1 1
6 46 6 1
6 54 4 1
6 55 2 1
6 56 1 1
6 60 8 1
6 61 4 1
6 63 1 1
6 66 3 1
6 69 1 1
6 77 3 1
6 78 5 1
6 80 8 1
6 81 7 1
6 87 2 1
6 88 4 1
6 89 7 1
6 91 3 1
6 95 8 1
6 98 1 1
6 99 1 1
7 3 1 1
7 4 3 1
7 6 8 1
7 10 7 1
7 13 8 1
7 23 3 1
7 24 2 1
7 25 5 1
7 26 3 1
7 27 2 1
7 34 3 1
7 35 8 1
7 37 3 1
7 39 4 1
7 43 3 1
7 44 5 1
7 45 7 1
7 46 8 1
7 47 2 1
7 49 1 1
7 52 4 1
7 55 6 1
7 61 5 1
7 66 7 1
7 71 1 1
7 74 2 1
7 86 3 1
7 89 4 1
7 90 4 1
7 91 5 1
7 92 4 1
7 93 3 1
7 94 3 1
7 95 5 1
7 97 6 1
8 2 8 1
8 4 4 1
8 5 5 1
8 7 8 1
8 9 8 1
8 10 8 1
8 15 2 1
8 22 1 1
8 27 6 1
8 28 6 1
8 30 5 1
8 35 8 1
8 39 2 1
8 45 3 1
8 52 6 1
8 54 6 1
8 55 5 1
8 58 2 1
8 60 6 1
8 61 5 1
8 63 4 1
8 66 8 1
8 71 2 1
8 79 1 1
8 81 1 1
8 83 7 1
8 85 3 1
8 90 7 1
8 91 4 1
8 94 3 1
8 97 2 1
8 98 5 1
8 99 8 1
9 0 5 1
9 10 6 1
9 12 5 1
9 15 8 1
9 16 8 1
9 17 3 1
9 22 1 1
9 23 1 1
9 26 5 1
9 27 1 1
9 29 3 1
9 32 2 1
9 34 4 1
9 36 3 1
9 38 2 1
9 39 3 1
9 42 8 1
9 44 6 1
9 46 1 1
9 47 7 1
9 48 5 1
9 49 8 1
9 50 6 1
9 51 3 1
9 52 1 1
9 53 5 1
9 55 8 1
9 58 4 1
9 59 3 1
9 61 8 1
9 64 3 1
9 67 2 1
9 68 4 1
9 69 6 1
9 70 6 1
9 74 4 1
9 76 1 1
9 77 8 1
9 78 3 1
9 79 3 1
9 81 6 1
9 84 1 1
9 85 1 1
9 90 3 1
9 94 6 1
9 95 2 1
10 0 1 1
10 1 1 1
10 2 8 1
10 13 4 1
10 14 8 1
10 16 8 1
10 17 1 1
10 18 2 1
10 19 7 1
10 27 1 1
10 28 4 1
10 29 8 1
10 30 8 1
10 31 4 1
10 32 6 1
10 36 5 1
10 37 7 1
10 39 6 1
10 42 7 1
10 43 3 1
10 44 4 1
10 48 5 1
10 50 2 1
10 52 1 1
10 53 4 1
10 56 7 1
10 58 4 1
10 59 8 1
10 63 5 1
10 67 7 1
10 69 6 1
10 70 3 1
10 77 1 1
10 78 6 1
10 80 3 1
10 81 4 1
10 83 2 1
10 87 4 1
10 88 4 1
10 91 5 1
10 93 6 1
10 97 6 1
11 6 1 1
11 7 4 1
11 9 1 1
11 18 2 1
11 21 6 1
11 23 1 1
11 25 5 1
11 26 8 1
11 28 6 1
11 32 8 1
11 34 7 1
11 37 7 1
11 40 3 1
11 42 7 1
11 47 6 1
11 50 3 1
11 51 2 1
11 52 1 1
11 57 7 1
11 60 2 1
11 62 2 1
11 68 1 1
11 69 4 1
11 77 8 1
11 79 3 1
11 81 7 1
11 85 6 1
11 86 6 1
11 88 4 1
11 91 5 1
11 92 6 1
11 93 2 1
11 96 5 1
11 98 6 1
12 0 8 1
12 6 5 1
12 7 2 1
12 14 8 1
12 18 4 1
12 19 3 1
12 20 1 1
12 23 3 1
12 33 2 1
12 36 8 1
12 38 2 1
12 39 3 1
12 40 8 1
12 42 4 1
12 44 8 1
12 46 3 1
12 47 8 1
12 48 6 1
12 51 1 1
12 52 5 1
12 53 8 1
12 59 1 1
12 61 6 1
12 63 6 1
12 65 3 1
12 69 3 1
12 70 3 1
12 74 1 1
12 75 6 1
12 76 5 1
12 77 3 1
12 79 6 1
12 81 7 1
12 83 5 1
12 84 3 1
12 91 5 1
12 93 1 1
12 95 7 1
12 97 2 1
13 0 1 1
13 5 2 1
13 6 4 1
13 8 1 1
13 9 5 1
13 11 2 1
13 12 8 1
13 16 1 1
13 17 6 1
13 18 5 1
13 20 3 1
13 21 5 1
13 23 4 1
13 24 1 1
13 25 7 1
13 26 2 1
13 27 3 1
13 30 7 1
13 31 2 1
13 32 5 1
13 34 5 1
13 35 6 1
13 42 5 1
13 45 6 1
13 46 4 1
13 47 7 1
13 51 3 1
13 53 6 1
13 54 2 1
13 55 1 1
13 59 3 1
13 65 3 1
13 70 8 1
13 74 2 1
13 76 2 1
13 78 8 1
13 83 2 1
13 85 5 1
13 89 7 1
13 94 5 1
13 96 2 1
13 99 2 1
14 1 1 1
14 2 1 1
14 3 1 1
14 4 1 1
14 8 4 1
14 11 3 1
14 20 6 1
14 23 5 1
14 24 6 1
14 26 1 1
14 28 1 1
14 30 1 1
14 33 8 1
14 34 7 1
14 38 5 1
14 39 2 1
14 40 1 1
14 43 8 1
14 45 6 1
14 47 8 1
14 49 7 1
14 53 1 1
14 54 5 1
14 56 1 1
14 58 5 1
14 59 7 1
14 60 7 1
14 61 7 1
14 62 3 1
14 65 8 1
14 69 2 1
14 70 3 1
14 72 3 1
14 73 2 1
14 80 5 1
14 86 3 1
14 87 8 1
14 91 4 1
14 94 8 1
14 97 7 1
14 99 3 1
15 0 7 1
15 2 6 1
15 3 7 1
15 4 1 1
15 7 2 1
15 11 2 1
15 12 2 1
15 13 3 1
15 16 2 1
15 17 1 1
15 21 3 1
15 24 8 1
15 27 2 1
15 28 7 1
15 30 2 1
15 32 7 1
15 33 8 1
15 35 6 1
15 37 8 1
15 39 2 1
15 42 7 1
15 43 2 1
15 45 8 1
15 47 6 1
15 48 4 1
15 50 1 1
15 51 7 1
15 52 4 1
15 54 5 1
15 57 3 1
15 60 8 1
15 62 3 1
15 63 3 1
15 64 2 1
15 65 1 1
15 70 5 1
15 74 2 1
15 75 4 1
15 76 1 1
15 78 2 1
15 80 1 1
15 87 3 1
15 88 8 1
15 89 4 1
15 94 3 1
15 95 6 1
15 96 4 1
15 98 6 1
16 0 7 1
16 1 3 1
16 2 7 1
16 5 8 1
16 8 7 1
16 12 4 1
16 14 1 1
16 18 3 1
16 19 5 1
16 20 8 1
16 22 4 1
16 23 5 1
16 24 3 1
16 25 8 1
16 27 4 1
16 30 6 1
16 32 6 1
16 34 6 1
16 35 6 1
16 36 6 1
16 38 2 1
16 45 3 1
16 46 2 1
16 50 6 1
16 52 8 1
16 56 4 1
16 58 8 1
16 59 1 1
16 65 7 1
16 71 7 1
16 73 6 1
16 74 4 1
16 77 5 1
16 83 7 1
16 85 4 1
16 90 8 1
16 92 6 1
16 94 6 1
16 97 5 1
16 99 3 1
17 1 6 1
17 3 1 1
17 4 5 1
17 7 7 1
17 11 4 1
17 16 1 1
17 20 3 1
17 21 7 1
17 24 3 1
17 35 3 1
17 36 6 1
17 41 2 1
17 42 3 1
17 43 2 1
17 45 5 1
17 48 1 1
17 49 1 1
17 50 1 1
17 51 3 1
17 56 3 1
17 58 7 1
17 61 2 1
17 62 8 1
17 64 6 1
17 67 6 1
17 68 5 1
17 70 6 1
17 71 6 1
17 72 5 1
17 75 4 1
17 76 3 1
17 80 8 1
17 81 6 1
17 82 2 1
17 85 8 1
17 86 4 1
17 87 5 1
17 91 3 1
17 96 7 1
17 98 2 1
18 1 2 1
18 2 2 1
18 6 7 1
18 8 4 1
18 9 6 1
18 14 4 1
18 15 6 1
18 19 2 1
18 20 4 1
18 24 7 1
18 25 1 1
18 26 1 1
18 29 2 1
18 32 5 1
18 34 5 1
18 46 4 1
18 47 7 1
18 48 4 1
18 51 1 1
18 55 4 1
18 58 3 1
18 59 4 1
18 61 4 1
18 62 1 1
18 66 4 1
18 68 4 1
18 69 8 1
18 70 7 1
18 73 7 1
18 81 4 1
18 82 3 1
18 86 1 1
18 87 6 1
18 89 2 1
18 93 7 1
18 99 4 1
19 1 7 1
19 6 2 1
19 7 2 1
19 11 6 1
19 14 6 1
19 15 4 1
19 17 1 1
19 20 5 1
19 22 4 1
19 23 2 1
19 25 7 1
19 26 3 1
19 29 5 1
19 32 7 1
19 34 2 1
19 37 5 1
19 38 4 1
19 44 7 1
19 46 1 1
19 49 6 1
19 50 4 1
19 55 4 1
19 56 4 1
19 57 8 1
19 58 3 1
19 64 8 1
19 66 5 1
19 67 7 1
19 69 4 1
19 71 6 1
19 72 8 1
19 73 6 1
19 78 8 1
19 80 6 1
19 82 3 1
19 86 6 1
19 87 1 1
19 89 7 1
19 90 3 1
19 92 1 1
19 97 1 1
19 98 4 1
20 3 6 1
20 5 8 1
20 6 6 1
20 7 3 1
20 9 7 1
20 10 7 1
20 11 7 1
20 21 6 1
20 23 8 1
20 24 6 1
20 25 6 1
20 26 8 1
20 29 4 1
20 31 7 1
20 32 4 1
20 33 5 1
20 34 7 1
20 37 4 1
20 38 1 1
20 39 1 1
20 44 5 1
20 47 5 1
20 48 5 1
20 49 1 1
20 51 2 1
20 55 2 1
20 56 1 1
20 57 1 1
20 58 7 1
20 59 5 1
20 62 8 1
20 64 5 1
20 65 8 1
20 66 4 1
20 67 1 1
20 70 7 1
20 72 3 1
20 73 1 1
20 74 4 1
20 78 8 1
20 83 5 1
20 84 4 1
20 85 5 1
20 86 5 1
20 88 6 1
20 89 1 1
20 90 8 1
20 93 1 1
20 96 7 1
20 97 3 1
20 98 4 1
20 99 8 1
21 3 3 1
21 5 7 1
21 6 5 1
21 7 7 1
21 8 1 1
21 9 1 1
21 10 1 1
21 12 8 1
21 14 2 1
21 18 6 1
21 22 5 1
21 24 2 1
21 25 4 1
21 26 3 1
21 27 4 1
21 30 8 1
21 31 3 1
21 35 4 1
21 42 1 1
21 43 4 1
21 44 1 1
21 46 4 1
21 48 1 1
21 51 3 1
21 52 1 1
21 53 4 1
21 54 7 1
21 60 6 1
21 61 3 1
21 62 2 1
21 64 5 1
21 65 6 1
21 66 6 1
21 67 7 1
21 69 5 1
21 70 4 1
21 72 4 1
21 74 2 1
21 77 7 1
21 78 7 1
21 79 6 1
21 80 5 1
21 83 2 1
21 84 4 1
21 87 2 1
21 88 2 1
21 96 4 1
22 2 5 1
22 5 3 1
22 7 6 1
22 10 3 1
22 11 7 1
22 14 7 1
22 15 3 1
22 17 7 1
22 18 7 1
22 23 6 1
22 24 1 1
22 26 5 1
22 28 2 1
22 30 8 1
22 35 2 1
22 39 8 1
22 40 3 1
22 42 3 1
22 43 3 1
22 45 5 1
22 47 1 1
22 50 1 1
22 51 2 1
22 62 1 1
22 65 1 1
22 66 7 1
22 67 8 1
22 68 8 1
22 69 6 1
22 70 8 1
22 78 5 1
22 79 1 1
22 81 5 1
22 85 7 1
22 88 2 1
22 89 8 1
22 90 6 1
22 91 2 1
22 95 2 1
22 96 7 1
23 0 6 1
23 2 7 1
23 4 4 1
23 8 3 1
23 10 6 1
23 15 5 1
23 21 3 1
23 27 7 1
23 28 8 1
23 32 8 1
23 35 6 1
23 36 5 1
23 37 3 1
23 38 6 1
23 40 8 1
23 43 1 1
23 46 2 1
23 50 7 1
23 55 2 1
23 63 8 1
23 71 2 1
23 79 7 1
23 81 1 1
23 83 5 1
23 86 1 1
23 90 7 1
23 91 2 1
23 93 4 1
23 97 2 1
23 98 1 1
24 0 5 1
24 4 5 1
24 8 3 1
24 9 5 1
24 10 7 1
24 11 7 1
24 12 2 1
24 19 8 1
24 23 4 1
24 25 2 1
24 27 7 1
24 28 7 1
24 31 4 1
24 33 3 1
24 38 7 1
24 40 7 1
24 44 3 1
24 47 7 1
24 49 3 1
24 53 1 1
24 57 5 1
24 58 2 1
24 59 1 1
24 62 2 1
24 65 2 1
24 66 4 1
24 69 1 1
24 77 1 1
24 80 8 1
24 81 3 1
24 82 8 1
24 86 5 1
24 88 6 1
24 96 1 1
24 99 8 1
25 0 1 1
25 3 4 1
25 8 6 1
25 9 1 1
25 10 1 1
25 12 4 1
25 14 6 1
25 17 5 1
25 22 5 1
25 27 5 1
25 28 6 1
25 32 7 1
25 35 3 1
25 42 6 1
25 44 6 1
25 46 6 1
25 50 8 1
25 53 3 1
25 55 2 1
25 62 6 1
25 63 8 1
25 77 8 1
25 81 7 1
25 83 4 1
25 85 1 1
25 87 7 1
25 88 1 1
25 89 2 1
25 90 3 1
25 95 2 1
25 96 5 1
25 97 2 1
25 98 7 1
26 1 7 1
26 8 3 1
26 10 2 1
26 12 4 1
26 16 1 1
26 17 7 1
26 23 8 1
26 25 8 1
26 27 5 1
26 32 5 1
26 43 3 1
26 45 8 1
26 49 2 1
26 50 7 1
26 53 8 1
26 54 5 1
26 55 3 1
26 58 8 1
26 60 8 1
26 61 8 1
26 63 1 1
26 64 2 1
26 66 2 1
26 67 8 1
26 74 3 1
26 75 8 1
26 76 2 1
26 78 4 1
26 80 1 1
26 81 3 1
26 82 2 1
26 83 3 1
26 84 5 1
26 85 8 1
26 86 1 1
26 89 5 1
26 92 5 1
26 95 4 1
26 96 3 1
27 1 3 1
27 4 5 1
27 11 2 1
27 12 1 1
27 17 7 1
27 18 1 1
27 19 1 1
27 20 1 1
27 22 4 1
27 28 3 1
27 30 8 1
27 33 2 1
27 34 6 1
27 36 4 1
27 37 4 1
27 38 7 1
27 41 3 1
27 43 1 1
27 50 2 1
27 51 6 1
27 54 7 1
27 56 5 1
27 60 2 1
27 61 2 1
27 65 1 1
27 66 5 1
27 67 1 1
27 69 5 1
27 70 5 1
27 71 3 1
27 74 8 1
27 80 1 1
27 84 4 1
27 85 8 1
27 86 3 1
27 88 6 1
27 89 6 1
27 93 7 1
27 94 4 1
27 96 2 1
28 6 6 1
28 12 3 1
28 13 1 1
28 17 7 1
28 18 4 1
28 19 8 1
28 20 8 1
28 21 7 1
28 26 8 1
28 31 5 1
28 33 1 1
28 36 3 1
28 37 2 1
28 43 5 1
28 46 1 1
28 47 6 1
28 52 4 1
28 53 5 1
28 54 6 1
28 55 5 1
28 57 7 1
28 58 6 1
28 60 3 1
28 61 1 1
28 62 2 1
28 65 1 1
28 70 6 1
28 71 2 1
28 72 7 1
28 73 7 1
28 75 1 1
28 77 5 1
28 78 8 1
28 79 7 1
28 81 3 1
28 82 4 1
28 89 8 1
28 91 7 1
28 93 2 1
28 94 2 1
28 96 4 1
28 98 8 1
29 1 6 1
29 4 7 1
29 5 6 1
29 11 7 1
29 12 8 1
29 15 6 1
29 21 4 1
29 23 6 1
29 28 3 1
29 31 6 1
29 38 8 1
29 50 1 1
29 51 5 1
29 52 6 1
29 56 4 1
29 57 4 1
29 60 4 1
29 69 3 1
29 73 3 1
29 78 7 1
29 81 8 1
29 82 6 1
29 88 7 1
29 92 4 1
29 94 8 1
29 96 2 1
29 97 5 1
29 99 4 1
30 1 4 1
30 3 8 1
30 4 7 1
30 9 5 1
30 11 5 1
30 12 6 1
30 17 2 1
30 18 6 1
30 20 4 1
30 23 3 1
30 24 6 1
30 26 1 1
30 31 3 1
30 33 5 1
30 34 8 1
30 35 7 1
30 37 3 1
30 42 5 1
30 44 7 1
30 45 6 1
30 49 5 1
30 50 5 1
30 58 8 1
30 59 2 1
30 61 4 1
30 67 3 1
30 68 3 1
30 77 6 1
30 78 6 1
30 79 4 1
30 80 4 1
30 84 1 1
30 85 6 1
30 87 8 1
30 90 8 1
30 92 6 1
30 93 1 1
30 94 5 1
30 95 6 1
30 97 8 1
30 98 3 1
31 2 7 1
31 4 2 1
31 5 6 1
31 8 4 1
31 16 2 1
31 17 8 1
31 22 5 1
31 25 8 1
31 26 8 1
31 27 2 1
31 34 8 1
31 36 6 1
31 37 8 1
31 38 6 1
31 39 7 1
31 43 4 1
31 45 6 1
31 50 8 1
31 52 2 1
31 55 8 1
31 56 1 1
31 62 3 1
31 64 8 1
31 67 4 1
31 68 5 1
31 69 1 1
31 71 8 1
31 75 5 1
31 77 6 1
31 79 2 1
31 80 4 1
31 81 7 1
31 82 6 1
31 83 5 1
31 84 8 1
31 89 2 1
31 90 3 1
31 91 6 1
31 96 7 1
31 98 4 1
32 0 1 1
32 2 2 1
32 8 3 1
32 14 7 1
32 17 8 1
32 22 4 1
32 24 8 1
32 27 4 1
32 28 1 1
32 29 6 1
32 31 1 1
32 36 4 1
32 37 3 1
32 39 5 1
32 40 2 1
32 41 2 1
32 43 5 1
32 47 5 1
32 51 6 1
32 55 8 1
32 64 3 1
32 67 1 1
32 74 8 1
32 76 1 1
32 77 3 1
32 79 2 1
32 80 6 1
32 82 4 1
32 85 6 1
32 86 6 1
32 89 8 1
32 91 2 1
32 93 3 1
32 94 8 1
32 97 8 1
33 8 7 1
33 9 5 1
33 10 8 1
33 13 6 1
33 16 2 1
33 18 6 1
33 21 1 1
33 22 4 1
33 25 6 1
33 26 7 1
33 32 8 1
33 36 3 1
33 39 2 1
33 41 2 1
33 43 4 1
33 44 6 1
33 46 4 1
33 50 8 1
33 51 8 1
33 55 4 1
33 56 5 1
33 61 7 1
33 62 2 1
33 64 5 1
33 68 8 1
33 72 6 1
33 73 5 1
33 80 7 1
33 83 4 1
33 85 2 1
33 88 7 1
33 90 2 1
33 94 6 1
33 97 4 1
34 2 5 1
34 8 4 1
34 10 2 1
34 17 5 1
34 21 1 1
34 22 2 1
34 24 5 1
34 25 6 1
34 28 2 1
34 29 4 1
34 32 7 1
34 33 8 1
34 39 7 1
34 42 6 1
34 45 8 1
34 46 1 1
34 50 7 1
34 53 4 1
34 56 8 1
34 65 4 1
34 66 6 1
34 67 1 1
34 72 3 1
34 74 5 1
34 77 7 1
34 79 7 1
34 81 1 1
34 85 7 1
34 86 3 1
34 93 6 1
34 95 1 1
34 98 6 1
35 2 8 1
35 6 1 1
35 9 2 1
35 10 7 1
35 11 1 1
35 12 3 1
35 14 5 1
35 18 2 1
35 19 5 1
35 20 4 1
35 24 6 1
35 26 7 1
35 27 3 1
35 28 2 1
35 29 7 1
35 31 5 1
35 33 5 1
35 36 8 1
35 44 7 1
35 51 7 1
35 53 6 1
35 55 1 1
35 57 3 1
35 58 6 1
35 60 7 1
35 61 2 1
35 62 2 1
35 67 6 1
35 69 8 1
35 70 3 1
35 72 6 1
35 74 7 1
35 75 8 1
35 78 8 1
35 79 5 1
35 86 6 1
35 87 3 1
35 88 2 1
35 98 6 1
36 0 3 1
36 3 6 1
36 6 6 1
36 7 4 1
36 8 5 1
36 11 5 1
36 13 3 1
36 14 2 1
36 15 8 1
36 18 7 1
36 19 7 1
36 21 6 1
36 22 7 1
36 25 1 1
36 26 5 1
36 29 6 1
36 30 6 1
36 34 7 1
36 40 2 1
36 43 8 1
36 45 2 1
36 49 3 1
36 50 7 1
36 52 1 1
36 56 6 1
36 57 5 1
36 58 1 1
36 62 6 1
36 63 5 1
36 69 8 1
36 71 1 1
36 73 1 1
36 78 7 1
36 83 5 1
36 86 1 1
36 91 6 1
36 93 7 1
36 96 7 1
37 0 7 1
37 2 2 1
37 3 6 1
37 4 8 1
37 5 7 1
37 8 8 1
37 9 8 1
37 12 2 1
37 13 5 1
37 14 1 1
37 16 1 1
37 21 2 1
37 24 5 1
37 25 2 1
37 26 3 1
37 29 3 1
37 34 2 1
37 35 4 1
37 38 4 1
37 40 3 1
37 43 2 1
37 44 1 1
37 51 3 1
37 52 2 1
37 58 7 1
37 61 4 1
37 66 5 1
37 67 5 1
37 68 7 1
37 69 8 1
37 70 5 1
37 74 3 1
37 76 6 1
37 79 4 1
37 80 8 1
37 86 3 1
37 88 4 1
37 89 4 1
38 2 6 1
38 3 6 1
38 4 6 1
38 6 5 1
38 7 4 1
38 10 7 1
38 15 5 1
38 17 1 1
38 18 4 1
38 22 8 1
38 28 8 1
38 34 2 1
38 35 3 1
38 44 7 1
38 48 8 1
38 51 6 1
38 52 2 1
38 55 4 1
38 58 4 1
38 59 4 1
38 61 8 1
38 62 7 1
38 67 8 1
38 74 1 1
38 76 5 1
38 79 5 1
38 81 5 1
38 88 6 1
38 93 2 1
38 94 1 1
38 97 5 1
39 4 6 1
39 5 8 1
39 6 8 1
39 11 5 1
39 13 2 1
39 16 2 1
39 17 7 1
39 18 1 1
39 23 4 1
39 25 4 1
39 26 1 1
39 27 2 1
39 30 5 1
39 35 7 1
39 36 4 1
39 38 6 1
39 40 1 1
39 45 6 1
39 48 6 1
39 51 1 1
39 56 2 1
39 57 6 1
39 60 4 1
39 61 5 1
39 63 8 1
39 66 7 1
39 67 3 1
39 68 4 1
39 69 6 1
39 71 1 1
39 72 8 1
39 73 7 1
39 74 4 1
39 75 3 1
39 76 1 1
39 77 7 1
39 79 5 1
39 81 7 1
39 82 7 1
39 83 6 1
39 87 3 1
39 90 5 1
39 92 3 1
39 97 5 1
39 99 4 1
40 0 3 1
40 8 5 1
40 9 4 1
40 10 6 1
40 13 1 1
40 15 3 1
40 16 7 1
40 18 5 1
40 20 5 1
40 27 7 1
40 28 2 1
40 30 7 1
40 34 1 1
40 35 7 1
40 38 3 1
40 44 5 1
40 48 6 1
40 49 3 1
40 50 5 1
40 51 5 1
40 53 4 1
40 55 7 1
40 56 4 1
40 65 1 1
40 67 3 1
40 68 6 1
40 69 7 1
40 71 4 1
40 72 2 1
40 76 2 1
40 79 6 1
40 80 4 1
40 81 5 1
40 83 4 1
40 84 8 1
40 85 1 1
40 86 3 1
40 87 6 1
40 93 3 1
40 94 8 1
40 99 2 1
41 1 8 1
41 3 3 1
41 5 1 1
41 6 7 1
41 7 4 1
41 9 3 1
41 10 6 1
41 11 3 1
41 12 4 1
41 15 3 1
41 16 1 1
41 20 8 1
41 21 2 1
41 22 4 1
41 23 3 1
41 24 1 1
41 25 5 1
41 26 8 1
41 28 4 1
41 29 5 1
41 31 6 1
41 34 3 1
41 35 5 1
41 36 6 1
41 37 7 1
41 38 1 1
41 39 1 1
41 40 2 1
41 47 6 1
41 50 2 1
41 52 7 1
41 54 7 1
41 56 6 1
41 57 4 1
41 58 3 1
41 66 1 1
41 67 3 1
41 71 1 1
41 72 2 1
41 74 3 1
41 75 1 1
41 80 4 1
41 85 1 1
41 87 8 1
41 89 2 1
41 93 8 1
42 0 1 1
42 1 3 1
42 3 5 1
42 6 8 1
42 7 3 1
42 8 5 1
42 14 5 1
42 16 6 1
42 20 2 1
42 23 3 1
42 24 8 1
42 26 5 1
42 28 8 1
42 29 6 1
42 31 8 1
42 32 8 1
42 33 1 1
42 36 8 1
42 37 7 1
42 38 8 1
42 39 7 1
42 40 5 1
42 41 1 1
42 51 3 1
42 52 8 1
42 55 5 1
42 58 8 1
42 60 1 1
42 74 1 1
42 78 4 1
42 79 1 1
42 82 1 1
42 86 4 1
42 89 2 1
42 95 7 1
42 97 5 1
42 98 8 1
42 99 1 1
43 0 7 1
43 1 8 1
43 5 7 1
43 6 8 1
43 9 6 1
43 12 8 1
43 13 2 1
43 16 4 1
43 18 3 1
43 19 2 1
43 20 4 1
43 29 2 1
43 30 7 1
43 34 1 1
43 35 7 1
43 38 5 1
43 39 7 1
43 40 8 1
43 41 5 1
43 42 1 1
43 44 7 1
43 48 3 1
43 54 7 1
43 55 3 1
43 60 1 1
43 65 4 1
43 66 1 1
43 67 1 1
43 70 3 1
43 74 8 1
43 76 7 1
43 77 8 1
43 78 4 1
43 80 7 1
43 81 4 1
43 83 1 1
43 86 3 1
43 91 3 1
43 92 8 1
43 95 8 1
43 96 5 1
43 97 7 1
43 99 2 1
44 0 5 1
44 2 8 1
44 6 4 1
44 8 5 1
44 11 4 1
44 14 6 1
44 15 1 1
44 22 8 1
44 23 3 1
44 27 3 1
44 28 1 1
44 29 5 1
44 32 3 1
44 34 6 1
44 36 6 1
44 39 7 1
44 45 2 1
44 48 2 1
44 52 4 1
44 56 3 1
44 58 3 1
44 61 2 1
44 63 2 1
44 66 3 1
44 73 3 1
44 74 5 1
44 79 5 1
44 82 8 1
44 88 6 1
44 91 5 1
44 94 5 1
44 98 1 1
44 99 5 1
45 1 7 1
45 4 7 1
45 5 1 1
45 6 7 1
45 10 7 1
45 11 2 1
45 19 8 1
45 20 2 1
45 21 4 1
45 27 1 1
45 29 3 1
45 32 2 1
45 33 1 1
45 40 5 1
45 42 1 1
45 43 1 1
45 46 4 1
45 48 4 1
45 50 1 1
45 52 3 1
45 53 8 1
45 55 7 1
45 56 2 1
45 57 4 1
45 58 4 1
45 60 1 1
45 61 8 1
45 64 8 1
45 65 7 1
45 66 5 1
45 67 5 1
45 69 7 1
45 70 2 1
45 75 3 1
45 79 8 1
45 86 5 1
45 89 8 1
45 91 7 1
45 93 4 1
45 94 4 1
45 95 2 1
45 97 3 1
46 4 7 1
46 5 1 1
46 10 2 1
46 14 2 1
46 15 2 1
46 17 4 1
46 20 8 1
46 22 3 1
46 24 8 1
46 26 3 1
46 27 8 1
46 29 8 1
46 30 8 1
46 31 2 1
46 32 6 1
46 35 1 1
46 36 2 1
46 37 8 1
46 39 3 1
46 42 8 1
46 43 2 1
46 44 1 1
46 48 4 1
46 49 5 1
46 50 2 1
46 52 8 1
46 53 2 1
46 59 5 1
46 60 8 1
46 63 5 1
46 68 2 1
46 71 7 1
46 74 3 1
46 77 7 1
46 78 5 1
46 82 7 1
46 85 4 1
46 90 4 1
46 91 6 1
46 93 3 1
46 94 1 1
46 97 5 1
46 99 8 1
47 3 4 1
47 4 8 1
47 5 3 1
47 17 1 1
47 19 3 1
47 21 8 1
47 25 8 1
47 31 8 1
47 33 8 1
47 35 8 1
47 36 5 1
47 39 7 1
47 44 1 1
47 45 4 1
47 51 3 1
47 55 8 1
47 58 1 1
47 59 5 1
47 62 6 1
47 63 2 1
47 67 8 1
47 68 6 1
47 76 4 1
47 77 1 1
47 80 4 1
47 83 4 1
47 85 6 1
47 94 4 1
47 95 2 1
47 97 7 1
47 98 6 1
48 1 3 1
48 3 5 1
48 6 4 1
48 7 1 1
48 8 8 1
48 11 3 1
48 14 1 1
48 16 6 1
48 19 2 1
48 24 1 1
48 28 2 1
48 29 7 1
48 31 5 1
48 32 8 1
48 33 3 1
48 34 5 1
48 35 1 1
48 36 6 1
48 41 5 1
48 42 7 1
48 49 8 1
48 51 7 1
48 52 7 1
48 65 1 1
48 66 3 1
48 67 5 1
48 69 2 1
48 71 1 1
48 73 2 1
48 74 3 1
48 76 5 1
48 77 5 1
48 79 1 1
48 80 2 1
48 82 8 1
48 89 2 1
48 90 4 1
48 93 7 1
48 95 1 1
48 96 1 1
48 99 3 1
49 0 1 1
49 4 3 1
49 8 4 1
49 10 3 1
49 12 5 1
49 13 7 1
49 18 2 1
49 22 2 1
49 23 4 1
49 27 2 1
49 29 3 1
49 31 1 1
49 33 4 1
49 34 8 1
49 37 7 1
49 41 5 1
49 42 3 1
49 44 7 1
49 45 8 1
49 50 3 1
49 51 1 1
49 52 4 1
49 53 3 1
49 54 8 1
49 55 7 1
49 56 3 1
49 60 3 1
49 61 8 1
49 65 8 1
49 68 1 1
49 70 2 1
49 73 7 1
49 75 1 1
49 80 6 1
49 81 3 1
49 83 3 1
49 84 6 1
49 85 8 1
49 87 3 1
49 91 1 1
49 95 7 1
49 96 5 1
49 97 4 1
49 99 8 1
50 0 1 1
50 1 5 1
50 8 7 1
50 12 1 1
50 13 5 1
50 18 3 1
50 20 5 1
50 24 7 1
50 28 5 1
50 37 8 1
50 38 8 1
50 39 8 1
50 43 4 1
50 44 8 1
50 48 6 1
50 53 7 1
50 59 2 1
50 64 2 1
50 65 6 1
50 66 7 1
50 68 6 1
50 69 5 1
50 70 7 1
50 71 2 1
50 72 4 1
50 79 6 1
50 80 5 1
50 82 8 1
50 83 6 1
50 86 7 1
50 87 5 1
50 89 5 1
50 94 3 1
50 95 5 1
50 97 4 1
50 98 8 1
50 99 2 1
51 1 3 1
51 3 8 1
51 4 6 1
51 5 2 1
51 6 6 1
51 8 2 1
51 14 6 1
51 16 7 1
51 19 7 1
51 23 2 1
51 24 8 1
51 25 2 1
51 26 6 1
51 28 6 1
51 30 7 1
51 31 2 1
51 36 8 1
51 41 1 1
51 45 1 1
51 46 7 1
51 53 2 1
51 54 5 1
51 56 8 1
51 58 7 1
51 59 8 1
51 69 5 1
51 70 1 1
51 73 3 1
51 74 8 1
51 75 8 1
51 76 2 1
51 77 2 1
51 79 6 1
51 80 5 1
51 81 7 1
51 82 7 1
51 83 1 1
51 84 7 1
51 87 1 1
51 89 6 1
51 90 3 1
51 93 8 1
51 94 1 1
51 96 6 1
51 98 3 1
51 99 3 1
52 0 2 1
52 2 4 1
52 4 7 1
52 14 1 1
52 18 4 1
52 20 7 1
52 22 7 1
52 23 2 1
52 24 7 1
52 25 1 1
52 26 1 1
52 27 6 1
52 30 2 1
52 32 1 1
52 33 1 1
52 34 5 1
52 35 6 1
52 39 3 1
52 43 5 1
52 50 8 1
52 51 1 1
52 56 2 1
52 57 1 1
52 68 8 1
52 70 1 1
52 77 7 1
52 81 3 1
52 85 8 1
52 89 4 1
52 90 8 1
52 91 4 1
52 94 8 1
52 97 4 1
53 6 2 1
53 8 2 1
53 15 3 1
53 17 6 1
53 18 6 1
53 20 4 1
53 22 1 1
53 23 1 1
53 27 1 1
53 29 1 1
53 30 6 1
53 31 4 1
53 32 8 1
53 33 2 1
53 36 3 1
53 37 8 1
53 38 5 1
53 41 2 1
53 44 5 1
53 48 1 1
53 54 1 1
53 56 1 1
53 59 1 1
53 60 5 1
53 61 6 1
53 64 8 1
53 66 3 1
53 68 7 1
53 70 2 1
53 71 8 1
53 74 6 1
53 76 8 1
53 78 1 1
53 80 1 1
53 81 4 1
53 92 3 1
53 93 5 1
53 94 3 1
53 96 8 1
54 2 6 1
54 4 3 1
54 7 7 1
54 9 1 1
54 11 6 1
54 16 4 1
54 19 2 1
54 20 1 1
54 22 5 1
54 24 5 1
54 30 1 1
54 31 8 1
54 32 1 1
54 34 4 1
54 35 4 1
54 36 2 1
54 37 7 1
54 38 5 1
54 39 8 1
54 44 3 1
54 46 8 1
54 50 8 1
54 52 3 1
54 56 8 1
54 61 1 1
54 68 6 1
54 69 3 1
54 71 1 1
54 74 8 1
54 77 4 1
54 78 4 1
54 80 2 1
54 82 1 1
54 83 7 1
54 85 2 1
54 86 5 1
54 88 1 1
54 91 2 1
54 92 1 1
54 93 1 1
54 97 1 1
54 98 2 1
55 0 5 1
55 4 6 1
55 10 7 1
55 12 6 1
55 15 5 1
55 16 4 1
55 17 7 1
55 21 8 1
55 22 7 1
55 24 1 1
55 30 6 1
55 36 7 1
55 37 8 1
55 39 1 1
55 41 4 1
55 46 8 1
55 48 5 1
55 51 3 1
55 53 3 1
55 54 5 1
55 57 4 1
55 60 1 1
55 61 1 1
55 62 4 1
55 63 3 1
55 64 1 1
55 68 1 1
55 72 5 1
55 78 6 1
55 81 5 1
55 83 7 1
55 86 5 1
55 87 7 1
55 89 3 1
55 93 1 1
55 96 5 1
55 98 4 1
56 0 6 1
56 1 1 1
56 3 5 1
56 4 8 1
56 5 2 1
56 7 7 1
56 8 1 1
56 13 4 1
56 15 2 1
56 18 2 1
56 21 4 1
56 23 3 1
56 24 3 1
56 26 5 1
56 28 5 1
56 35 4 1
56 37 1 1
56 38 2 1
56 43 3 1
56 46 1 1
56 47 6 1
56 48 5 1
56 50 6 1
56 55 2 1
56 58 7 1
56 61 5 1
56 63 6 1
56 67 7 1
56 73 7 1
56 74 2 1
56 75 8 1
56 79 2 1
56 85 6 1
56 86 8 1
56 87 8 1
56 88 2 1
56 96 7 1
56 97 1 1
57 0 1 1
57 1 2 1
57 2 4 1
57 5 4 1
57 6 8 1
57 7 7 1
57 9 6 1
57 10 5 1
57 12 5 1
57 17 5 1
57 18 5 1
57 21 7 1
57 22 4 1
57 23 1 1
57 26 8 1
57 27 1 1
57 31 2 1
57 32 2 1
57 38 1 1
57 40 6 1
57 43 1 1
57 46 2 1
57 48 6 1
57 49 7 1
57 50 8 1
57 51 2 1
57 53 4 1
57 54 4 1
57 56 6 1
57 60 3 1
57 61 7 1
57 69 3 1
57 77 6 1
57 79 7 1
57 83 5 1
57 84 2 1
57 85 5 1
57 86 6 1
57 87 5 1
57 88 2 1
57 89 7 1
57 90 3 1
57 92 2 1
57 93 7 1
57 98 5 1
58 0 1 1
58 1 4 1
58 2 1 1
58 3 3 1
58 12 2 1
58 13 3 1
58 21 8 1
58 22 5 1
58 25 7 1
58 27 6 1
58 29 8 1
58 31 5 1
58 32 3 1
58 33 7 1
58 34 1 1
58 39 4 1
58 46 3 1
58 53 5 1
58 54 2 1
58 55 5 1
58 57 1 1
58 63 7 1
58 64 4 1
58 66 2 1
58 69 4 1
58 72 1 1
58 73 4 1
58 74 3 1
58 75 4 1
58 79 6 1
58 85 2 1
58 86 2 1
58 91 1 1
58 92 5 1
58 93 1 1
58 94 4 1
58 95 6 1
58 98 5 1
59 1 3 1
59 2 2 1
59 5 5 1
59 6 4 1
59 7 4 1
59 11 3 1
59 15 6 1
59 17 5 1
59 19 4 1
59 22 7 1
59 25 3 1
59 26 4 1
59 28 4 1
59 32 7 1
59 33 3 1
59 35 2 1
59 36 3 1
59 41 8 1
59 42 7 1
59 44 7 1
59 48 1 1
59 49 5 1
59 57 2 1
59 58 1 1
59 60 4 1
59 62 1 1
59 63 8 1
59 65 6 1
59 69 4 1
59 70 3 1
59 72 4 1
59 77 1 1
59 83 8 1
59 84 4 1
59 90 6 1
59 92 1 1
59 98 3 1
60 2 7 1
60 3 3 1
60 10 5 1
60 12 5 1
60 13 6 1
60 16 2 1
60 19 6 1
60 20 3 1
60 22 4 1
60 24 5 1
60 25 5 1
60 30 1 1
60 31 1 1
60 32 2 1
60 33 3 1
60 34 6 1
60 36 1 1
60 38 1 1
60 40 5 1
60 41 4 1
60 44 3 1
60 47 7 1
60 48 2 1
60 50 3 1
60 51 5 1
60 52 1 1
60 56 2 1
60 58 6 1
60 62 6 1
60 65 7 1
60 70 8 1
60 72 6 1
60 74 4 1
60 75 2 1
60 76 7 1
60 79 4 1
60 81 8 1
60 85 1 1
60 87 3 1
60 88 5 1
60 89 7 1
60 90 1 1
60 93 3 1
60 94 5 1
60 95 2 1
60 96 7 1
60 97 2 1
60 98 6 1
61 1 1 1
61 10 8 1
61 13 4 1
61 16 3 1
61 20 1 1
61 22 6 1
61 23 4 1
61 31 2 1
61 34 4 1
61 36 7 1
61 41 4 1
61 42 8 1
61 43 8 1
61 46 4 1
61 47 1 1
61 50 3 1
61 52 5 1
61 58 3 1
61 59 4 1
61 60 5 1
61 62 7 1
61 65 5 1
61 66 1 1
61 71 7 1
61 74 5 1
61 79 7 1
61 82 7 1
61 83 3 1
61 84 5 1
61 85 3 1
61 86 4 1
61 93 4 1
61 97 2 1
62 1 6 1
62 9 5 1
62 12 5 1
62 13 5 1
62 19 8 1
62 26 3 1
62 32 3 1
62 39 7 1
62 41 3 1
62 44 1 1
62 48 7 1
62 49 8 1
62 50 3 1
62 51 8 1
62 53 1 1
62 56 1 1
62 58 8 1
62 68 5 1
62 69 1 1
62 70 5 1
62 71 8 1
62 73 8 1
62 74 4 1
62 75 8 1
62 85 8 1
62 89 5 1
62 92 2 1
62 99 4 1
63 4 1 1
63 9 7 1
63 13 4 1
63 14 7 1
63 16 8 1
63 18 5 1
63 20 2 1
63 21 6 1
63 31 4 1
63 32 1 1
63 33 5 1
63 35 2 1
63 42 6 1
63 43 2 1
63 45 3 1
63 48 3 1
63 49 6 1
63 50 5 1
63 52 8 1
63 53 3 1
63 57 6 1
63 61 3 1
63 62 5 1
63 64 8 1
63 66 1 1
63 71 3 1
63 72 6 1
63 73 5 1
63 79 3 1
63 80 3 1
63 84 7 1
63 87 4 1
63 88 8 1
63 89 8 1
63 93 6 1
63 95 5 1
63 96 8 1
63 99 1 1
64 3 1 1
64 7 8 1
64 11 8 1
64 12 2 1
64 13 8 1
64 14 2 1
64 18 6 1
64 22 3 1
64 24 5 1
64 25 1 1
64 28 8 1
64 36 5 1
64 41 2 1
64 44 6 1
64 47 1 1
64 48 3 1
64 49 1 1
64 60 7 1
64 61 1 1
64 62 7 1
64 65 4 1
64 66 3 1
64 72 8 1
64 73 6 1
64 74 8 1
64 75 2 1
64 76 7 1
64 77 6 1
64 79 7 1
64 85 1 1
64 89 3 1
64 94 3 1
64 98 5 1
64 99 8 1
65 0 4 1
65 1 4 1
65 2 7 1
65 3 5 1
65 4 7 1
65 5 3 1
65 8 5 1
65 10 8 1
65 11 5 1
65 17 3 1
65 18 6 1
65 19 5 1
65 23 6 1
65 25 3 1
65 29 8 1
65 30 6 1
65 32 4 1
65 33 8 1
65 36 3 1
65 37 4 1
65 39 6 1
65 41 4 1
65 42 5 1
65 46 7 1
65 47 8 1
65 51 6 1
65 52 6 1
65 54 4 1
65 55 8 1
65 56 6 1
65 57 3 1
65 62 4 1
65 63 5 1
65 68 8 1
65 70 1 1
65 71 5 1
65 73 7 1
65 77 4 1
65 79 8 1
65 80 2 1
65 81 5 1
65 82 7 1
65 84 6 1
65 90 1 1
65 95 1 1
65 98 1 1
66 0 1 1
66 1 7 1
66 2 3 1
66 3 1 1
66 4 5 1
66 9 8 1
66 12 2 1
66 13 1 1
66 14 3 1
66 16 5 1
66 17 5 1
66 23 1 1
66 25 2 1
66 28 5 1
66 30 7 1
66 32 8 1
66 35 3 1
66 36 1 1
66 38 5 1
66 40 2 1
66 46 6 1
66 47 5 1
66 49 4 1
66 51 8 1
66 52 2 1
66 54 1 1
66 55 2 1
66 57 5 1
66 59 7 1
66 60 3 1
66 62 5 1
66 70 5 1
66 72 4 1
66 75 8 1
66 78 6 1
66 79 1 1
66 80 7 1
66 81 5 1
66 89 2 1
66 90 4 1
66 95 2 1
66 96 8 1
66 98 3 1
67 1 1 1
67 7 3 1
67 11 2 1
67 16 1 1
67 18 3 1
67 24 8 1
67 29 5 1
67 36 2 1
67 42 3 1
67 46 4 1
67 49 6 1
67 50 8 1
67 51 5 1
67 53 7 1
67 58 4 1
67 59 1 1
67 60 8 1
67 64 8 1
67 65 3 1
67 68 4 1
67 70 2 1
67 71 1 1
67 76 2 1
67 80 2 1
67 81 1 1
67 83 1 1
67 85 7 1
67 88 8 1
67 92 7 1
68 1 8 1
68 6 2 1
68 7 8 1
68 12 6 1
68 13 1 1
68 14 2 1
68 16 6 1
68 19 5 1
68 20 3 1
68 21 4 1
68 23 4 1
68 24 5 1
68 25 8 1
68 27 5 1
68 28 4 1
68 29 5 1
68 32 5 1
68 34 1 1
68 35 2 1
68 36 4 1
68 41 6 1
68 43 2 1
68 44 6 1
68 48 7 1
68 51 6 1
68 56 2 1
68 57 5 1
68 58 3 1
68 59 7 1
68 60 4 1
68 61 1 1
68 64 8 1
68 66 7 1
68 69 2 1
68 70 5 1
68 71 5 1
68 72 8 1
68 73 4 1
68 74 4 1
68 77 6 1
68 78 7 1
68 79 6 1
68 81 6 1
68 85 3 1
68 89 5 1
68 97 6 1
68 98 4 1
69 0 8 1
69 4 4 1
69 5 8 1
69 7 5 1
69 13 4 1
69 15 3 1
69 16 5 1
69 17 5 1
69 20 2 1
69 23 3 1
69 25 8 1
69 28 6 1
69 30 6 1
69 33 1 1
69 38 5 1
69 41 3 1
69 43 4 1
69 44 4 1
69 46 6 1
69 47 5 1
69 52 5 1
69 53 2 1
69 55 2 1
69 65 8 1
69 66 3 1
69 67 6 1
69 70 5 1
69 71 6 1
69 73 7 1
69 74 8 1
69 75 2 1
69 85 7 1
69 86 8 1
69 87 3 1
69 91 5 1
69 94 8 1
69 95 5 1
69 99 4 1
70 1 5 1
70 4 4 1
70 5 5 1
70 8 7 1
70 19 5 1
70 23 2 1
70 25 1 1
70 26 5 1
70 29 1 1
70 30 3 1
70 31 1 1
70 32 2 1
70 38 5 1
70 39 3 1
70 40 7 1
70 41 6 1
70 42 1 1
70 44 2 1
70 46 5 1
70 47 8 1
70 48 2 1
70 54 7 1
70 55 7 1
70 56 5 1
70 57 4 1
70 61 3 1
70 63 7 1
70 64 6 1
70 73 8 1
70 75 6 1
70 81 6 1
70 82 8 1
70 86 6 1
70 88 5 1
70 94 6 1
70 98 2 1
71 2 1 1
71 4 8 1
71 5 8 1
71 6 4 1
71 10 2 1
71 12 2 1
71 13 6 1
71 14 7 1
71 20 4 1
71 21 2 1
71 24 2 1
71 25 4 1
71 29 4 1
71 32 5 1
71 34 8 1
71 35 7 1
71 42 7 1
71 43 7 1
71 44 1 1
71 45 4 1
71 47 7 1
71 49 6 1
71 51 5 1
71 52 3 1
71 55 7 1
71 56 1 1
71 58 2 1
71 59 7 1
71 60 2 1
71 64 4 1
71 66 6 1
71 70 2 1
71 72 7 1
71 73 1 1
71 75 7 1
71 76 8 1
71 80 3 1
71 81 2 1
71 82 5 1
71 84 7 1
71 87 4 1
71 90 2 1
71 94 8 1
71 95 4 1
71 97 1 1
72 0 4 1
72 4 7 1
72 5 4 1
72 9 5 1
72 13 3 1
72 15 7 1
72 22 2 1
72 24 6 1
72 25 2 1
72 26 3 1
72 30 8 1
72 31 6 1
72 32 7 1
72 36 7 1
72 44 7 1
72 45 4 1
72 47 5 1
72 48 8 1
72 49 3 1
72 51 4 1
72 53 3 1
72 56 2 1
72 61 3 1
72 62 2 1
72 65 1 1
72 67 2 1
72 69 6 1
72 70 7 1
72 73 1 1
72 74 1 1
72 75 5 1
72 79 6 1
72 81 1 1
72 82 5 1
72 83 5 1
72 85 5 1
72 89 8 1
72 96 4 1
72 98 5 1
73 1 3 1
73 3 2 1
73 4 4 1
73 9 2 1
73 10 2 1
73 11 4 1
73 12 1 1
73 15 8 1
73 17 4 1
73 21 3 1
73 24 1 1
73 26 1 1
73 27 7 1
73 30 4 1
73 31 1 1
73 32 5 1
73 35 5 1
73 38 6 1
73 41 7 1
73 42 4 1
73 46 1 1
73 47 5 1
73 50 1 1
73 53 4 1
73 57 2 1
73 59 3 1
73 66 1 1
73 67 8 1
73 74 3 1
73 79 5 1
73 80 8 1
73 81 2 1
73 83 4 1
73 85 7 1
73 86 6 1
73 89 7 1
73 92 8 1
73 93 8 1
73 94 3 1
73 96 8 1
73 97 4 1
73 99 5 1
74 0 5 1
74 2 5 1
74 6 6 1
74 11 5 1
74 14 8 1
74 17 7 1
74 19 8 1
74 22 2 1
74 23 2 1
74 25 4 1
74 28 2 1
74 29 5 1
74 30 7 1
74 40 6 1
74 50 8 1
74 55 8 1
74 57 5 1
74 63 5 1
74 65 3 1
74 67 4 1
74 70 3 1
74 71 7 1
74 76 4 1
74 78 4 1
74 83 5 1
74 85 2 1
74 90 1 1
74 91 3 1
74 95 4 1
75 1 5 1
75 7 8 1
75 9 8 1
75 14 4 1
75 19 5 1
75 20 8 1
75 21 7 1
75 44 2 1
75 55 6 1
75 59 1 1
75 61 8 1
75 65 8 1
75 67 8 1
75 68 1 1
75 73 1 1
75 74 1 1
75 76 7 1
75 79 5 1
75 82 1 1
75 83 5 1
75 92 4 1
75 95 3 1
75 96 6 1
75 97 8 1
76 3 2 1
76 5 2 1
76 7 6 1
76 10 1 1
76 16 5 1
76 22 6 1
76 24 3 1
76 25 1 1
76 27 4 1
76 29 8 1
76 30 4 1
76 31 6 1
76 42 3 1
76 44 8 1
76 49 7 1
76 58 5 1
76 59 7 1
76 62 4 1
76 68 4 1
76 69 5 1
76 72 2 1
76 73 5 1
76 77 1 1
76 84 6 1
76 85 4 1
76 87 6 1
76 89 2 1
76 91 4 1
76 92 3 1
76 93 1 1
76 98 5 1
76 99 6 1
77 2 5 1
77 4 6 1
77 5 2 1
77 7 3 1
77 13 3 1
77 14 1 1
77 15 3 1
77 17 8 1
77 18 6 1
77 19 8 1
77 20 6 1
77 22 2 1
77 23 7 1
77 26 4 1
77 27 5 1
77 29 4 1
77 33 4 1
77 35 2 1
77 36 7 1
77 37 8 1
77 38 6 1
77 40 4 1
77 41 2 1
77 42 4 1
77 45 6 1
77 49 8 1
77 50 3 1
77 53 1 1
77 55 8 1
77 56 8 1
77 60 1 1
77 61 2 1
77 63 8 1
77 69 2 1
77 70 3 1
77 72 3 1
77 73 4 1
77 78 5 1
77 80 4 1
77 82 1 1
77 85 2 1
77 86 8 1
77 87 2 1
77 88 3 1
77 92 1 1
77 94 4 1
77 98 3 1
77 99 8 1
78 7 7 1
78 11 6 1
78 14 6 1
78 16 4 1
78 23 6 1
78 25 8 1
78 27 5 1
78 31 3 1
78 34 4 1
78 38 1 1
78 39 2 1
78 40 2 1
78 41 5 1
78 44 6 1
78 49 4 1
78 51 4 1
78 52 8 1
78 57 7 1
78 63 6 1
78 65 7 1
78 69 1 1
78 70 2 1
78 71 6 1
78 84 6 1
78 85 1 1
78 86 5 1
78 87 5 1
78 88 4 1
78 92 3 1
78 93 6 1
78 94 6 1
78 98 5 1
79 5 4 1
79 6 8 1
79 7 6 1
79 10 8 1
79 19 7 1
79 20 5 1
79 24 6 1
79 29 2 1
79 33 5 1
79 36 1 1
79 41 2 1
79 43 2 1
79 46 2 1
79 47 1 1
79 52 7 1
79 55 7 1
79 59 2 1
79 62 6 1
79 70 1 1
79 71 2 1
79 74 2 1
79 78 7 1
79 80 1 1
79 81 7 1
79 82 3 1
79 85 7 1
79 87 7 1
79 90 6 1
79 91 8 1
79 92 4 1
79 93 8 1
79 94 7 1
79 99 2 1
80 2 7 1
80 3 5 1
80 4 3 1
80 7 5 1
80 8 7 1
80 9 3 1
80 11 8 1
80 12 4 1
80 13 4 1
80 16 7 1
80 20 5 1
80 22 1 1
80 25 2 1
80 28 3 1
80 29 4 1
80 36 4 1
80 38 2 1
80 44 1 1
80 45 3 1
80 46 4 1
80 52 7 1
80 57 1 1
80 59 7 1
80 60 6 1
80 61 6 1
80 62 5 1
80 64 2 1
80 69 1 1
80 72 4 1
80 76 6 1
80 78 5 1
80 82 5 1
80 83 8 1
80 85 5 1
80 86 2 1
80 97 4 1
80 98 5 1
81 0 1 1
81 3 4 1
81 14 1 1
81 15 7 1
81 16 4 1
81 20 8 1
81 21 2 1
81 27 8 1
81 30 7 1
81 32 5 1
81 35 6 1
81 36 3 1
81 37 4 1
81 41 2 1
81 44 5 1
81 45 5 1
81 46 8 1
81 54 8 1
81 56 7 1
81 58 2 1
81 69 2 1
81 76 1 1
81 82 3 1
81 84 8 1
81 89 8 1
81 92 4 1
81 93 1 1
81 94 1 1
81 96 5 1
81 97 8 1
81 98 8 1
82 0 5 1
82 5 8 1
82 6 5 1
82 7 8 1
82 8 1 1
82 9 8 1
82 11 4 1
82 13 4 1
82 14 6 1
82 15 4 1
82 16 2 1
82 20 5 1
82 21 2 1
82 25 3 1
82 27 3 1
82 30 2 1
82 34 1 1
82 36 3 1
82 37 8 1
82 38 6 1
82 40 3 1
82 45 4 1
82 49 8 1
82 52 3 1
82 53 3 1
82 55 7 1
82 56 7 1
82 57 2 1
82 58 1 1
82 59 1 1
82 60 1 1
82 62 1 1
82 63 4 1
82 64 3 1
82 67 3 1
82 68 3 1
82 69 4 1
82 73 1 1
82 76 6 1
82 78 3 1
82 83 1 1
82 86 4 1
82 90 3 1
82 92 4 1
82 93 3 1
82 94 5 1
82 98 3 1
83 4 8 1
83 5 4 1
83 6 3 1
83 7 1 1
83 14 1 1
83 17 2 1
83 18 3 1
83 22 6 1
83 24 1 1
83 27 7 1
83 28 1 1
83 30 8 1
83 32 4 1
83 34 6 1
83 35 2 1
83 37 3 1
83 41 2 1
83 42 6 1
83 44 4 1
83 45 2 1
83 46 4 1
83 52 3 1
83 53 6 1
83 58 1 1
83 60 5 1
83 63 3 1
83 64 3 1
83 65 6 1
83 69 7 1
83 70 5 1
83 71 7 1
83 77 7 1
83 79 8 1
83 81 5 1
83 84 2 1
83 85 8 1
83 86 8 1
83 87 2 1
83 89 6 1
83 92 4 1
83 94 2 1
83 95 5 1
83 97 1 1
83 98 1 1
83 99 6 1
84 1 3 1
84 2 5 1
84 6 4 1
84 7 4 1
84 13 4 1
84 14 5 1
84 15 4 1
84 16 7 1
84 17 1 1
84 18 1 1
84 19 3 1
84 22 3 1
84 23 3 1
84 24 4 1
84 25 5 1
84 28 4 1
84 33 7 1
84 34 3 1
84 35 7 1
84 37 5 1
84 39 5 1
84 41 5 1
84 42 3 1
84 43 2 1
84 44 4 1
84 45 6 1
84 46 7 1
84 50 4 1
84 52 8 1
84 53 3 1
84 54 3 1
84 55 3 1
84 56 7 1
84 58 5 1
84 60 4 1
84 66 2 1
84 68 1 1
84 69 2 1
84 70 3 1
84 73 1 1
84 74 1 1
84 77 6 1
84 79 4 1
84 87 8 1
84 88 7 1
84 93 3 1
84 94 8 1
84 96 1 1
84 97 3 1
84 98 1 1
84 99 7 1
85 3 2 1
85 12 5 1
85 18 7 1
85 21 7 1
85 23 1 1
85 28 7 1
85 29 6 1
85 35 4 1
85 36 6 1
85 37 8 1
85 39 2 1
85 43 4 1
85 44 1 1
85 45 4 1
85 51 1 1
85 55 5 1
85 59 8 1
85 63 3 1
85 65 6 1
85 66 2 1
85 70 4 1
85 71 5 1
85 75 6 1
85 87 2 1
85 94 8 1
85 95 7 1
85 97 1 1
85 99 3 1
86 0 7 1
86 3 1 1
86 4 7 1
86 6 6 1
86 8 7 1
86 13 8 1
86 16 6 1
86 21 3 1
86 22 8 1
86 25 4 1
86 28 3 1
86 29 4 1
86 30 4 1
86 31 5 1
86 39 4 1
86 46 7 1
86 48 5 1
86 51 6 1
86 52 2 1
86 53 6 1
86 59 1 1
86 63 3 1
86 66 1 1
86 68 1 1
86 71 2 1
86 74 5 1
86 76 8 1
86 81 3 1
86 84 3 1
86 85 2 1
86 88 2 1
86 89 1 1
86 90 2 1
86 92 6 1
86 97 3 1
87 1 5 1
87 4 3 1
87 7 6 1
87 8 1 1
87 11 3 1
87 12 3 1
87 13 3 1
87 23 8 1
87 24 7 1
87 26 8 1
87 27 4 1
87 28 7 1
87 31 7 1
87 32 8 1
87 34 7 1
87 37 2 1
87 42 4 1
87 43 1 1
87 44 7 1
87 45 5 1
87 46 2 1
87 47 2 1
87 52 4 1
87 53 6 1
87 54 5 1
87 59 7 1
87 61 7 1
87 62 6 1
87 64 4 1
87 65 1 1
87 67 8 1
87 70 7 1
87 75 1 1
87 81 5 1
87 89 4 1
87 90 5 1
87 98 7 1
87 99 6 1
88 2 8 1
88 3 7 1
88 5 6 1
88 8 3 1
88 9 5 1
88 12 7 1
88 13 6 1
88 14 7 1
88 16 2 1
88 18 1 1
88 19 5 1
88 23 4 1
88 28 7 1
88 30 4 1
88 32 5 1
88 36 7 1
88 42 4 1
88 43 5 1
88 46 6 1
88 48 3 1
88 50 2 1
88 51 6 1
88 52 3 1
88 55 2 1
88 58 5 1
88 61 7 1
88 68 3 1
88 71 6 1
88 74 3 1
88 76 2 1
88 79 7 1
88 80 3 1
88 81 7 1
88 82 5 1
88 83 7 1
88 89 3 1
88 90 4 1
89 0 8 1
89 2 7 1
89 3 1 1
89 4 4 1
89 8 3 1
89 9 5 1
89 11 1 1
89 12 5 1
89 14 4 1
89 16 2 1
89 17 4 1
89 21 6 1
89 24 7 1
89 29 5 1
89 33 6 1
89 34 5 1
89 35 5 1
89 36 5 1
89 38 5 1
89 39 8 1
89 40 2 1
89 43 3 1
89 44 2 1
89 46 6 1
89 49 7 1
89 53 2 1
89 58 6 1
89 61 4 1
89 69 8 1
89 70 8 1
89 71 1 1
89 74 8 1
89 75 1 1
89 77 4 1
89 79 8 1
89 82 1 1
89 84 6 1
89 85 1 1
89 90 3 1
89 96 4 1
90 2 2 1
90 3 7 1
90 11 3 1
90 13 8 1
90 14 3 1
90 15 8 1
90 17 7 1
90 24 1 1
90 26 7 1
90 29 7 1
90 32 5 1
90 35 6 1
90 36 4 1
90 37 5 1
90 38 4 1
90 41 8 1
90 42 3 1
90 45 3 1
90 47 2 1
90 49 7 1
90 50 8 1
90 53 4 1
90 54 6 1
90 58 6 1
90 61 2 1
90 63 7 1
90 67 7 1
90 68 2 1
90 69 7 1
90 75 3 1
90 77 2 1
90 78 6 1
90 80 6 1
90 83 6 1
90 85 7 1
90 92 8 1
90 95 5 1
90 96 1 1
90 98 4 1
90 99 8 1
91 1 7 1
91 3 4 1
91 5 5 1
91 13 6 1
91 15 7 1
91 16 4 1
91 18 3 1
91 19 8 1
91 21 3 1
91 24 5 1
91 25 7 1
91 26 4 1
91 27 5 1
91 29 1 1
91 30 2 1
91 34 6 1
91 35 6 1
91 37 4 1
91 38 6 1
91 40 8 1
91 41 3 1
91 42 6 1
91 48 2 1
91 50 3 1
91 53 8 1
91 56 8 1
91 67 4 1
91 68 5 1
91 71 5 1
91 73 6 1
91 77 6 1
91 78 2 1
91 80 1 1
91 81 7 1
91 82 7 1
91 83 8 1
91 84 2 1
91 85 2 1
91 89 2 1
91 92 2 1
91 93 1 1
92 5 7 1
92 6 1 1
92 8 2 1
92 9 3 1
92 12 5 1
92 14 8 1
92 17 8 1
92 18 2 1
92 20 1 1
92 21 2 1
92 22 3 1
92 23 6 1
92 24 3 1
92 25 6 1
92 28 7 1
92 31 3 1
92 32 7 1
92 34 5 1
92 35 2 1
92 36 5 1
92 38 3 1
92 40 8 1
92 41 1 1
92 44 6 1
92 45 4 1
92 46 6 1
92 47 7 1
92 48 6 1
92 50 4 1
92 51 3 1
92 52 3 1
92 55 6 1
92 56 7 1
92 63 8 1
92 64 5 1
92 66 8 1
92 68 2 1
92 70 1 1
92 71 5 1
92 72 7 1
92 74 6 1
92 80 7 1
92 84 2 1
92 85 4 1
92 98 6 1
93 0 1 1
93 4 6 1
93 5 4 1
93 6 2 1
93 14 8 1
93 15 7 1
93 16 6 1
93 17 8 1
93 24 2 1
93 25 3 1
93 26 7 1
93 29 1 1
93 31 8 1
93 33 6 1
93 37 8 1
93 39 2 1
93 42 7 1
93 43 5 1
93 44 2 1
93 49 3 1
93 50 4 1
93 56 7 1
93 59 7 1
93 65 3 1
93 66 1 1
93 67 2 1
93 68 3 1
93 69 3 1
93 70 4 1
93 71 5 1
93 80 1 1
93 83 6 1
93 86 8 1
93 87 8 1
93 88 1 1
93 89 2 1
93 90 7 1
93 92 7 1
93 97 7 1
93 99 6 1
94 1 5 1
94 3 4 1
94 6 6 1
94 10 6 1
94 11 8 1
94 12 7 1
94 18 3 1
94 19 3 1
94 20 8 1
94 21 2 1
94 22 5 1
94 23 3 1
94 24 4 1
94 31 1 1
94 35 4 1
94 36 7 1
94 37 5 1
94 43 8 1
94 48 2 1
94 49 6 1
94 55 2 1
94 56 4 1
94 57 5 1
94 61 1 1
94 62 6 1
94 63 5 1
94 65 5 1
94 66 4 1
94 68 5 1
94 72 7 1
94 75 1 1
94 86 5 1
94 87 1 1
94 88 6 1
94 89 1 1
94 92 5 1
94 93 2 1
95 1 8 1
95 5 7 1
95 10 1 1
95 13 8 1
95 14 3 1
95 16 5 1
95 17 6 1
95 18 2 1
95 19 6 1
95 20 1 1
95 21 4 1
95 24 2 1
95 33 4 1
95 36 2 1
95 38 7 1
95 39 8 1
95 41 3 1
95 46 3 1
95 51 1 1
95 56 2 1
95 57 5 1
95 59 1 1
95 61 7 1
95 62 6 1
95 64 8 1
95 68 1 1
95 70 4 1
95 72 3 1
95 73 5 1
95 76 7 1
95 77 3 1
95 79 6 1
95 82 1 1
95 84 3 1
95 86 4 1
95 89 6 1
95 92 6 1
95 94 5 1
95 98 1 1
96 1 6 1
96 4 4 1
96 7 1 1
96 9 5 1
96 10 1 1
96 12 4 1
96 14 2 1
96 16 2 1
96 18 8 1
96 19 4 1
96 30 3 1
96 32 7 1
96 38 8 1
96 39 4 1
96 40 5 1
96 42 4 1
96 45 1 1
96 46 6 1
96 47 4 1
96 50 6 1
96 57 3 1
96 59 6 1
96 61 7 1
96 62 7 1
96 64 1 1
96 65 7 1
96 69 5 1
96 70 2 1
96 71 7 1
96 76 8 1
96 80 3 1
96 82 1 1
96 85 3 1
96 86 4 1
96 92 2 1
96 93 3 1
96 95 8 1
96 98 8 1
97 0 7 1
97 4 6 1
97 6 2 1
97 9 2 1
97 11 5 1
97 15 5 1
97 18 8 1
97 24 4 1
97 26 6 1
97 27 2 1
97 28 6 1
97 31 5 1
97 35 1 1
97 36 7 1
97 41 1 1
97 51 7 1
97 53 8 1
97 55 8 1
97 57 4 1
97 65 8 1
97 66 6 1
97 67 2 1
97 70 3 1
97 72 4 1
97 76 4 1
97 78 5 1
97 79 1 1
97 82 3 1
97 87 8 1
97 89 4 1
97 90 7 1
97 91 6 1
97 94 8 1
97 95 1 1
98 0 1 1
98 3 2 1
98 7 5 1
98 9 4 1
98 10 7 1
98 13 3 1
98 14 4 1
98 16 8 1
98 18 7 1
98 21 5 1
98 22 6 1
98 24 6 1
98 26 1 1
98 27 4 1
98 29 8 1
98 32 1 1
98 33 7 1
98 36 6 1
98 37 3 1
98 38 2 1
98 39 1 1
98 40 3 1
98 43 2 1
98 45 2 1
98 46 6 1
98 48 7 1
98 49 8 1
98 52 4 1
98 62 7 1
98 67 6 1
98 69 1 1
98 73 4 1
98 74 5 1
98 75 8 1
98 85 2 1
98 86 1 1
98 88 7 1
98 89 5 1
98 91 7 1
98 97 2 1
98 99 1 1
99 7 1 1
99 10 5 1
99 11 3 1
99 12 3 1
99 15 8 1
99 19 2 1
99 21 3 1
99 22 5 1
99 26 3 1
99 30 4 1
99 32 6 1
99 33 6 1
99 34 4 1
99 35 7 1
99 36 5 1
99 37 6 1
99 38 3 1
99 45 5 1
99 47 5 1
99 52 2 1
99 53 3 1
99 55 5 1
99 56 8 1
99 57 8 1
99 59 2 1
99 60 4 1
99 65 2 1
99 66 5 1
99 67 5 1
99 68 6 1
99 70 3 1
99 71 5 1
99 72 8 1
99 75 2 1
99 80 5 1
99 81 7 1
99 82 1 1
99 86 2 1
99 89 4 1
99 91 6 1
99 92 4 1
99 94 1 1
99 95 7 1
99 96 3 1
99 97 3 1
