0 23 54 1
0 79 17 1
1 25 54 1
1 67 50 1
1 78 38 1
1 86 48 1
2 5 19 1
2 46 29 1
2 80 23 1
2 87 47 1
2 88 51 1
2 90 30 1
3 12 26 1
3 22 59 1
3 59 12 1
3 85 27 1
3 98 50 1
4 11 13 1
4 47 57 1
5 8 32 1
5 15 44 1
5 31 17 1
5 52 44 1
5 62 42 1
6 11 50 1
6 28 53 1
6 66 54 1
6 80 55 1
6 81 58 1
7 28 64 1
8 4 3 1
8 21 28 1
8 46 46 1
8 79 3 1
9 8 43 1
9 31 40 1
9 60 29 1
9 65 29 1
9 75 2 1
10 2 35 1
10 37 10 1
10 84 47 1
11 16 36 1
11 66 20 1
11 81 24 1
11 83 40 1
12 22 50 1
12 70 14 1
12 73 57 1
12 98 53 1
13 14 47 1
13 29 18 1
13 41 63 1
13 63 1 1
13 92 2 1
14 29 60 1
14 35 26 1
14 48 23 1
14 63 6 1
14 69 48 1
14 96 15 1
15 2 8 1
15 18 62 1
16 4 2 1
16 6 25 1
16 83 5 1
17 30 31 1
18 5 2 1
18 44 52 1
19 7 9 1
20 30 30 1
20 33 35 1
21 5 49 1
21 9 33 1
21 18 4 1
21 25 50 1
21 31 21 1
21 39 61 1
21 67 26 1
21 99 24 1
22 64 21 1
22 73 49 1
22 77 58 1
22 96 31 1
23 50 62 1
23 51 48 1
23 56 19 1
23 76 12 1
24 28 3 1
25 39 7 1
25 62 61 1
25 67 30 1
25 78 45 1
26 3 16 1
26 22 33 1
27 17 16 1
27 20 27 1
27 71 63 1
27 85 55 1
28 19 12 1
28 80 40 1
29 41 51 1
29 92 37 1
30 3 20 1
30 34 40 1
30 55 30 1
30 64 22 1
30 71 36 1
30 85 13 1
31 18 47 1
31 25 43 1
31 39 12 1
31 44 24 1
31 86 54 1
31 88 14 1
31 99 30 1
32 12 40 1
33 17 49 1
33 30 13 1
33 55 37 1
33 59 30 1
33 85 5 1
34 17 9 1
34 20 60 1
34 33 13 1
34 55 14 1
35 95 51 1
36 10 31 1
36 72 47 1
36 82 18 1
36 84 34 1
37 2 30 1
37 5 47 1
37 62 19 1
37 74 30 1
37 82 59 1
37 88 50 1
38 12 27 1
38 32 42 1
38 73 34 1
38 93 15 1
38 98 13 1
39 15 43 1
39 18 12 1
39 44 37 1
39 52 1 1
39 62 32 1
39 67 13 1
40 48 37 1
40 53 2 1
40 68 26 1
40 69 36 1
40 74 59 1
41 92 20 1
42 0 53 1
42 9 32 1
42 23 44 1
42 43 19 1
42 50 45 1
42 65 19 1
42 76 34 1
42 78 29 1
42 99 1 1
43 9 54 1
43 47 27 1
43 60 30 1
43 65 63 1
43 75 28 1
43 94 50 1
43 99 23 1
44 5 5 1
44 15 52 1
44 21 30 1
44 37 38 1
44 57 30 1
44 88 38 1
45 35 51 1
45 37 44 1
45 48 9 1
45 69 57 1
45 74 43 1
46 5 14 1
46 6 11 1
46 16 48 1
46 66 22 1
46 80 51 1
46 90 28 1
47 8 6 1
47 21 47 1
48 35 58 1
48 53 35 1
48 69 56 1
48 74 28 1
48 96 32 1
49 14 25 1
49 35 44 1
49 45 6 1
49 48 13 1
49 74 40 1
49 77 53 1
49 98 61 1
50 51 32 1
51 42 22 1
52 18 2 1
52 21 34 1
52 26 63 1
52 31 10 1
52 44 48 1
53 54 36 1
53 68 25 1
54 36 9 1
54 97 51 1
55 17 54 1
55 20 10 1
55 27 27 1
55 59 6 1
55 71 39 1
55 85 34 1
56 0 37 1
56 42 48 1
56 51 33 1
56 58 34 1
56 60 13 1
57 2 49 1
57 5 63 1
57 10 41 1
57 15 22 1
57 37 46 1
57 82 14 1
57 84 9 1
57 88 32 1
57 90 22 1
58 75 60 1
59 17 36 1
59 30 1 1
59 34 61 1
59 71 41 1
60 8 19 1
60 42 63 1
60 47 7 1
60 58 37 1
60 75 33 1
60 79 17 1
60 94 27 1
61 1 11 1
61 25 26 1
61 67 59 1
61 78 15 1
62 15 17 1
62 21 3 1
62 31 25 1
62 44 6 1
62 52 58 1
62 67 57 1
62 88 23 1
63 29 49 1
63 41 16 1
64 3 18 1
64 26 37 1
64 59 18 1
65 8 35 1
65 18 15 1
65 21 55 1
65 39 63 1
65 47 24 1
65 67 18 1
65 79 57 1
65 99 11 1
66 4 61 1
66 8 44 1
66 16 45 1
66 81 11 1
66 87 35 1
67 31 34 1
67 78 33 1
67 86 51 1
67 99 13 1
68 36 9 1
68 54 46 1
68 97 13 1
69 35 21 1
69 49 1 1
69 74 61 1
69 96 31 1
70 22 57 1
70 32 28 1
70 38 4 1
70 73 13 1
70 98 54 1
71 17 16 1
71 20 21 1
71 33 48 1
71 34 40 1
72 54 59 1
73 3 36 1
73 26 15 1
73 64 60 1
73 98 13 1
74 35 39 1
74 95 15 1
74 96 61 1
75 4 3 1
75 8 21 1
75 56 58 1
75 83 15 1
76 50 14 1
76 51 50 1
77 26 7 1
77 37 38 1
77 45 19 1
77 52 61 1
77 69 17 1
77 74 26 1
77 95 9 1
77 98 10 1
78 23 64 1
78 50 15 1
78 51 62 1
78 76 33 1
78 99 21 1
79 42 63 1
79 43 13 1
79 47 8 1
79 56 23 1
79 58 26 1
79 75 16 1
80 57 64 1
80 81 9 1
80 90 34 1
81 16 47 1
81 28 32 1
81 46 59 1
81 87 24 1
81 90 53 1
82 2 1 1
82 10 17 1
82 84 47 1
82 90 23 1
83 4 55 1
83 8 39 1
84 2 58 1
84 54 61 1
84 97 51 1
85 17 2 1
85 20 6 1
85 34 21 1
85 71 40 1
86 18 62 1
86 21 23 1
86 25 40 1
86 39 5 1
86 52 2 1
86 76 5 1
86 78 30 1
87 5 2 1
87 16 8 1
87 46 19 1
87 57 28 1
87 90 10 1
88 5 36 1
88 15 54 1
88 18 27 1
88 21 51 1
88 39 50 1
88 52 8 1
89 14 9 1
89 35 12 1
89 38 6 1
89 48 6 1
89 49 31 1
89 69 34 1
89 70 42 1
89 93 45 1
89 96 57 1
90 6 42 1
90 10 61 1
90 84 38 1
91 13 8 1
91 14 64 1
91 35 40 1
91 48 30 1
91 49 2 1
91 69 40 1
91 96 53 1
92 53 15 1
92 63 55 1
93 14 49 1
93 32 8 1
93 70 24 1
93 91 39 1
94 4 64 1
94 8 42 1
94 11 1 1
94 16 28 1
94 47 62 1
94 66 60 1
94 75 38 1
94 83 1 1
95 45 64 1
95 49 7 1
95 89 4 1
95 98 4 1
96 35 11 1
96 45 9 1
96 73 56 1
96 77 37 1
97 10 44 1
97 36 56 1
97 72 34 1
97 82 19 1
98 22 31 1
98 89 63 1
98 96 1 1
99 18 50 1
99 47 1 1
99 76 2 1
99 86 22 1
