0 2 6 1
0 10 1 2
0 66 2 4
0 138 8 4
1 12 5 3
1 38 1 3
1 54 3 2
1 64 8 5
1 92 7 2
2 19 8 4
2 66 1 5
3 43 8 1
3 100 1 1
3 163 4 4
4 1 5 3
4 11 2 5
4 12 1 5
4 30 8 1
4 64 8 1
4 73 6 4
4 92 3 1
4 117 3 2
4 122 1 5
5 149 7 5
6 97 6 3
6 190 4 4
7 62 4 4
7 95 8 4
7 102 8 4
7 116 2 5
7 158 7 2
8 28 5 2
8 76 8 5
8 157 1 3
8 165 3 1
8 176 7 5
9 72 4 3
9 151 8 3
11 17 4 4
11 63 1 5
11 64 7 5
11 69 8 4
11 109 6 3
11 119 2 4
12 17 5 5
12 30 4 1
12 38 1 5
12 63 1 3
12 109 3 1
12 137 1 3
12 152 8 4
14 67 3 5
14 89 6 5
14 123 7 5
14 190 1 2
15 71 4 2
15 125 1 1
16 21 3 1
16 27 1 3
16 132 3 5
17 30 2 1
17 38 8 2
17 69 3 4
17 92 4 5
17 119 4 5
18 1 5 5
18 64 2 4
18 92 4 3
18 117 3 4
18 122 7 4
18 152 5 2
18 156 8 3
19 167 8 4
20 23 1 5
20 24 1 1
20 106 3 4
21 96 2 3
21 114 4 1
22 100 2 5
22 108 1 4
23 24 1 3
23 106 6 3
23 107 3 1
23 116 4 5
25 8 5 1
25 50 7 5
25 104 4 3
25 176 6 4
25 194 6 5
26 6 8 2
26 14 5 1
26 89 7 5
26 103 8 3
27 21 2 3
27 99 7 2
27 187 1 3
28 25 7 5
28 165 3 5
29 115 5 3
30 1 5 1
30 11 6 4
30 73 4 2
32 86 8 1
32 177 2 2
33 37 7 1
33 82 5 4
33 148 1 5
34 120 7 1
35 22 2 1
35 48 3 3
35 58 3 4
35 78 3 5
35 108 4 2
36 141 2 5
36 193 1 4
37 148 8 5
38 152 8 3
38 156 1 1
39 82 4 1
39 85 4 3
39 140 6 4
40 5 6 2
40 53 5 3
40 149 3 1
41 47 3 2
42 71 5 5
42 125 2 5
42 170 4 3
43 36 3 2
44 171 4 4
45 98 2 1
45 135 1 2
46 68 7 5
48 186 2 4
49 27 1 1
49 132 3 3
49 187 8 5
50 8 6 1
50 28 3 4
50 46 1 3
50 113 2 5
50 134 6 5
50 157 1 2
51 37 1 1
51 119 4 3
51 137 8 4
52 196 7 1
53 5 2 5
53 75 1 1
54 18 5 4
54 92 7 3
54 117 6 5
55 49 2 2
55 132 5 3
56 31 6 3
57 36 2 3
57 141 2 3
57 142 5 4
58 34 8 1
59 188 8 3
60 29 1 4
60 88 4 3
60 94 6 1
60 105 2 1
61 56 1 5
61 139 1 2
62 23 4 5
62 24 5 5
62 102 8 2
62 107 8 4
62 116 4 3
63 4 7 4
63 30 5 5
63 38 6 3
64 30 4 5
64 117 2 2
65 5 3 5
65 40 3 4
65 53 4 1
65 153 4 4
67 6 3 4
67 190 6 5
68 113 4 1
68 134 5 2
68 157 5 1
68 162 5 1
68 168 2 4
68 176 8 5
69 12 7 4
69 63 2 5
69 194 6 4
70 78 2 2
70 91 4 5
70 191 3 5
70 195 3 1
71 170 1 5
72 33 2 1
72 37 8 1
72 82 3 1
72 148 5 4
72 160 7 1
73 11 1 1
73 17 3 4
73 63 7 3
74 34 8 4
74 35 4 2
74 48 1 1
74 58 5 5
74 120 8 3
75 149 1 4
76 20 4 3
76 23 5 1
76 24 3 2
76 28 2 1
76 124 5 4
77 7 5 2
77 62 5 5
77 95 6 3
77 158 2 3
78 34 3 5
78 74 5 2
78 191 2 3
79 114 1 3
79 128 5 4
80 143 7 2
81 70 6 1
81 88 1 3
82 148 7 5
82 151 8 2
82 160 4 1
85 82 1 1
85 140 3 3
85 175 8 2
86 19 2 3
86 198 8 1
88 29 5 2
88 105 4 1
89 67 1 3
89 123 1 1
90 19 2 1
90 86 2 4
91 74 5 2
91 81 8 2
91 111 2 2
92 38 1 1
94 70 2 3
94 88 6 3
94 91 5 4
94 111 2 4
94 195 3 5
95 62 8 4
95 102 5 1
95 116 4 1
96 16 4 3
96 27 7 3
97 59 2 5
98 79 6 1
98 144 4 2
99 16 4 1
99 96 5 1
99 196 2 3
100 43 7 4
101 55 3 5
101 84 1 5
102 77 7 1
102 103 1 3
103 7 7 5
103 14 2 4
103 95 4 1
104 8 3 5
104 157 4 5
104 194 3 4
105 70 6 1
105 81 7 4
105 91 5 4
105 94 6 5
105 195 8 4
106 50 3 1
106 76 7 3
107 20 1 3
107 24 4 2
107 76 4 3
107 106 6 5
108 48 6 1
108 74 6 3
108 186 8 3
109 4 8 4
109 30 2 5
109 63 4 2
109 69 7 1
109 73 5 4
109 119 7 5
110 155 7 5
110 182 8 2
111 70 3 5
111 74 1 4
111 78 8 2
111 81 6 3
111 105 8 5
113 46 6 2
113 134 1 2
113 147 2 2
113 182 6 2
114 16 6 4
114 27 3 3
114 52 4 5
115 88 7 5
115 195 1 4
116 77 5 5
118 31 6 5
119 12 6 2
119 30 8 2
119 69 3 2
119 73 6 3
120 58 7 2
120 78 3 1
121 178 5 5
121 184 7 5
122 1 2 4
122 54 6 4
122 92 5 1
122 152 3 3
123 6 6 1
123 26 8 4
123 67 2 5
124 112 6 5
124 165 2 1
125 71 1 1
125 170 1 5
126 57 1 5
127 31 8 5
127 44 1 3
127 118 1 5
127 164 4 1
128 21 6 5
128 181 8 3
129 32 1 4
129 110 3 2
129 139 5 5
129 145 2 4
129 155 8 4
129 177 5 3
130 80 3 3
131 179 3 2
132 27 4 4
132 187 2 5
133 52 8 4
134 46 1 2
134 182 4 5
135 71 7 5
135 125 3 2
135 144 6 4
136 0 7 3
136 2 3 2
136 66 7 3
136 138 3 5
137 63 8 1
137 119 1 4
137 183 3 3
138 2 6 3
138 66 8 5
140 175 5 2
141 43 8 1
141 126 8 5
141 179 1 5
142 36 7 1
142 43 6 3
142 126 4 1
142 141 6 4
143 83 1 1
143 130 1 1
144 45 4 2
144 133 4 1
145 61 1 5
145 139 7 2
145 172 6 4
145 198 6 3
146 199 3 5
149 53 5 2
149 65 7 2
149 186 4 5
150 189 3 2
151 85 5 2
151 175 7 1
152 1 6 1
152 92 2 3
152 156 6 1
152 183 3 1
153 5 4 4
153 40 2 4
153 53 2 2
153 149 3 5
154 161 4 1
154 163 8 2
155 32 8 5
155 139 7 5
155 177 2 3
155 192 4 1
156 1 7 3
156 122 2 1
157 28 6 4
157 134 1 4
157 176 4 1
157 194 3 1
158 87 5 2
158 171 3 2
158 199 5 4
159 120 8 1
160 33 7 2
160 39 8 1
160 148 8 3
162 46 2 4
162 110 2 3
162 113 5 2
162 134 3 5
164 44 3 5
164 118 2 5
165 112 6 4
167 66 7 5
167 136 6 5
167 138 7 2
168 113 4 1
168 147 4 4
169 143 7 3
170 135 6 3
171 146 7 2
171 164 4 3
172 32 3 5
172 110 7 5
172 129 1 2
172 155 5 2
172 162 1 2
172 192 6 3
173 143 5 2
173 169 7 2
175 39 4 2
176 46 2 4
176 69 5 4
176 104 3 5
176 161 6 3
176 194 8 2
177 139 6 5
177 145 7 4
177 198 7 4
178 181 5 3
179 36 3 3
179 193 4 2
180 121 4 5
180 178 5 3
180 181 6 4
180 184 1 1
181 184 2 3
182 172 8 3
183 84 7 5
184 178 3 2
185 63 8 3
185 69 1 4
185 119 3 3
185 197 8 1
187 16 5 4
187 99 7 3
187 114 1 2
187 196 4 5
188 97 2 1
190 26 5 1
190 89 1 2
190 123 1 1
191 48 7 5
192 32 1 1
192 90 7 4
193 93 1 5
194 46 4 5
194 161 4 4
194 185 7 1
195 29 8 1
195 60 2 5
195 81 4 1
195 88 4 1
197 46 5 5
197 69 4 2
197 168 8 5
197 176 8 5
198 129 3 2
198 172 4 3
198 192 7 4
199 44 5 5
199 87 1 1
