0 36 4 1
0 57 6 1
0 76 6 1
0 97 2 1
1 17 6 1
1 26 8 1
1 39 6 1
2 4 7 1
3 0 4 1
3 38 4 1
4 22 7 1
4 49 2 1
5 37 3 1
5 60 4 1
5 83 8 1
5 94 6 1
6 45 2 1
6 56 5 1
6 89 1 1
6 90 5 1
7 63 7 1
7 67 5 1
7 81 2 1
8 1 2 1
8 26 4 1
8 56 2 1
8 89 8 1
8 90 4 1
10 25 8 1
10 59 1 1
10 61 6 1
10 72 6 1
10 74 5 1
10 75 1 1
10 86 6 1
11 5 4 1
11 15 6 1
11 35 1 1
11 37 5 1
11 49 5 1
11 79 3 1
11 84 5 1
11 85 2 1
11 96 3 1
11 98 1 1
12 64 8 1
12 94 4 1
13 11 2 1
13 33 2 1
13 34 4 1
13 37 4 1
13 41 6 1
13 60 8 1
13 79 5 1
13 96 4 1
14 1 3 1
14 8 6 1
14 43 8 1
14 56 3 1
14 77 6 1
14 90 7 1
15 5 4 1
15 12 3 1
15 20 1 1
15 33 3 1
15 35 5 1
15 83 2 1
15 94 1 1
16 7 3 1
16 70 4 1
16 80 6 1
16 81 3 1
17 55 1 1
18 29 3 1
18 30 1 1
18 68 7 1
19 18 6 1
19 64 3 1
19 68 7 1
20 0 3 1
20 28 7 1
20 36 6 1
20 91 5 1
20 94 3 1
21 10 4 1
21 61 2 1
22 2 5 1
22 11 7 1
22 13 1 1
22 41 3 1
22 51 2 1
22 53 7 1
22 93 7 1
23 18 4 1
23 19 3 1
23 78 6 1
24 23 5 1
24 29 4 1
25 21 6 1
25 50 8 1
25 53 1 1
25 65 2 1
25 71 6 1
25 72 2 1
25 75 7 1
25 92 1 1
26 6 1 1
26 56 7 1
26 77 4 1
26 89 5 1
26 90 3 1
27 0 5 1
27 3 6 1
27 58 6 1
27 62 4 1
28 0 1 1
28 35 6 1
28 69 8 1
28 94 8 1
30 27 2 1
30 62 3 1
31 21 2 1
31 25 6 1
31 61 5 1
31 75 3 1
31 96 7 1
32 10 7 1
32 42 1 1
32 43 4 1
32 57 3 1
32 59 1 1
32 71 1 1
32 74 1 1
32 96 8 1
32 98 6 1
33 5 3 1
33 11 5 1
33 22 7 1
33 37 2 1
33 51 2 1
33 85 2 1
33 96 1 1
33 98 8 1
34 41 4 1
34 49 2 1
35 20 6 1
35 33 4 1
35 36 3 1
35 66 3 1
35 69 3 1
35 79 1 1
35 91 1 1
35 94 5 1
36 62 3 1
36 69 5 1
37 15 3 1
37 22 8 1
37 35 2 1
37 41 1 1
37 42 3 1
38 27 8 1
38 54 6 1
38 58 5 1
39 14 6 1
39 17 5 1
39 26 6 1
39 90 4 1
40 73 7 1
40 95 3 1
41 5 8 1
41 11 2 1
41 33 8 1
41 49 8 1
41 53 5 1
41 60 1 1
41 79 3 1
41 93 6 1
41 98 2 1
42 13 4 1
42 33 5 1
42 41 5 1
42 53 7 1
42 71 1 1
42 98 1 1
43 39 3 1
43 52 6 1
43 57 1 1
43 71 7 1
43 72 8 1
43 74 8 1
43 97 5 1
44 0 4 1
44 3 7 1
44 27 5 1
44 28 2 1
44 36 3 1
44 38 8 1
44 47 5 1
44 62 8 1
44 91 2 1
45 40 6 1
45 46 3 1
45 52 1 1
45 56 1 1
45 90 8 1
46 47 2 1
46 52 7 1
46 73 5 1
47 0 1 1
47 28 2 1
47 45 7 1
47 52 6 1
47 97 6 1
48 10 2 1
48 21 6 1
48 50 3 1
48 61 4 1
48 71 3 1
48 74 5 1
49 2 4 1
49 13 8 1
49 60 6 1
50 32 4 1
50 43 3 1
50 72 8 1
51 11 7 1
51 13 1 1
51 31 3 1
51 37 5 1
51 42 3 1
51 53 6 1
51 72 5 1
52 8 7 1
52 57 2 1
52 76 7 1
52 87 1 1
52 97 7 1
53 48 6 1
53 65 4 1
53 72 8 1
54 27 7 1
54 30 5 1
54 68 2 1
55 39 8 1
56 40 8 1
56 89 6 1
57 46 1 1
57 76 3 1
57 87 6 1
58 3 5 1
58 54 7 1
59 25 3 1
59 43 7 1
59 48 2 1
59 50 1 1
59 57 5 1
59 65 4 1
59 74 8 1
59 75 7 1
59 85 4 1
59 87 8 1
59 97 7 1
60 11 2 1
60 15 7 1
60 33 7 1
60 34 7 1
60 37 2 1
60 93 6 1
60 94 5 1
61 25 1 1
61 53 7 1
61 65 7 1
61 96 8 1
62 0 6 1
62 3 5 1
62 38 6 1
62 91 8 1
63 9 4 1
63 81 4 1
64 66 1 1
64 83 1 1
65 21 6 1
65 31 7 1
65 48 4 1
65 71 8 1
65 75 7 1
65 86 5 1
66 12 8 1
66 15 6 1
66 20 5 1
66 84 5 1
68 23 4 1
68 29 7 1
68 30 5 1
69 15 7 1
69 20 1 1
69 64 6 1
69 94 3 1
70 63 8 1
70 67 3 1
71 10 6 1
71 53 6 1
71 59 6 1
71 72 5 1
71 74 2 1
71 79 1 1
71 85 2 1
71 87 5 1
71 96 1 1
71 97 1 1
71 98 2 1
72 32 4 1
72 42 8 1
72 48 2 1
72 59 7 1
72 65 2 1
73 3 2 1
74 25 3 1
74 50 2 1
74 55 7 1
74 65 1 1
74 72 6 1
74 92 1 1
75 32 8 1
75 37 3 1
75 42 1 1
75 48 1 1
75 51 6 1
75 53 2 1
75 61 6 1
75 71 1 1
75 72 3 1
76 28 5 1
76 44 7 1
76 85 2 1
76 87 6 1
76 91 4 1
76 97 4 1
77 1 5 1
77 6 7 1
77 56 5 1
77 95 7 1
78 19 3 1
78 24 3 1
78 29 1 1
78 68 8 1
79 32 4 1
79 37 7 1
79 42 2 1
79 51 5 1
79 53 2 1
79 72 1 1
79 75 1 1
79 98 1 1
80 7 6 1
80 70 3 1
81 70 3 1
81 88 6 1
82 7 5 1
82 9 1 1
82 63 2 1
82 67 8 1
82 81 6 1
83 12 1 1
83 60 6 1
83 66 2 1
83 84 4 1
83 94 7 1
84 5 1 1
84 12 1 1
84 33 2 1
84 35 7 1
84 60 7 1
84 69 8 1
85 32 4 1
85 35 1 1
85 37 2 1
85 42 4 1
85 51 4 1
85 72 7 1
85 79 5 1
85 98 1 1
86 21 1 1
86 25 1 1
86 31 1 1
86 48 4 1
86 61 5 1
86 74 1 1
87 0 6 1
87 32 3 1
87 43 4 1
87 50 1 1
87 97 3 1
88 7 5 1
88 63 2 1
88 70 8 1
88 82 3 1
88 99 4 1
89 1 5 1
89 14 8 1
89 39 4 1
89 43 1 1
90 1 1 1
90 52 4 1
90 56 4 1
90 77 2 1
90 95 2 1
91 0 2 1
91 27 8 1
91 28 8 1
91 36 2 1
91 66 4 1
91 69 8 1
92 10 1 1
92 48 4 1
92 50 7 1
92 55 4 1
92 59 7 1
92 71 6 1
92 72 6 1
92 86 2 1
93 11 3 1
93 13 7 1
93 15 4 1
93 33 7 1
93 35 8 1
93 37 2 1
93 42 4 1
93 49 7 1
93 51 5 1
93 79 3 1
93 84 1 1
94 84 4 1
94 93 4 1
95 9 5 1
95 45 8 1
95 46 1 1
95 56 2 1
95 89 1 1
96 22 2 1
96 25 7 1
96 37 8 1
96 41 2 1
96 42 4 1
96 48 8 1
96 51 7 1
96 65 7 1
96 75 6 1
96 79 2 1
96 85 1 1
96 93 5 1
96 98 6 1
97 28 5 1
97 50 2 1
97 57 5 1
97 72 3 1
97 85 8 1
98 37 2 1
98 51 8 1
98 53 2 1
98 65 3 1
98 75 6 1
98 93 8 1
99 7 1 1
99 70 1 1
99 80 7 1
99 81 8 1
