0 1 1 9
0 4 1 19
0 7 1 4
0 8 1 2
0 9 1 4
0 15 1 16
0 16 1 11
0 25 1 18
0 31 1 12
0 32 1 13
0 34 1 5
0 38 1 8
0 43 1 6
0 47 1 12
0 51 1 3
0 54 1 1
0 56 1 20
0 57 1 6
0 59 1 19
0 61 1 14
0 68 1 14
0 75 1 7
0 78 1 16
0 84 1 8
0 85 1 7
0 91 1 14
0 94 1 13
0 96 1 3
0 98 1 4
0 112 1 20
0 113 1 2
0 114 1 13
0 118 1 17
0 126 1 3
0 129 1 16
0 131 1 13
0 133 1 16
0 136 1 20
0 140 1 15
0 148 1 2
0 151 1 3
0 152 1 10
0 154 1 11
0 158 1 19
0 161 1 15
0 168 1 15
0 176 1 13
0 179 1 6
0 184 1 13
0 187 1 8
0 188 1 9
0 189 1 11
0 192 1 2
0 195 1 14
1 5 1 20
1 7 1 4
1 11 1 20
1 12 1 9
1 13 1 5
1 19 1 8
1 20 1 8
1 22 1 9
1 31 1 9
1 36 1 14
1 39 1 15
1 45 1 1
1 49 1 20
1 52 1 1
1 55 1 11
1 59 1 10
1 65 1 3
1 71 1 14
1 72 1 5
1 75 1 11
1 78 1 5
1 85 1 7
1 94 1 2
1 100 1 11
1 102 1 12
1 103 1 12
1 105 1 4
1 107 1 4
1 112 1 15
1 113 1 17
1 114 1 7
1 120 1 4
1 121 1 11
1 123 1 9
1 126 1 14
1 131 1 3
1 135 1 4
1 137 1 18
1 143 1 1
1 148 1 17
1 149 1 19
1 150 1 12
1 152 1 15
1 154 1 19
1 160 1 7
1 163 1 5
1 164 1 15
1 168 1 15
1 176 1 2
1 177 1 7
1 180 1 20
1 181 1 2
1 185 1 10
1 187 1 11
1 197 1 2
1 199 1 11
2 0 1 6
2 1 1 2
2 20 1 12
2 49 1 14
2 57 1 12
2 58 1 8
2 72 1 10
2 75 1 4
2 76 1 10
2 79 1 18
2 98 1 2
2 102 1 19
2 107 1 15
2 113 1 17
2 116 1 16
2 118 1 4
2 143 1 9
2 150 1 2
2 152 1 8
2 156 1 14
2 168 1 14
2 176 1 18
2 178 1 20
2 184 1 14
2 188 1 8
2 195 1 5
3 0 1 20
3 1 1 15
3 6 1 3
3 8 1 8
3 19 1 4
3 23 1 1
3 30 1 20
3 49 1 17
3 52 1 18
3 54 1 15
3 55 1 13
3 59 1 11
3 61 1 18
3 62 1 15
3 65 1 17
3 73 1 16
3 89 1 7
3 95 1 14
3 100 1 14
3 105 1 5
3 116 1 9
3 138 1 10
3 161 1 14
3 163 1 6
3 164 1 19
3 174 1 5
3 178 1 9
3 188 1 11
3 197 1 16
4 3 1 9
4 5 1 11
4 7 1 3
4 22 1 19
4 24 1 3
4 43 1 20
4 44 1 18
4 49 1 12
4 54 1 18
4 55 1 9
4 59 1 20
4 69 1 2
4 71 1 7
4 86 1 14
4 95 1 11
4 100 1 8
4 102 1 20
4 112 1 19
4 114 1 7
4 116 1 14
4 122 1 19
4 126 1 4
4 129 1 20
4 130 1 8
4 138 1 10
4 141 1 7
4 150 1 13
4 152 1 19
4 161 1 2
4 178 1 19
4 185 1 17
4 194 1 8
5 3 1 5
5 6 1 17
5 7 1 2
5 8 1 14
5 17 1 2
5 21 1 12
5 24 1 8
5 26 1 1
5 31 1 13
5 34 1 2
5 36 1 17
5 38 1 15
5 44 1 10
5 45 1 2
5 54 1 19
5 55 1 8
5 59 1 12
5 61 1 17
5 62 1 10
5 63 1 7
5 68 1 12
5 69 1 6
5 70 1 9
5 77 1 16
5 86 1 20
5 87 1 8
5 90 1 6
5 105 1 1
5 112 1 14
5 121 1 5
5 122 1 16
5 124 1 7
5 128 1 13
5 129 1 7
5 131 1 2
5 140 1 16
5 143 1 4
5 146 1 20
5 148 1 7
5 151 1 16
5 155 1 15
5 158 1 18
5 161 1 13
5 162 1 18
5 165 1 19
5 166 1 5
5 167 1 12
5 173 1 9
5 175 1 3
5 177 1 18
5 178 1 14
5 179 1 5
5 180 1 14
5 181 1 16
5 187 1 14
5 189 1 9
5 194 1 18
5 196 1 13
5 197 1 3
5 198 1 13
6 1 1 4
6 10 1 11
6 17 1 12
6 23 1 11
6 24 1 15
6 26 1 16
6 27 1 10
6 36 1 11
6 38 1 12
6 40 1 7
6 52 1 11
6 53 1 8
6 54 1 8
6 61 1 15
6 63 1 11
6 68 1 2
6 80 1 15
6 86 1 5
6 87 1 18
6 89 1 8
6 91 1 4
6 100 1 11
6 103 1 19
6 105 1 5
6 109 1 16
6 110 1 9
6 115 1 8
6 116 1 13
6 126 1 2
6 127 1 5
6 131 1 17
6 136 1 14
6 138 1 17
6 146 1 4
6 149 1 8
6 155 1 5
6 160 1 3
6 161 1 17
6 163 1 15
6 165 1 20
6 171 1 6
6 181 1 10
6 187 1 11
6 190 1 3
6 198 1 15
7 2 1 18
7 8 1 17
7 9 1 12
7 11 1 13
7 13 1 8
7 15 1 4
7 20 1 9
7 31 1 4
7 35 1 12
7 36 1 8
7 38 1 10
7 39 1 16
7 41 1 2
7 43 1 3
7 44 1 18
7 51 1 16
7 53 1 20
7 55 1 19
7 56 1 17
7 58 1 13
7 61 1 13
7 65 1 8
7 69 1 4
7 70 1 3
7 71 1 5
7 72 1 9
7 74 1 14
7 80 1 16
7 82 1 5
7 94 1 12
7 99 1 10
7 105 1 17
7 107 1 18
7 108 1 11
7 112 1 16
7 114 1 2
7 118 1 18
7 123 1 15
7 126 1 15
7 127 1 15
7 129 1 16
7 131 1 6
7 135 1 10
7 140 1 18
7 141 1 19
7 143 1 6
7 149 1 8
7 156 1 10
7 158 1 19
7 161 1 14
7 163 1 1
7 164 1 11
7 168 1 1
7 169 1 18
7 174 1 5
7 177 1 4
7 181 1 1
7 192 1 11
8 1 1 10
8 9 1 8
8 23 1 16
8 24 1 1
8 31 1 8
8 32 1 10
8 34 1 9
8 55 1 19
8 56 1 5
8 59 1 9
8 69 1 5
8 73 1 7
8 84 1 7
8 100 1 20
8 105 1 4
8 116 1 16
8 120 1 6
8 122 1 16
8 125 1 7
8 126 1 14
8 127 1 9
8 130 1 9
8 138 1 2
8 153 1 5
8 158 1 4
8 174 1 20
8 178 1 9
8 181 1 15
9 2 1 8
9 3 1 17
9 4 1 9
9 11 1 5
9 20 1 19
9 25 1 10
9 31 1 2
9 32 1 11
9 36 1 11
9 44 1 13
9 51 1 4
9 56 1 2
9 57 1 8
9 65 1 16
9 69 1 11
9 71 1 15
9 73 1 20
9 78 1 12
9 92 1 12
9 94 1 19
9 96 1 1
9 98 1 15
9 102 1 11
9 105 1 10
9 107 1 14
9 108 1 4
9 116 1 17
9 118 1 18
9 124 1 3
9 126 1 4
9 127 1 17
9 128 1 6
9 131 1 8
9 133 1 12
9 140 1 17
9 141 1 5
9 143 1 15
9 150 1 19
9 151 1 11
9 154 1 14
9 164 1 15
9 169 1 19
9 189 1 6
9 192 1 19
9 197 1 13
10 5 1 1
10 11 1 8
10 13 1 16
10 26 1 3
10 27 1 6
10 29 1 3
10 30 1 11
10 36 1 17
10 42 1 6
10 45 1 10
10 46 1 11
10 48 1 10
10 53 1 13
10 63 1 11
10 64 1 14
10 66 1 9
10 68 1 18
10 70 1 8
10 74 1 9
10 80 1 6
10 82 1 18
10 87 1 16
10 90 1 13
10 93 1 3
10 97 1 19
10 106 1 16
10 111 1 1
10 115 1 6
10 121 1 7
10 130 1 20
10 131 1 8
10 137 1 3
10 140 1 12
10 145 1 1
10 160 1 1
10 161 1 8
10 162 1 11
10 165 1 18
10 166 1 19
10 177 1 18
10 183 1 3
10 191 1 13
10 193 1 12
10 199 1 11
11 0 1 17
11 6 1 5
11 14 1 12
11 18 1 20
11 22 1 7
11 28 1 19
11 33 1 17
11 34 1 13
11 36 1 6
11 40 1 10
11 45 1 17
11 47 1 14
11 48 1 14
11 50 1 13
11 54 1 9
11 63 1 14
11 69 1 6
11 70 1 9
11 74 1 10
11 76 1 7
11 82 1 18
11 85 1 6
11 87 1 11
11 94 1 2
11 97 1 11
11 104 1 4
11 105 1 16
11 114 1 10
11 116 1 15
11 123 1 12
11 126 1 11
11 131 1 2
11 132 1 19
11 133 1 2
11 137 1 10
11 140 1 12
11 145 1 2
11 150 1 14
11 151 1 17
11 154 1 2
11 156 1 13
11 157 1 13
11 159 1 3
11 162 1 2
11 170 1 7
11 171 1 10
11 182 1 14
11 183 1 11
11 191 1 16
11 192 1 15
12 0 1 4
12 5 1 20
12 6 1 15
12 11 1 6
12 16 1 6
12 17 1 2
12 21 1 13
12 23 1 7
12 24 1 9
12 26 1 10
12 27 1 17
12 30 1 10
12 37 1 14
12 42 1 10
12 43 1 8
12 45 1 3
12 52 1 5
12 56 1 3
12 60 1 4
12 61 1 20
12 67 1 2
12 68 1 9
12 91 1 19
12 94 1 6
12 101 1 4
12 105 1 20
12 106 1 6
12 109 1 6
12 112 1 7
12 122 1 6
12 126 1 8
12 130 1 7
12 131 1 3
12 133 1 7
12 134 1 14
12 136 1 10
12 140 1 17
12 141 1 16
12 144 1 18
12 145 1 16
12 146 1 8
12 147 1 17
12 165 1 10
12 170 1 4
12 173 1 17
12 179 1 20
12 180 1 12
12 181 1 12
12 183 1 8
12 190 1 19
12 198 1 9
13 0 1 14
13 5 1 20
13 6 1 1
13 12 1 3
13 14 1 4
13 17 1 19
13 18 1 3
13 19 1 5
13 21 1 14
13 28 1 13
13 30 1 15
13 37 1 11
13 38 1 8
13 40 1 7
13 41 1 8
13 44 1 8
13 49 1 10
13 56 1 13
13 67 1 3
13 72 1 10
13 77 1 14
13 93 1 10
13 94 1 9
13 97 1 18
13 99 1 2
13 104 1 5
13 111 1 15
13 130 1 18
13 132 1 8
13 140 1 16
13 141 1 8
13 142 1 4
13 143 1 7
13 144 1 10
13 145 1 19
13 146 1 10
13 149 1 5
13 150 1 14
13 151 1 4
13 153 1 2
13 154 1 9
13 157 1 11
13 159 1 5
13 160 1 8
13 161 1 4
13 166 1 3
13 173 1 3
13 175 1 13
13 177 1 1
13 179 1 10
13 180 1 12
13 181 1 4
13 186 1 7
13 188 1 10
13 191 1 19
13 192 1 16
13 199 1 11
14 10 1 10
14 15 1 1
14 26 1 19
14 28 1 4
14 29 1 12
14 35 1 11
14 40 1 14
14 45 1 8
14 46 1 1
14 48 1 3
14 53 1 3
14 63 1 2
14 64 1 14
14 68 1 18
14 74 1 5
14 80 1 20
14 81 1 6
14 83 1 9
14 94 1 16
14 101 1 20
14 107 1 20
14 109 1 18
14 119 1 20
14 144 1 8
14 147 1 19
14 149 1 6
14 160 1 1
14 170 1 11
14 171 1 10
14 172 1 2
14 173 1 17
14 177 1 4
14 179 1 7
14 182 1 15
14 193 1 18
15 1 1 7
15 5 1 10
15 10 1 16
15 11 1 3
15 12 1 5
15 16 1 17
15 19 1 16
15 21 1 11
15 26 1 18
15 28 1 2
15 30 1 3
15 31 1 11
15 32 1 10
15 35 1 14
15 38 1 11
15 42 1 7
15 46 1 3
15 52 1 9
15 60 1 16
15 63 1 14
15 64 1 11
15 67 1 1
15 70 1 18
15 77 1 4
15 82 1 15
15 83 1 18
15 84 1 3
15 87 1 4
15 94 1 16
15 100 1 9
15 105 1 16
15 106 1 20
15 107 1 18
15 110 1 15
15 111 1 18
15 112 1 14
15 116 1 17
15 127 1 13
15 130 1 7
15 131 1 14
15 137 1 6
15 138 1 3
15 141 1 4
15 142 1 12
15 144 1 1
15 146 1 10
15 149 1 2
15 150 1 13
15 153 1 2
15 154 1 16
15 159 1 19
15 160 1 14
15 166 1 13
15 167 1 11
15 171 1 8
15 172 1 18
15 177 1 7
15 190 1 4
15 193 1 6
15 196 1 19
15 198 1 12
16 1 1 8
16 4 1 6
16 5 1 9
16 6 1 5
16 8 1 18
16 13 1 11
16 21 1 4
16 24 1 5
16 27 1 9
16 30 1 20
16 31 1 16
16 38 1 6
16 40 1 13
16 43 1 12
16 45 1 8
16 54 1 11
16 59 1 19
16 62 1 15
16 63 1 1
16 74 1 12
16 80 1 18
16 82 1 8
16 86 1 5
16 90 1 15
16 100 1 7
16 103 1 15
16 109 1 7
16 129 1 15
16 130 1 10
16 134 1 10
16 138 1 3
16 147 1 20
16 158 1 15
16 161 1 10
16 162 1 4
16 163 1 7
16 165 1 1
16 173 1 8
16 175 1 16
16 181 1 13
16 183 1 11
16 187 1 14
16 192 1 16
16 194 1 13
16 196 1 7
17 10 1 13
17 16 1 2
17 21 1 20
17 26 1 12
17 27 1 2
17 42 1 11
17 46 1 6
17 66 1 18
17 77 1 15
17 82 1 19
17 88 1 4
17 89 1 10
17 90 1 12
17 101 1 2
17 121 1 10
17 134 1 8
17 137 1 12
17 142 1 15
17 144 1 3
17 147 1 11
17 155 1 19
17 159 1 14
17 162 1 1
17 170 1 17
17 177 1 19
17 179 1 15
17 196 1 8
18 10 1 17
18 14 1 6
18 15 1 6
18 33 1 12
18 35 1 10
18 45 1 8
18 48 1 14
18 50 1 13
18 53 1 11
18 60 1 6
18 64 1 17
18 66 1 8
18 67 1 2
18 68 1 15
18 87 1 16
18 97 1 9
18 104 1 7
18 109 1 15
18 124 1 16
18 140 1 8
18 147 1 15
18 149 1 8
18 151 1 17
18 159 1 10
18 160 1 7
18 171 1 2
18 172 1 19
18 180 1 19
18 182 1 13
18 193 1 12
19 0 1 17
19 5 1 19
19 6 1 3
19 7 1 15
19 8 1 19
19 12 1 19
19 16 1 5
19 22 1 16
19 23 1 18
19 30 1 14
19 32 1 13
19 36 1 12
19 41 1 17
19 44 1 14
19 45 1 14
19 46 1 16
19 47 1 10
19 49 1 18
19 52 1 4
19 55 1 7
19 56 1 17
19 61 1 3
19 69 1 19
19 70 1 17
19 71 1 1
19 72 1 1
19 73 1 13
19 75 1 19
19 83 1 2
19 86 1 4
19 87 1 10
19 98 1 11
19 100 1 13
19 102 1 5
19 105 1 7
19 109 1 18
19 113 1 19
19 114 1 9
19 118 1 13
19 121 1 6
19 123 1 8
19 124 1 18
19 130 1 1
19 133 1 19
19 135 1 11
19 138 1 7
19 147 1 16
19 152 1 4
19 153 1 12
19 156 1 10
19 160 1 13
19 161 1 20
19 169 1 16
19 170 1 5
19 174 1 19
19 176 1 19
19 188 1 1
19 189 1 3
19 190 1 10
19 196 1 1
19 197 1 12
19 198 1 5
20 11 1 15
20 25 1 15
20 69 1 8
20 71 1 15
20 75 1 15
20 76 1 6
20 84 1 6
20 98 1 19
20 107 1 6
20 108 1 5
20 113 1 12
20 118 1 10
20 124 1 13
20 151 1 16
20 154 1 20
20 178 1 15
20 184 1 13
20 186 1 5
20 188 1 16
21 10 1 14
21 14 1 7
21 23 1 12
21 27 1 1
21 33 1 10
21 38 1 20
21 45 1 16
21 54 1 15
21 63 1 17
21 66 1 9
21 77 1 9
21 80 1 20
21 88 1 6
21 89 1 10
21 100 1 17
21 106 1 13
21 111 1 13
21 130 1 3
21 131 1 5
21 133 1 15
21 134 1 12
21 159 1 19
21 162 1 3
21 167 1 15
21 170 1 6
21 191 1 10
21 196 1 19
22 0 1 20
22 2 1 20
22 5 1 20
22 7 1 11
22 13 1 19
22 15 1 13
22 24 1 18
22 25 1 9
22 28 1 18
22 35 1 12
22 36 1 14
22 53 1 14
22 68 1 19
22 69 1 6
22 72 1 8
22 75 1 10
22 78 1 19
22 79 1 10
22 80 1 8
22 82 1 16
22 85 1 14
22 97 1 6
22 98 1 20
22 102 1 9
22 103 1 19
22 113 1 17
22 114 1 17
22 124 1 1
22 126 1 1
22 127 1 9
22 130 1 7
22 133 1 15
22 136 1 6
22 140 1 4
22 147 1 19
22 149 1 16
22 152 1 9
22 157 1 4
22 160 1 18
22 164 1 8
22 174 1 1
22 176 1 12
22 177 1 16
22 180 1 13
22 182 1 18
22 186 1 7
22 188 1 7
22 189 1 13
22 197 1 9
23 5 1 2
23 13 1 4
23 16 1 13
23 24 1 12
23 27 1 19
23 30 1 2
23 32 1 6
23 43 1 1
23 44 1 6
23 45 1 12
23 49 1 2
23 52 1 10
23 56 1 8
23 61 1 9
23 70 1 9
23 82 1 7
23 88 1 19
23 90 1 19
23 95 1 1
23 100 1 5
23 114 1 3
23 115 1 14
23 126 1 16
23 127 1 15
23 130 1 1
23 131 1 3
23 134 1 7
23 135 1 12
23 138 1 16
23 146 1 19
23 147 1 14
23 156 1 13
23 162 1 5
23 163 1 4
23 165 1 4
23 170 1 2
23 177 1 4
23 181 1 16
23 183 1 17
23 187 1 10
23 192 1 6
23 198 1 19
24 0 1 4
24 1 1 13
24 3 1 2
24 7 1 3
24 13 1 8
24 19 1 7
24 30 1 6
24 39 1 19
24 43 1 1
24 44 1 11
24 45 1 14
24 49 1 14
24 52 1 10
24 53 1 15
24 56 1 5
24 61 1 19
24 62 1 2
24 69 1 4
24 70 1 20
24 73 1 20
24 82 1 12
24 86 1 12
24 91 1 16
24 95 1 1
24 100 1 12
24 105 1 18
24 109 1 12
24 114 1 7
24 116 1 14
24 124 1 18
24 129 1 14
24 135 1 11
24 136 1 12
24 137 1 18
24 138 1 12
24 140 1 14
24 148 1 9
24 149 1 9
24 152 1 5
24 153 1 16
24 156 1 6
24 158 1 9
24 160 1 16
24 161 1 8
24 163 1 13
24 164 1 10
24 169 1 17
24 170 1 7
24 179 1 18
24 180 1 19
24 183 1 12
24 184 1 10
24 185 1 8
24 188 1 18
24 192 1 7
24 197 1 2
24 199 1 18
25 2 1 8
25 7 1 20
25 49 1 7
25 51 1 8
25 57 1 4
25 69 1 17
25 72 1 3
25 76 1 1
25 78 1 15
25 85 1 2
25 96 1 10
25 98 1 16
25 99 1 6
25 102 1 4
25 150 1 2
25 151 1 17
25 152 1 13
25 168 1 5
25 169 1 10
25 188 1 15
25 189 1 15
25 195 1 4
25 197 1 16
26 11 1 4
26 13 1 5
26 16 1 19
26 18 1 8
26 19 1 18
26 23 1 2
26 24 1 1
26 27 1 4
26 29 1 14
26 31 1 18
26 40 1 15
26 42 1 19
26 45 1 12
26 46 1 17
26 48 1 1
26 53 1 20
26 60 1 4
26 64 1 6
26 67 1 12
26 68 1 11
26 77 1 5
26 81 1 10
26 82 1 18
26 90 1 8
26 100 1 13
26 103 1 15
26 105 1 2
26 109 1 8
26 126 1 5
26 130 1 12
26 134 1 11
26 136 1 5
26 141 1 4
26 143 1 13
26 145 1 11
26 146 1 15
26 149 1 5
26 150 1 13
26 156 1 7
26 157 1 18
26 165 1 15
26 166 1 18
26 172 1 10
26 179 1 12
26 180 1 10
26 182 1 12
26 193 1 15
27 5 1 14
27 13 1 8
27 15 1 15
27 30 1 13
27 40 1 16
27 42 1 15
27 59 1 12
27 60 1 7
27 67 1 19
27 80 1 19
27 88 1 5
27 89 1 3
27 90 1 7
27 100 1 2
27 111 1 6
27 115 1 10
27 131 1 3
27 144 1 13
27 145 1 8
27 159 1 17
27 173 1 6
27 179 1 18
27 191 1 10
27 196 1 16
27 199 1 14
28 5 1 18
28 10 1 20
28 12 1 1
28 18 1 14
28 29 1 1
28 35 1 6
28 36 1 14
28 37 1 20
28 40 1 7
28 41 1 8
28 50 1 9
28 63 1 17
28 68 1 2
28 81 1 1
28 82 1 17
28 83 1 10
28 85 1 15
28 87 1 4
28 99 1 20
28 101 1 7
28 103 1 16
28 104 1 4
28 105 1 4
28 107 1 14
28 114 1 20
28 117 1 14
28 119 1 8
28 132 1 10
28 147 1 16
28 149 1 6
28 151 1 13
28 154 1 1
28 157 1 6
28 159 1 5
28 160 1 7
28 167 1 4
28 177 1 6
28 180 1 11
28 186 1 4
28 190 1 3
28 193 1 6
29 11 1 14
29 18 1 9
29 33 1 4
29 38 1 12
29 41 1 16
29 50 1 6
29 53 1 3
29 60 1 20
29 63 1 7
29 68 1 8
29 81 1 16
29 97 1 4
29 106 1 4
29 107 1 6
29 109 1 17
29 119 1 5
29 132 1 14
29 133 1 18
29 139 1 15
29 147 1 12
29 151 1 1
29 157 1 10
29 159 1 10
29 160 1 16
29 162 1 5
29 190 1 1
29 192 1 15
29 193 1 12
30 5 1 14
30 17 1 9
30 26 1 15
30 36 1 12
30 40 1 12
30 43 1 13
30 46 1 15
30 52 1 2
30 54 1 2
30 61 1 10
30 80 1 11
30 82 1 15
30 89 1 20
30 100 1 8
30 110 1 5
30 112 1 17
30 114 1 7
30 121 1 15
30 126 1 9
30 131 1 3
30 134 1 8
30 136 1 19
30 138 1 20
30 142 1 2
30 144 1 19
30 146 1 6
30 156 1 19
30 159 1 4
30 161 1 8
30 166 1 7
30 170 1 14
30 177 1 9
30 179 1 16
30 191 1 15
30 198 1 15
31 3 1 7
31 10 1 20
31 11 1 13
31 12 1 10
31 13 1 7
31 19 1 19
31 22 1 14
31 23 1 5
31 24 1 7
31 28 1 12
31 30 1 7
31 32 1 7
31 37 1 20
31 39 1 12
31 40 1 8
31 44 1 14
31 46 1 11
31 51 1 14
31 52 1 1
31 59 1 14
31 60 1 5
31 65 1 2
31 66 1 2
31 68 1 17
31 73 1 5
31 74 1 5
31 79 1 16
31 80 1 2
31 82 1 18
31 83 1 13
31 86 1 16
31 87 1 20
31 88 1 8
31 92 1 11
31 93 1 12
31 94 1 6
31 98 1 5
31 102 1 2
31 103 1 10
31 105 1 7
31 107 1 13
31 115 1 2
31 118 1 10
31 121 1 1
31 123 1 12
31 126 1 16
31 127 1 5
31 128 1 7
31 130 1 13
31 133 1 6
31 136 1 14
31 140 1 8
31 143 1 6
31 145 1 17
31 150 1 2
31 157 1 11
31 158 1 4
31 159 1 12
31 161 1 1
31 162 1 7
31 163 1 14
31 164 1 4
31 171 1 4
31 173 1 10
31 174 1 18
31 182 1 8
31 183 1 7
31 184 1 7
31 186 1 17
31 187 1 20
31 188 1 2
31 190 1 9
31 191 1 17
31 192 1 3
31 193 1 9
31 197 1 16
31 199 1 10
32 1 1 6
32 3 1 9
32 4 1 17
32 6 1 8
32 7 1 8
32 12 1 18
32 16 1 3
32 24 1 9
32 30 1 14
32 34 1 17
32 44 1 6
32 54 1 20
32 59 1 7
32 61 1 5
32 62 1 20
32 65 1 15
32 80 1 10
32 89 1 16
32 100 1 8
32 105 1 6
32 111 1 20
32 114 1 1
32 120 1 17
32 122 1 14
32 126 1 20
32 127 1 5
32 136 1 12
32 137 1 2
32 158 1 7
32 161 1 7
32 163 1 7
32 166 1 18
32 175 1 12
32 177 1 5
32 183 1 19
32 198 1 16
33 10 1 2
33 12 1 2
33 14 1 7
33 15 1 13
33 26 1 18
33 31 1 4
33 37 1 17
33 46 1 7
33 48 1 3
33 66 1 6
33 67 1 10
33 82 1 9
33 83 1 7
33 93 1 16
33 94 1 10
33 97 1 19
33 103 1 6
33 104 1 11
33 106 1 7
33 107 1 1
33 124 1 4
33 132 1 3
33 133 1 12
33 144 1 9
33 147 1 13
33 149 1 1
33 151 1 12
33 160 1 20
33 167 1 3
33 171 1 13
33 172 1 6
33 177 1 11
33 180 1 2
33 191 1 2
33 192 1 11
34 1 1 11
34 3 1 17
34 7 1 3
34 9 1 6
34 12 1 6
34 13 1 11
34 15 1 9
34 16 1 20
34 19 1 18
34 24 1 14
34 31 1 11
34 43 1 2
34 45 1 3
34 52 1 20
34 56 1 16
34 59 1 9
34 65 1 18
34 69 1 1
34 70 1 14
34 86 1 1
34 91 1 14
34 95 1 18
34 98 1 2
34 100 1 8
34 103 1 3
34 120 1 10
34 121 1 20
34 127 1 14
34 129 1 3
34 131 1 16
34 133 1 10
34 143 1 8
34 146 1 2
34 156 1 14
34 163 1 9
34 169 1 6
34 179 1 16
34 183 1 17
34 186 1 13
34 188 1 12
34 192 1 11
35 0 1 3
35 11 1 10
35 20 1 18
35 29 1 3
35 31 1 19
35 33 1 10
35 37 1 1
35 40 1 8
35 47 1 18
35 48 1 16
35 60 1 2
35 66 1 8
35 72 1 17
35 75 1 20
35 76 1 6
35 81 1 7
35 82 1 3
35 85 1 11
35 87 1 6
35 94 1 20
35 104 1 17
35 108 1 1
35 113 1 6
35 117 1 15
35 118 1 1
35 141 1 14
35 145 1 12
35 147 1 19
35 151 1 6
35 155 1 19
35 173 1 15
35 177 1 3
35 178 1 4
35 179 1 17
35 180 1 6
35 184 1 14
35 186 1 2
35 188 1 19
35 190 1 12
35 191 1 20
35 193 1 17
35 195 1 1
36 0 1 20
36 4 1 8
36 12 1 15
36 13 1 16
36 15 1 20
36 18 1 18
36 20 1 15
36 24 1 13
36 26 1 19
36 33 1 16
36 34 1 1
36 35 1 19
36 37 1 8
36 39 1 2
36 43 1 8
36 45 1 4
36 47 1 10
36 48 1 7
36 49 1 5
36 51 1 2
36 53 1 4
36 55 1 8
36 63 1 11
36 64 1 3
36 65 1 15
36 66 1 14
36 67 1 15
36 72 1 19
36 75 1 17
36 76 1 18
36 80 1 2
36 81 1 10
36 82 1 14
36 84 1 13
36 87 1 12
36 88 1 1
36 91 1 15
36 92 1 2
36 93 1 1
36 97 1 3
36 105 1 12
36 108 1 5
36 111 1 19
36 114 1 6
36 115 1 3
36 118 1 3
36 127 1 13
36 135 1 9
36 136 1 9
36 140 1 18
36 141 1 3
36 144 1 20
36 147 1 1
36 149 1 11
36 151 1 12
36 153 1 5
36 157 1 1
36 158 1 8
36 161 1 19
36 162 1 3
36 163 1 6
36 164 1 13
36 167 1 19
36 171 1 7
36 174 1 13
36 176 1 5
36 178 1 15
36 181 1 5
36 184 1 18
36 186 1 7
36 188 1 18
36 190 1 5
36 191 1 18
36 193 1 11
36 198 1 20
36 199 1 16
37 5 1 18
37 6 1 16
37 10 1 16
37 11 1 13
37 14 1 4
37 18 1 10
37 19 1 8
37 21 1 6
37 26 1 14
37 27 1 19
37 38 1 9
37 46 1 19
37 48 1 20
37 53 1 11
37 74 1 1
37 80 1 7
37 81 1 12
37 83 1 14
37 90 1 2
37 93 1 20
37 101 1 9
37 107 1 13
37 111 1 5
37 117 1 12
37 132 1 14
37 145 1 18
37 147 1 13
37 151 1 14
37 157 1 17
37 160 1 7
37 162 1 8
37 166 1 13
37 170 1 7
37 171 1 12
37 173 1 18
37 180 1 2
37 191 1 12
37 192 1 11
37 193 1 11
37 199 1 8
38 1 1 5
38 11 1 13
38 12 1 4
38 17 1 20
38 18 1 15
38 19 1 20
38 22 1 10
38 24 1 14
38 27 1 2
38 28 1 4
38 30 1 3
38 31 1 12
38 33 1 5
38 35 1 20
38 36 1 10
38 41 1 8
38 44 1 10
38 48 1 11
38 55 1 11
38 56 1 7
38 59 1 17
38 62 1 1
38 66 1 2
38 67 1 18
38 68 1 15
38 70 1 13
38 74 1 11
38 82 1 2
38 84 1 4
38 85 1 6
38 91 1 1
38 100 1 9
38 101 1 19
38 103 1 13
38 107 1 1
38 110 1 1
38 111 1 15
38 114 1 2
38 116 1 17
38 124 1 17
38 126 1 17
38 127 1 8
38 129 1 15
38 133 1 15
38 135 1 18
38 136 1 4
38 141 1 5
38 144 1 6
38 146 1 16
38 147 1 18
38 149 1 16
38 150 1 8
38 153 1 5
38 157 1 4
38 159 1 19
38 160 1 3
38 161 1 17
38 165 1 4
38 166 1 11
38 170 1 1
38 172 1 10
38 175 1 19
38 179 1 14
38 180 1 13
38 181 1 15
38 182 1 10
38 186 1 9
38 190 1 5
38 191 1 15
38 193 1 7
38 197 1 8
38 199 1 12
39 0 1 9
39 2 1 18
39 4 1 10
39 9 1 7
39 11 1 15
39 20 1 1
39 22 1 3
39 25 1 9
39 35 1 1
39 45 1 14
39 52 1 12
39 57 1 16
39 65 1 9
39 69 1 9
39 75 1 15
39 94 1 3
39 102 1 11
39 114 1 5
39 123 1 17
39 124 1 16
39 126 1 15
39 130 1 2
39 133 1 13
39 140 1 18
39 143 1 19
39 153 1 5
39 154 1 4
39 169 1 13
39 176 1 16
39 178 1 16
39 180 1 16
39 182 1 10
39 188 1 5
39 192 1 17
39 197 1 19
40 5 1 10
40 10 1 9
40 17 1 8
40 21 1 8
40 23 1 19
40 36 1 4
40 37 1 11
40 38 1 14
40 41 1 4
40 45 1 11
40 60 1 4
40 66 1 17
40 67 1 19
40 70 1 13
40 74 1 11
40 81 1 10
40 82 1 3
40 83 1 6
40 89 1 14
40 90 1 3
40 93 1 6
40 97 1 8
40 103 1 17
40 106 1 5
40 118 1 13
40 121 1 13
40 131 1 16
40 141 1 12
40 143 1 8
40 146 1 10
40 147 1 18
40 150 1 7
40 155 1 4
40 163 1 16
40 171 1 9
40 173 1 11
40 186 1 17
40 189 1 19
40 198 1 3
40 199 1 2
41 0 1 3
41 2 1 13
41 15 1 8
41 18 1 10
41 33 1 15
41 35 1 9
41 36 1 10
41 37 1 13
41 39 1 1
41 45 1 1
41 47 1 15
41 50 1 3
41 53 1 5
41 58 1 17
41 64 1 15
41 66 1 1
41 76 1 8
41 84 1 16
41 91 1 17
41 93 1 18
41 97 1 13
41 104 1 8
41 107 1 20
41 113 1 18
41 114 1 10
41 118 1 20
41 119 1 8
41 132 1 16
41 139 1 14
41 143 1 3
41 145 1 4
41 149 1 6
41 150 1 19
41 151 1 3
41 155 1 14
41 159 1 1
41 171 1 14
41 184 1 16
41 188 1 20
41 189 1 3
41 192 1 11
41 193 1 9
41 197 1 7
42 5 1 6
42 16 1 12
42 21 1 7
42 23 1 11
42 38 1 20
42 40 1 19
42 59 1 7
42 77 1 16
42 86 1 11
42 90 1 10
42 101 1 18
42 109 1 12
42 111 1 7
42 121 1 16
42 134 1 12
42 135 1 16
42 137 1 5
42 138 1 19
42 144 1 15
42 146 1 6
42 159 1 16
42 162 1 17
42 165 1 10
42 167 1 2
42 170 1 19
42 173 1 17
42 175 1 9
42 177 1 15
42 199 1 19
43 1 1 1
43 3 1 5
43 6 1 11
43 8 1 16
43 9 1 19
43 15 1 18
43 22 1 16
43 31 1 1
43 32 1 9
43 38 1 2
43 45 1 12
43 73 1 2
43 84 1 11
43 94 1 1
43 98 1 10
43 100 1 3
43 116 1 14
43 120 1 16
43 121 1 14
43 122 1 16
43 125 1 20
43 130 1 16
43 141 1 2
43 146 1 4
43 161 1 20
43 169 1 10
43 174 1 15
43 177 1 8
43 178 1 20
43 181 1 6
43 185 1 11
43 187 1 15
43 188 1 14
43 189 1 10
43 194 1 18
44 0 1 4
44 6 1 2
44 12 1 17
44 26 1 3
44 30 1 17
44 34 1 12
44 36 1 6
44 43 1 14
44 45 1 20
44 49 1 8
44 52 1 12
44 73 1 2
44 77 1 2
44 82 1 19
44 84 1 17
44 94 1 13
44 95 1 1
44 114 1 20
44 115 1 14
44 121 1 16
44 125 1 3
44 126 1 10
44 128 1 6
44 144 1 9
44 146 1 3
44 148 1 18
44 150 1 4
44 152 1 17
44 153 1 20
44 156 1 15
44 158 1 11
44 166 1 10
44 169 1 3
44 170 1 8
44 174 1 1
44 175 1 16
44 179 1 3
44 181 1 13
44 189 1 3
44 192 1 5
44 197 1 20
44 199 1 20
45 0 1 16
45 3 1 7
45 6 1 15
45 7 1 19
45 9 1 19
45 13 1 14
45 28 1 10
45 30 1 4
45 31 1 12
45 32 1 19
45 35 1 13
45 37 1 3
45 47 1 3
45 48 1 10
45 52 1 5
45 53 1 20
45 54 1 10
45 60 1 13
45 62 1 1
45 66 1 8
45 67 1 18
45 68 1 4
45 72 1 9
45 74 1 5
45 75 1 18
45 76 1 6
45 77 1 17
45 79 1 3
45 80 1 4
45 89 1 3
45 91 1 4
45 92 1 19
45 106 1 1
45 115 1 17
45 116 1 7
45 118 1 8
45 121 1 14
45 127 1 16
45 129 1 20
45 130 1 4
45 133 1 15
45 135 1 13
45 136 1 14
45 139 1 20
45 140 1 9
45 143 1 8
45 149 1 9
45 151 1 5
45 155 1 13
45 158 1 19
45 160 1 4
45 161 1 12
45 163 1 4
45 166 1 11
45 167 1 5
45 177 1 19
45 181 1 3
45 182 1 2
45 183 1 20
45 184 1 20
45 187 1 18
45 190 1 13
45 191 1 5
45 192 1 10
45 199 1 2
46 5 1 2
46 6 1 9
46 12 1 4
46 13 1 5
46 16 1 17
46 21 1 6
46 23 1 7
46 36 1 14
46 38 1 11
46 40 1 13
46 42 1 17
46 45 1 3
46 59 1 3
46 60 1 8
46 66 1 2
46 67 1 5
46 70 1 14
46 77 1 14
46 80 1 15
46 88 1 12
46 91 1 8
46 100 1 8
46 101 1 12
46 130 1 1
46 134 1 20
46 138 1 7
46 142 1 4
46 145 1 9
46 147 1 14
46 159 1 18
46 160 1 1
46 165 1 20
46 166 1 7
46 170 1 2
46 177 1 7
46 183 1 13
46 198 1 15
47 1 1 6
47 2 1 9
47 7 1 14
47 9 1 4
47 25 1 6
47 52 1 10
47 53 1 10
47 55 1 1
47 58 1 6
47 62 1 19
47 69 1 5
47 72 1 2
47 75 1 6
47 78 1 19
47 84 1 4
47 85 1 7
47 92 1 5
47 94 1 4
47 96 1 3
47 98 1 11
47 108 1 20
47 118 1 5
47 124 1 16
47 132 1 20
47 133 1 17
47 141 1 8
47 143 1 7
47 150 1 15
47 151 1 6
47 153 1 6
47 154 1 17
47 156 1 10
47 157 1 9
47 169 1 4
47 176 1 7
47 188 1 5
48 13 1 15
48 15 1 18
48 29 1 18
48 40 1 8
48 50 1 15
48 60 1 7
48 63 1 2
48 67 1 13
48 68 1 5
48 74 1 14
48 87 1 9
48 93 1 19
48 97 1 1
48 101 1 12
48 106 1 6
48 107 1 16
48 109 1 7
48 124 1 17
48 139 1 4
48 145 1 8
48 147 1 7
48 159 1 14
48 171 1 14
48 182 1 12
48 190 1 20
48 191 1 1
48 192 1 18
49 0 1 19
49 5 1 6
49 7 1 6
49 8 1 8
49 9 1 5
49 12 1 6
49 15 1 1
49 20 1 2
49 30 1 8
49 31 1 6
49 32 1 3
49 34 1 7
49 38 1 9
49 39 1 3
49 43 1 12
49 45 1 10
49 51 1 9
49 52 1 12
49 54 1 16
49 55 1 2
49 68 1 2
49 70 1 2
49 74 1 20
49 75 1 8
49 80 1 1
49 91 1 15
49 99 1 20
49 100 1 6
49 103 1 11
49 107 1 17
49 116 1 8
49 118 1 20
49 121 1 2
49 122 1 2
49 123 1 8
49 125 1 6
49 126 1 6
49 127 1 11
49 128 1 5
49 129 1 19
49 136 1 18
49 140 1 19
49 141 1 7
49 147 1 13
49 150 1 10
49 154 1 11
49 156 1 19
49 160 1 4
49 169 1 9
49 176 1 13
49 180 1 12
49 187 1 2
49 188 1 10
49 189 1 14
49 199 1 3
50 14 1 5
50 33 1 8
50 35 1 18
50 37 1 5
50 81 1 14
50 92 1 19
50 97 1 12
50 107 1 2
50 117 1 6
50 119 1 14
50 139 1 17
50 145 1 1
50 151 1 13
50 157 1 17
50 171 1 11
50 180 1 12
50 182 1 20
50 191 1 18
51 1 1 7
51 11 1 14
51 19 1 16
51 20 1 2
51 22 1 14
51 35 1 4
51 39 1 2
51 41 1 18
51 45 1 13
51 65 1 3
51 68 1 19
51 69 1 15
51 84 1 18
51 92 1 18
51 94 1 19
51 96 1 4
51 98 1 12
51 99 1 14
51 108 1 15
51 114 1 9
51 132 1 3
51 141 1 3
51 143 1 9
51 149 1 16
51 156 1 14
51 157 1 18
51 176 1 12
51 178 1 5
51 189 1 6
51 192 1 10
51 195 1 2
51 197 1 3
52 4 1 14
52 5 1 17
52 7 1 15
52 9 1 18
52 11 1 19
52 22 1 2
52 32 1 14
52 36 1 17
52 38 1 11
52 43 1 13
52 54 1 16
52 61 1 3
52 62 1 16
52 69 1 9
52 74 1 1
52 84 1 19
52 89 1 20
52 94 1 10
52 95 1 17
52 100 1 5
52 103 1 7
52 107 1 5
52 114 1 12
52 121 1 16
52 122 1 14
52 123 1 18
52 125 1 8
52 131 1 3
52 135 1 20
52 136 1 5
52 137 1 17
52 140 1 18
52 148 1 16
52 156 1 15
52 161 1 19
52 163 1 5
52 164 1 7
52 177 1 19
52 179 1 9
52 180 1 1
52 181 1 5
52 183 1 20
52 184 1 2
52 185 1 12
52 187 1 9
52 188 1 11
52 189 1 20
52 196 1 6
53 0 1 3
53 1 1 3
53 5 1 3
53 11 1 6
53 12 1 11
53 13 1 5
53 15 1 4
53 19 1 5
53 28 1 4
53 33 1 18
53 35 1 16
53 38 1 3
53 39 1 16
53 48 1 14
53 50 1 8
53 51 1 11
53 52 1 8
53 54 1 13
53 55 1 20
53 60 1 5
53 62 1 18
53 64 1 20
53 68 1 2
53 75 1 7
53 84 1 4
53 93 1 2
53 94 1 13
53 97 1 6
53 105 1 12
53 106 1 4
53 114 1 12
53 115 1 4
53 117 1 4
53 118 1 7
53 119 1 18
53 121 1 13
53 130 1 1
53 132 1 6
53 136 1 1
53 143 1 8
53 145 1 13
53 155 1 6
53 156 1 1
53 170 1 12
53 173 1 6
53 178 1 4
53 186 1 12
53 188 1 9
53 189 1 7
53 190 1 15
53 192 1 17
53 199 1 3
54 1 1 7
54 7 1 8
54 8 1 7
54 12 1 19
54 13 1 19
54 23 1 19
54 24 1 9
54 26 1 14
54 31 1 10
54 34 1 13
54 36 1 20
54 40 1 7
54 43 1 16
54 44 1 10
54 55 1 2
54 62 1 18
54 68 1 17
54 70 1 6
54 77 1 11
54 80 1 4
54 82 1 9
54 84 1 1
54 89 1 15
54 94 1 7
54 95 1 12
54 103 1 1
54 107 1 5
54 111 1 13
54 112 1 8
54 120 1 8
54 124 1 3
54 125 1 10
54 126 1 15
54 127 1 16
54 128 1 13
54 135 1 4
54 136 1 12
54 137 1 13
54 138 1 17
54 140 1 16
54 141 1 15
54 143 1 18
54 144 1 17
54 146 1 20
54 147 1 11
54 150 1 1
54 151 1 6
54 156 1 16
54 159 1 9
54 162 1 14
54 166 1 1
54 170 1 18
54 177 1 3
54 180 1 8
54 181 1 17
54 183 1 16
54 188 1 20
54 196 1 2
54 198 1 18
55 0 1 11
55 9 1 20
55 12 1 5
55 13 1 14
55 15 1 15
55 16 1 6
55 22 1 16
55 24 1 7
55 25 1 11
55 32 1 11
55 34 1 17
55 35 1 5
55 39 1 3
55 41 1 2
55 43 1 19
55 45 1 10
55 51 1 6
55 56 1 20
55 58 1 20
55 72 1 11
55 74 1 11
55 75 1 15
55 78 1 1
55 80 1 11
55 84 1 2
55 92 1 20
55 96 1 19
55 105 1 12
55 107 1 18
55 108 1 6
55 109 1 18
55 116 1 7
55 123 1 18
55 124 1 19
55 129 1 10
55 131 1 9
55 136 1 5
55 141 1 15
55 143 1 7
55 150 1 14
55 151 1 16
55 153 1 10
55 156 1 2
55 158 1 18
55 161 1 12
55 163 1 16
55 164 1 11
55 168 1 17
55 169 1 14
55 174 1 12
55 176 1 10
55 184 1 16
55 186 1 5
55 188 1 19
55 197 1 17
56 1 1 18
56 3 1 11
56 5 1 16
56 6 1 13
56 15 1 20
56 16 1 6
56 30 1 7
56 32 1 14
56 43 1 10
56 45 1 15
56 49 1 8
56 52 1 2
56 54 1 8
56 65 1 10
56 70 1 3
56 73 1 6
56 74 1 13
56 77 1 6
56 80 1 15
56 84 1 2
56 95 1 12
56 105 1 19
56 111 1 8
56 116 1 3
56 120 1 3
56 122 1 19
56 125 1 11
56 126 1 8
56 131 1 2
56 133 1 16
56 136 1 10
56 137 1 7
56 146 1 2
56 147 1 14
56 153 1 2
56 161 1 3
56 163 1 8
56 164 1 3
56 167 1 7
56 169 1 10
56 170 1 1
56 174 1 5
56 185 1 4
56 186 1 18
56 187 1 5
56 188 1 20
56 192 1 1
56 196 1 4
56 198 1 17
56 199 1 17
57 1 1 10
57 7 1 14
57 20 1 15
57 47 1 3
57 49 1 19
57 51 1 6
57 55 1 7
57 65 1 19
57 69 1 12
57 78 1 6
57 84 1 9
57 85 1 13
57 96 1 20
57 98 1 2
57 108 1 3
57 113 1 19
57 124 1 3
57 141 1 9
57 143 1 5
57 148 1 14
57 150 1 1
57 154 1 9
57 156 1 5
57 168 1 1
57 176 1 6
57 180 1 13
57 184 1 2
57 186 1 19
57 189 1 10
57 197 1 3
58 0 1 2
58 1 1 3
58 9 1 12
58 20 1 5
58 25 1 10
58 39 1 1
58 57 1 5
58 69 1 13
58 71 1 3
58 72 1 11
58 75 1 12
58 76 1 3
58 78 1 20
58 84 1 7
58 85 1 16
58 96 1 11
58 102 1 12
58 108 1 17
58 123 1 18
58 124 1 14
58 141 1 18
58 151 1 19
58 178 1 11
58 180 1 4
58 184 1 1
58 186 1 11
58 197 1 11
59 12 1 16
59 13 1 11
59 15 1 16
59 23 1 14
59 26 1 8
59 30 1 20
59 36 1 14
59 40 1 13
59 43 1 12
59 44 1 14
59 45 1 4
59 49 1 2
59 52 1 12
59 54 1 3
59 55 1 14
59 56 1 18
59 70 1 8
59 73 1 4
59 74 1 15
59 77 1 3
59 82 1 1
59 91 1 14
59 94 1 17
59 105 1 5
59 110 1 19
59 111 1 20
59 112 1 17
59 121 1 18
59 122 1 14
59 127 1 2
59 128 1 18
59 129 1 11
59 130 1 15
59 133 1 6
59 135 1 7
59 138 1 20
59 144 1 14
59 147 1 6
59 152 1 19
59 158 1 1
59 162 1 14
59 166 1 18
59 170 1 2
59 175 1 1
59 179 1 10
59 192 1 16
59 194 1 10
60 5 1 11
60 6 1 8
60 11 1 8
60 13 1 16
60 14 1 9
60 17 1 14
60 28 1 8
60 36 1 19
60 38 1 1
60 50 1 19
60 63 1 15
60 66 1 1
60 68 1 17
60 74 1 8
60 81 1 7
60 87 1 11
60 88 1 10
60 93 1 13
60 94 1 12
60 109 1 15
60 114 1 17
60 119 1 15
60 121 1 20
60 132 1 5
60 133 1 7
60 137 1 5
60 147 1 11
60 149 1 4
60 155 1 14
60 171 1 4
60 183 1 2
60 198 1 12
61 1 1 11
61 8 1 8
61 16 1 2
61 31 1 3
61 43 1 17
61 49 1 11
61 54 1 3
61 56 1 14
61 59 1 9
61 77 1 15
61 80 1 6
61 100 1 3
61 105 1 1
61 112 1 14
61 114 1 1
61 116 1 1
61 120 1 15
61 125 1 19
61 128 1 20
61 131 1 5
61 135 1 17
61 136 1 3
61 137 1 4
61 138 1 17
61 152 1 11
61 153 1 2
61 156 1 5
61 174 1 17
61 181 1 2
61 196 1 2
61 197 1 5
62 0 1 7
62 1 1 1
62 4 1 12
62 6 1 3
62 7 1 4
62 8 1 20
62 9 1 19
62 11 1 15
62 12 1 14
62 13 1 19
62 15 1 15
62 19 1 14
62 22 1 10
62 23 1 9
62 31 1 7
62 39 1 4
62 43 1 9
62 44 1 10
62 49 1 12
62 51 1 4
62 55 1 17
62 56 1 11
62 61 1 16
62 65 1 20
62 69 1 14
62 72 1 19
62 75 1 8
62 82 1 15
62 84 1 11
62 103 1 13
62 109 1 19
62 114 1 16
62 120 1 16
62 122 1 2
62 123 1 20
62 127 1 2
62 128 1 11
62 129 1 14
62 130 1 11
62 131 1 3
62 137 1 9
62 138 1 19
62 143 1 18
62 147 1 11
62 149 1 7
62 150 1 19
62 151 1 12
62 153 1 4
62 154 1 19
62 160 1 17
62 161 1 6
62 163 1 13
62 164 1 2
62 174 1 8
62 177 1 11
62 179 1 8
62 184 1 1
62 189 1 20
62 196 1 13
62 197 1 2
62 199 1 10
63 12 1 3
63 19 1 16
63 27 1 20
63 31 1 7
63 33 1 2
63 35 1 11
63 37 1 17
63 38 1 3
63 40 1 6
63 41 1 11
63 45 1 16
63 54 1 5
63 59 1 2
63 64 1 9
63 67 1 4
63 68 1 13
63 77 1 16
63 83 1 9
63 87 1 8
63 90 1 10
63 97 1 9
63 104 1 6
63 109 1 14
63 111 1 13
63 118 1 3
63 131 1 15
63 135 1 13
63 136 1 6
63 137 1 1
63 140 1 6
63 141 1 5
63 146 1 19
63 147 1 19
63 155 1 20
63 160 1 4
63 163 1 3
63 165 1 4
63 167 1 9
63 170 1 17
63 171 1 8
63 173 1 17
63 180 1 10
63 183 1 17
63 191 1 10
63 192 1 4
64 11 1 11
64 28 1 14
64 29 1 9
64 33 1 3
64 35 1 17
64 38 1 20
64 40 1 15
64 45 1 5
64 50 1 15
64 60 1 20
64 66 1 1
64 74 1 18
64 92 1 10
64 94 1 7
64 97 1 13
64 101 1 16
64 119 1 10
64 133 1 2
64 140 1 18
64 141 1 18
64 143 1 4
64 145 1 5
64 155 1 9
64 157 1 9
64 159 1 3
64 160 1 9
64 177 1 7
64 179 1 14
64 180 1 17
64 188 1 11
64 190 1 17
65 0 1 9
65 2 1 1
65 4 1 20
65 8 1 19
65 19 1 9
65 20 1 1
65 24 1 6
65 43 1 14
65 44 1 19
65 45 1 11
65 47 1 15
65 49 1 3
65 52 1 14
65 54 1 17
65 55 1 6
65 58 1 9
65 61 1 6
65 70 1 18
65 75 1 10
65 78 1 15
65 94 1 11
65 99 1 16
65 114 1 2
65 116 1 16
65 120 1 20
65 123 1 5
65 124 1 18
65 126 1 4
65 141 1 18
65 143 1 12
65 148 1 6
65 156 1 2
65 169 1 8
65 186 1 3
65 187 1 11
65 189 1 10
66 5 1 6
66 12 1 16
66 15 1 11
66 19 1 2
66 29 1 12
66 37 1 6
66 50 1 14
66 53 1 15
66 63 1 6
66 67 1 7
66 68 1 17
66 82 1 10
66 83 1 18
66 88 1 1
66 91 1 20
66 93 1 1
66 99 1 7
66 101 1 19
66 103 1 17
66 104 1 13
66 106 1 10
66 107 1 7
66 111 1 3
66 114 1 19
66 117 1 17
66 119 1 2
66 124 1 6
66 139 1 13
66 140 1 18
66 147 1 1
66 159 1 15
66 162 1 7
66 166 1 1
66 170 1 11
66 179 1 10
66 188 1 16
66 192 1 19
66 193 1 18
67 5 1 18
67 6 1 8
67 11 1 12
67 17 1 9
67 21 1 12
67 28 1 18
67 29 1 17
67 31 1 5
67 35 1 10
67 37 1 1
67 50 1 10
67 60 1 2
67 64 1 7
67 81 1 8
67 83 1 11
67 87 1 4
67 88 1 5
67 91 1 7
67 94 1 2
67 103 1 20
67 104 1 10
67 109 1 17
67 110 1 2
67 111 1 2
67 118 1 12
67 119 1 18
67 121 1 7
67 133 1 2
67 139 1 5
67 140 1 8
67 142 1 17
67 144 1 9
67 149 1 14
67 155 1 15
67 160 1 16
67 162 1 19
67 165 1 17
67 166 1 7
67 167 1 15
67 173 1 19
67 190 1 20
67 192 1 6
67 193 1 11
67 198 1 4
67 199 1 3
68 7 1 20
68 19 1 10
68 33 1 5
68 36 1 20
68 37 1 1
68 41 1 6
68 55 1 17
68 62 1 14
68 70 1 7
68 72 1 1
68 76 1 14
68 82 1 4
68 83 1 10
68 84 1 12
68 91 1 20
68 97 1 13
68 106 1 9
68 109 1 6
68 113 1 3
68 114 1 3
68 115 1 16
68 118 1 3
68 119 1 20
68 124 1 14
68 130 1 9
68 131 1 7
68 135 1 6
68 137 1 8
68 139 1 5
68 141 1 19
68 144 1 14
68 145 1 3
68 151 1 14
68 153 1 12
68 156 1 5
68 157 1 4
68 159 1 8
68 170 1 20
68 171 1 10
68 173 1 15
68 176 1 18
68 177 1 10
68 178 1 15
68 179 1 18
68 190 1 8
68 191 1 7
68 192 1 18
68 199 1 1
69 0 1 20
69 3 1 5
69 36 1 9
69 43 1 9
69 44 1 18
69 61 1 5
69 65 1 5
69 70 1 7
69 78 1 17
69 80 1 6
69 84 1 4
69 85 1 8
69 105 1 2
69 107 1 5
69 112 1 4
69 113 1 12
69 114 1 18
69 126 1 1
69 128 1 17
69 131 1 16
69 141 1 1
69 149 1 2
69 152 1 15
69 154 1 5
69 158 1 11
69 169 1 15
69 174 1 2
69 178 1 16
69 179 1 11
69 180 1 17
69 192 1 16
70 1 1 14
70 4 1 16
70 6 1 15
70 8 1 11
70 9 1 16
70 12 1 18
70 13 1 10
70 16 1 17
70 22 1 17
70 26 1 19
70 30 1 8
70 31 1 18
70 36 1 8
70 43 1 20
70 44 1 18
70 45 1 6
70 52 1 17
70 53 1 3
70 61 1 16
70 63 1 8
70 82 1 12
70 88 1 12
70 89 1 1
70 94 1 11
70 95 1 16
70 103 1 14
70 105 1 14
70 107 1 6
70 111 1 15
70 114 1 4
70 116 1 1
70 121 1 1
70 124 1 4
70 127 1 18
70 128 1 3
70 131 1 17
70 135 1 18
70 136 1 11
70 137 1 5
70 147 1 9
70 148 1 12
70 149 1 2
70 151 1 16
70 153 1 11
70 156 1 1
70 159 1 4
70 160 1 14
70 161 1 3
70 164 1 19
70 166 1 14
70 169 1 14
70 170 1 20
70 173 1 18
70 178 1 16
70 179 1 8
70 192 1 11
70 194 1 11
70 197 1 14
70 198 1 15
70 199 1 13
71 0 1 11
71 2 1 7
71 25 1 4
71 39 1 2
71 47 1 10
71 49 1 2
71 57 1 3
71 62 1 18
71 65 1 18
71 69 1 18
71 72 1 2
71 73 1 5
71 75 1 8
71 78 1 11
71 92 1 7
71 96 1 16
71 107 1 19
71 113 1 1
71 114 1 8
71 116 1 7
71 126 1 10
71 128 1 2
71 143 1 10
71 152 1 7
71 168 1 16
71 169 1 18
71 176 1 5
71 178 1 19
71 180 1 19
71 186 1 16
71 189 1 19
72 15 1 4
72 20 1 19
72 28 1 3
72 31 1 14
72 38 1 19
72 41 1 9
72 49 1 7
72 51 1 8
72 53 1 18
72 57 1 6
72 64 1 11
72 66 1 3
72 69 1 13
72 74 1 8
72 75 1 10
72 76 1 16
72 79 1 13
72 80 1 17
72 82 1 16
72 84 1 9
72 85 1 12
72 97 1 9
72 98 1 8
72 99 1 17
72 102 1 13
72 109 1 18
72 113 1 6
72 114 1 16
72 118 1 18
72 123 1 3
72 124 1 15
72 130 1 2
72 131 1 6
72 132 1 7
72 133 1 13
72 139 1 18
72 140 1 3
72 150 1 5
72 151 1 14
72 153 1 1
72 156 1 19
72 161 1 19
72 164 1 9
72 178 1 6
72 180 1 20
72 184 1 12
72 189 1 2
72 192 1 4
72 195 1 9
73 1 1 4
73 5 1 17
73 7 1 1
73 32 1 19
73 34 1 17
73 52 1 20
73 54 1 3
73 62 1 7
73 69 1 13
73 75 1 19
73 84 1 19
73 86 1 9
73 95 1 16
73 112 1 4
73 114 1 3
73 116 1 4
73 120 1 9
73 122 1 5
73 126 1 1
73 128 1 14
73 129 1 5
73 130 1 10
73 156 1 4
73 158 1 7
73 161 1 1
73 163 1 17
73 178 1 11
73 181 1 18
73 186 1 2
73 188 1 4
73 197 1 19
74 0 1 13
74 1 1 12
74 12 1 7
74 13 1 3
74 15 1 3
74 17 1 5
74 19 1 9
74 21 1 7
74 22 1 13
74 23 1 5
74 24 1 1
74 26 1 16
74 27 1 3
74 28 1 10
74 30 1 11
74 32 1 15
74 33 1 14
74 34 1 19
74 35 1 6
74 41 1 7
74 42 1 6
74 43 1 14
74 44 1 4
74 46 1 13
74 53 1 6
74 54 1 11
74 62 1 3
74 66 1 4
74 80 1 4
74 86 1 16
74 87 1 20
74 100 1 16
74 101 1 8
74 103 1 20
74 105 1 3
74 106 1 16
74 110 1 18
74 111 1 2
74 112 1 12
74 115 1 14
74 124 1 14
74 129 1 6
74 130 1 18
74 131 1 3
74 133 1 9
74 134 1 20
74 135 1 7
74 136 1 6
74 138 1 3
74 140 1 5
74 146 1 13
74 147 1 7
74 150 1 5
74 151 1 11
74 155 1 16
74 159 1 10
74 160 1 17
74 161 1 14
74 162 1 6
74 165 1 10
74 170 1 6
74 175 1 18
74 183 1 9
74 188 1 8
74 192 1 15
74 193 1 9
74 196 1 5
74 197 1 8
74 198 1 1
74 199 1 8
75 3 1 1
75 9 1 8
75 11 1 3
75 24 1 7
75 25 1 16
75 41 1 17
75 43 1 15
75 52 1 19
75 57 1 5
75 69 1 3
75 70 1 4
75 84 1 4
75 96 1 5
75 107 1 10
75 113 1 11
75 114 1 5
75 118 1 17
75 123 1 8
75 126 1 8
75 129 1 9
75 130 1 19
75 136 1 8
75 140 1 16
75 149 1 1
75 152 1 8
75 154 1 7
75 156 1 14
75 158 1 11
75 180 1 20
75 184 1 6
75 187 1 3
75 189 1 14
75 195 1 3
75 197 1 20
76 0 1 8
76 9 1 12
76 22 1 19
76 28 1 2
76 39 1 4
76 47 1 10
76 50 1 5
76 51 1 3
76 53 1 16
76 55 1 8
76 57 1 19
76 69 1 7
76 75 1 9
76 78 1 8
76 83 1 20
76 85 1 10
76 97 1 10
76 99 1 5
76 113 1 9
76 114 1 4
76 118 1 13
76 140 1 1
76 141 1 12
76 143 1 16
76 149 1 16
76 154 1 1
76 160 1 9
76 178 1 18
76 180 1 5
76 184 1 5
76 186 1 11
76 188 1 19
76 189 1 4
76 193 1 7
77 10 1 9
77 12 1 17
77 19 1 5
77 23 1 10
77 27 1 18
77 30 1 17
77 31 1 5
77 32 1 17
77 34 1 19
77 38 1 7
77 40 1 3
77 43 1 3
77 70 1 1
77 74 1 14
77 80 1 20
77 88 1 1
77 89 1 5
77 90 1 15
77 91 1 14
77 101 1 18
77 103 1 6
77 109 1 16
77 110 1 18
77 122 1 8
77 131 1 8
77 134 1 10
77 135 1 15
77 138 1 1
77 144 1 8
77 146 1 12
77 166 1 20
77 167 1 2
77 183 1 8
77 196 1 19
77 199 1 18
78 7 1 11
78 49 1 9
78 51 1 14
78 75 1 16
78 79 1 18
78 84 1 8
78 96 1 14
78 102 1 1
78 108 1 7
78 113 1 7
78 116 1 9
78 124 1 18
78 143 1 7
78 151 1 19
78 164 1 8
78 168 1 18
78 169 1 15
78 174 1 2
78 176 1 2
78 178 1 8
78 180 1 3
78 184 1 12
78 188 1 20
79 0 1 12
79 7 1 1
79 11 1 3
79 20 1 8
79 28 1 3
79 36 1 13
79 39 1 12
79 47 1 12
79 50 1 14
79 51 1 5
79 53 1 13
79 55 1 18
79 57 1 16
79 58 1 11
79 69 1 11
79 71 1 7
79 75 1 18
79 76 1 15
79 83 1 19
79 93 1 6
79 94 1 7
79 98 1 9
79 113 1 7
79 114 1 4
79 118 1 10
79 124 1 16
79 132 1 15
79 133 1 19
79 140 1 13
79 141 1 19
79 150 1 9
79 153 1 12
79 157 1 17
79 168 1 2
79 184 1 16
79 189 1 7
79 193 1 18
80 0 1 13
80 3 1 14
80 5 1 7
80 11 1 6
80 12 1 15
80 13 1 19
80 15 1 13
80 17 1 7
80 19 1 2
80 24 1 19
80 26 1 3
80 28 1 3
80 35 1 9
80 39 1 1
80 40 1 2
80 41 1 4
80 43 1 15
80 48 1 11
80 52 1 6
80 53 1 14
80 59 1 3
80 63 1 6
80 64 1 7
80 66 1 6
80 67 1 4
80 68 1 9
80 70 1 16
80 82 1 14
80 83 1 15
80 84 1 2
80 87 1 16
80 89 1 5
80 90 1 14
80 94 1 6
80 97 1 1
80 99 1 1
80 100 1 13
80 103 1 3
80 105 1 1
80 107 1 1
80 111 1 5
80 114 1 14
80 115 1 14
80 121 1 11
80 127 1 6
80 131 1 8
80 135 1 5
80 137 1 5
80 140 1 10
80 146 1 18
80 150 1 16
80 158 1 5
80 160 1 14
80 162 1 7
80 163 1 5
80 167 1 10
80 170 1 13
80 173 1 2
80 177 1 14
80 179 1 18
80 180 1 14
80 181 1 14
80 182 1 12
80 189 1 8
80 190 1 3
80 192 1 3
80 197 1 10
81 10 1 16
81 11 1 12
81 13 1 4
81 18 1 9
81 31 1 20
81 33 1 4
81 38 1 13
81 41 1 3
81 45 1 3
81 48 1 1
81 63 1 13
81 64 1 18
81 68 1 13
81 72 1 6
81 80 1 14
81 87 1 12
81 91 1 4
81 94 1 17
81 106 1 9
81 107 1 6
81 109 1 6
81 118 1 11
81 139 1 4
81 140 1 14
81 141 1 18
81 145 1 16
81 147 1 8
81 149 1 11
81 154 1 2
81 157 1 13
81 159 1 2
81 173 1 5
81 179 1 15
81 190 1 4
81 193 1 7
82 0 1 15
82 1 1 18
82 5 1 12
82 6 1 7
82 12 1 7
82 18 1 10
82 19 1 8
82 21 1 19
82 27 1 14
82 34 1 1
82 37 1 18
82 41 1 4
82 42 1 2
82 46 1 6
82 48 1 5
82 49 1 5
82 52 1 5
82 55 1 6
82 56 1 9
82 60 1 13
82 63 1 9
82 64 1 9
82 67 1 8
82 74 1 19
82 81 1 12
82 85 1 15
82 91 1 4
82 93 1 19
82 94 1 3
82 104 1 1
82 121 1 17
82 124 1 16
82 126 1 4
82 127 1 11
82 129 1 17
82 134 1 10
82 136 1 17
82 137 1 18
82 143 1 8
82 150 1 15
82 155 1 5
82 156 1 12
82 162 1 7
82 172 1 4
82 173 1 3
82 175 1 20
82 180 1 10
82 188 1 2
82 191 1 16
82 199 1 13
83 11 1 12
83 13 1 11
83 18 1 3
83 22 1 16
83 26 1 12
83 29 1 16
83 35 1 4
83 36 1 12
83 38 1 7
83 45 1 13
83 50 1 3
83 51 1 7
83 53 1 14
83 60 1 18
83 64 1 16
83 74 1 16
83 81 1 3
83 82 1 19
83 91 1 18
83 92 1 12
83 93 1 20
83 99 1 17
83 103 1 18
83 105 1 15
83 107 1 9
83 109 1 5
83 118 1 7
83 139 1 6
83 140 1 16
83 141 1 17
83 145 1 8
83 150 1 4
83 155 1 20
83 172 1 2
83 173 1 11
83 176 1 7
83 178 1 8
83 179 1 18
83 180 1 2
83 182 1 1
83 190 1 7
83 191 1 17
84 1 1 18
84 2 1 13
84 3 1 12
84 4 1 2
84 5 1 10
84 9 1 1
84 13 1 9
84 19 1 5
84 22 1 14
84 24 1 15
84 25 1 1
84 34 1 4
84 35 1 17
84 45 1 14
84 49 1 11
84 70 1 7
84 71 1 9
84 74 1 3
84 79 1 18
84 82 1 6
84 94 1 12
84 99 1 11
84 103 1 17
84 108 1 11
84 112 1 14
84 116 1 5
84 123 1 17
84 126 1 18
84 127 1 11
84 129 1 18
84 130 1 16
84 131 1 11
84 136 1 20
84 140 1 14
84 143 1 6
84 147 1 4
84 148 1 10
84 152 1 17
84 156 1 20
84 158 1 5
84 160 1 12
84 174 1 9
84 184 1 2
84 185 1 17
84 186 1 12
84 188 1 20
84 189 1 2
84 192 1 16
85 7 1 14
85 9 1 12
85 19 1 20
85 24 1 12
85 31 1 14
85 36 1 5
85 39 1 18
85 41 1 6
85 45 1 16
85 49 1 11
85 52 1 11
85 55 1 16
85 62 1 7
85 65 1 2
85 68 1 17
85 71 1 14
85 75 1 12
85 78 1 15
85 79 1 17
85 80 1 15
85 83 1 2
85 84 1 17
85 93 1 11
85 96 1 14
85 99 1 13
85 102 1 11
85 105 1 20
85 107 1 19
85 108 1 17
85 114 1 2
85 118 1 17
85 139 1 18
85 141 1 14
85 143 1 1
85 147 1 16
85 151 1 16
85 153 1 6
85 156 1 3
85 157 1 11
85 161 1 18
85 168 1 20
85 178 1 8
85 179 1 2
85 186 1 11
85 189 1 1
86 3 1 14
86 15 1 11
86 21 1 3
86 23 1 7
86 27 1 15
86 30 1 9
86 32 1 7
86 43 1 4
86 46 1 9
86 49 1 11
86 52 1 10
86 54 1 9
86 56 1 12
86 61 1 19
86 70 1 3
86 77 1 16
86 80 1 8
86 88 1 10
86 91 1 9
86 100 1 4
86 115 1 5
86 116 1 20
86 130 1 5
86 131 1 14
86 138 1 8
86 152 1 14
86 156 1 16
86 158 1 11
86 183 1 18
86 199 1 9
87 12 1 8
87 13 1 18
87 14 1 9
87 16 1 1
87 21 1 9
87 33 1 12
87 42 1 3
87 45 1 5
87 53 1 2
87 64 1 12
87 68 1 4
87 70 1 3
87 77 1 2
87 93 1 19
87 104 1 17
87 109 1 15
87 114 1 5
87 118 1 19
87 133 1 1
87 137 1 14
87 139 1 14
87 140 1 5
87 147 1 1
87 149 1 16
87 151 1 1
87 159 1 8
87 162 1 13
87 165 1 16
87 167 1 16
87 173 1 4
87 175 1 14
87 177 1 20
87 182 1 7
87 183 1 18
87 188 1 8
87 190 1 16
87 191 1 5
87 193 1 13
88 6 1 19
88 10 1 18
88 12 1 2
88 13 1 16
88 26 1 3
88 30 1 5
88 33 1 17
88 37 1 20
88 38 1 6
88 40 1 11
88 42 1 20
88 45 1 8
88 54 1 6
88 59 1 4
88 63 1 5
88 80 1 8
88 82 1 5
88 87 1 17
88 90 1 9
88 91 1 12
88 94 1 6
88 110 1 8
88 115 1 17
88 130 1 17
88 131 1 7
88 137 1 17
88 147 1 19
88 161 1 4
88 165 1 6
88 166 1 16
88 170 1 3
88 171 1 7
88 177 1 18
88 179 1 7
88 190 1 7
88 198 1 1
89 5 1 14
89 10 1 2
89 12 1 13
89 13 1 15
89 16 1 2
89 19 1 7
89 23 1 9
89 26 1 3
89 31 1 6
89 34 1 2
89 38 1 10
89 44 1 10
89 46 1 4
89 59 1 19
89 61 1 12
89 62 1 3
89 74 1 14
89 82 1 12
89 86 1 20
89 88 1 11
89 91 1 7
89 95 1 6
89 103 1 1
89 111 1 17
89 122 1 5
89 126 1 8
89 130 1 14
89 131 1 1
89 134 1 1
89 136 1 5
89 138 1 11
89 144 1 10
89 146 1 8
89 147 1 1
89 179 1 18
89 194 1 13
89 198 1 14
89 199 1 13
90 6 1 20
90 12 1 13
90 30 1 18
90 33 1 4
90 38 1 8
90 45 1 11
90 59 1 15
90 66 1 6
90 67 1 4
90 74 1 5
90 82 1 6
90 89 1 1
90 110 1 12
90 111 1 5
90 121 1 14
90 137 1 3
90 142 1 8
90 144 1 4
90 159 1 3
90 165 1 13
90 167 1 15
90 175 1 5
90 177 1 8
90 179 1 4
90 190 1 15
90 196 1 13
90 198 1 6
90 199 1 20
91 1 1 14
91 3 1 6
91 5 1 1
91 7 1 10
91 9 1 8
91 11 1 10
91 15 1 10
91 16 1 19
91 19 1 15
91 21 1 2
91 23 1 5
91 26 1 17
91 27 1 5
91 28 1 18
91 30 1 2
91 31 1 14
91 33 1 7
91 37 1 1
91 39 1 18
91 40 1 18
91 43 1 1
91 44 1 10
91 47 1 20
91 52 1 3
91 54 1 5
91 55 1 7
91 56 1 10
91 60 1 8
91 61 1 10
91 62 1 11
91 63 1 7
91 65 1 4
91 69 1 19
91 72 1 13
91 75 1 8
91 80 1 17
91 84 1 14
91 85 1 9
91 90 1 1
91 93 1 15
91 94 1 13
91 105 1 8
91 106 1 3
91 107 1 20
91 111 1 17
91 112 1 1
91 126 1 17
91 129 1 4
91 130 1 2
91 133 1 15
91 135 1 1
91 137 1 12
91 138 1 16
91 140 1 3
91 145 1 9
91 149 1 9
91 151 1 14
91 156 1 13
91 159 1 16
91 162 1 8
91 164 1 6
91 166 1 19
91 169 1 12
91 171 1 4
91 173 1 13
91 177 1 3
91 178 1 15
91 180 1 8
91 181 1 18
91 182 1 15
91 184 1 4
91 188 1 4
91 193 1 16
91 196 1 9
91 197 1 5
92 2 1 5
92 7 1 10
92 11 1 2
92 25 1 20
92 35 1 15
92 39 1 12
92 41 1 9
92 53 1 7
92 58 1 4
92 68 1 20
92 69 1 2
92 76 1 18
92 78 1 8
92 79 1 11
92 85 1 17
92 93 1 13
92 96 1 12
92 99 1 16
92 113 1 10
92 114 1 5
92 118 1 17
92 133 1 17
92 139 1 20
92 140 1 17
92 141 1 12
92 149 1 11
92 150 1 4
92 151 1 19
92 157 1 5
92 160 1 12
92 164 1 8
92 168 1 2
92 176 1 18
92 178 1 16
92 180 1 3
92 184 1 10
92 188 1 10
92 189 1 11
93 11 1 4
93 14 1 5
93 18 1 4
93 22 1 10
93 26 1 16
93 29 1 14
93 38 1 3
93 45 1 7
93 50 1 7
93 64 1 6
93 67 1 13
93 68 1 3
93 72 1 12
93 74 1 17
93 76 1 14
93 80 1 3
93 81 1 11
93 99 1 15
93 109 1 4
93 117 1 10
93 133 1 19
93 141 1 1
93 147 1 11
93 151 1 19
93 155 1 10
93 157 1 7
93 162 1 19
93 191 1 20
93 192 1 17
94 5 1 8
94 6 1 6
94 10 1 3
94 16 1 3
94 18 1 3
94 22 1 17
94 24 1 14
94 28 1 9
94 29 1 6
94 30 1 7
94 36 1 8
94 37 1 16
94 38 1 7
94 40 1 19
94 45 1 16
94 48 1 12
94 49 1 5
94 56 1 9
94 62 1 11
94 63 1 1
94 66 1 13
94 69 1 17
94 74 1 6
94 75 1 17
94 76 1 19
94 83 1 5
94 85 1 14
94 87 1 14
94 92 1 11
94 93 1 13
94 103 1 2
94 104 1 11
94 105 1 14
94 107 1 15
94 109 1 13
94 111 1 4
94 113 1 12
94 116 1 10
94 118 1 3
94 124 1 16
94 127 1 14
94 129 1 20
94 133 1 14
94 136 1 16
94 137 1 11
94 139 1 10
94 141 1 11
94 144 1 19
94 149 1 12
94 152 1 12
94 154 1 20
94 155 1 5
94 156 1 6
94 157 1 3
94 159 1 8
94 160 1 10
94 163 1 12
94 164 1 20
94 167 1 16
94 171 1 9
94 173 1 19
94 176 1 8
94 177 1 10
94 178 1 19
94 186 1 11
94 189 1 16
94 198 1 5
95 1 1 4
95 8 1 13
95 32 1 8
95 43 1 18
95 49 1 10
95 62 1 17
95 86 1 17
95 105 1 7
95 120 1 2
95 122 1 3
95 125 1 5
95 127 1 15
95 128 1 16
95 135 1 15
95 148 1 11
95 156 1 18
95 174 1 20
95 181 1 19
95 185 1 13
96 1 1 12
96 2 1 5
96 7 1 17
96 39 1 8
96 49 1 11
96 65 1 15
96 69 1 15
96 72 1 20
96 76 1 15
96 84 1 2
96 98 1 20
96 113 1 17
96 116 1 15
96 118 1 14
96 123 1 14
96 141 1 7
96 150 1 6
96 151 1 18
96 154 1 8
96 164 1 7
96 168 1 13
96 188 1 11
96 189 1 11
96 195 1 1
97 14 1 13
97 15 1 12
97 26 1 14
97 28 1 11
97 31 1 15
97 35 1 6
97 38 1 7
97 47 1 16
97 51 1 5
97 60 1 3
97 66 1 18
97 67 1 4
97 74 1 16
97 79 1 15
97 81 1 6
97 82 1 20
97 83 1 17
97 91 1 19
97 92 1 1
97 113 1 12
97 114 1 18
97 117 1 15
97 118 1 18
97 139 1 10
97 141 1 20
97 151 1 17
97 160 1 10
97 171 1 6
97 177 1 12
97 179 1 19
97 182 1 18
97 190 1 17
97 193 1 16
98 1 1 15
98 7 1 5
98 24 1 12
98 36 1 5
98 39 1 6
98 49 1 19
98 55 1 12
98 58 1 8
98 62 1 15
98 65 1 14
98 73 1 13
98 75 1 14
98 76 1 18
98 78 1 9
98 84 1 16
98 85 1 17
98 92 1 7
98 99 1 9
98 107 1 7
98 113 1 7
98 118 1 11
98 124 1 14
98 126 1 18
98 127 1 16
98 148 1 19
98 151 1 16
98 154 1 13
98 158 1 1
98 176 1 5
98 178 1 5
99 0 1 14
99 1 1 13
99 2 1 8
99 9 1 11
99 11 1 9
99 15 1 16
99 19 1 9
99 20 1 7
99 22 1 16
99 35 1 12
99 36 1 6
99 37 1 18
99 38 1 6
99 39 1 2
99 41 1 20
99 47 1 16
99 52 1 10
99 53 1 19
99 57 1 2
99 58 1 17
99 62 1 6
99 64 1 9
99 68 1 13
99 69 1 2
99 70 1 14
99 74 1 9
99 75 1 15
99 78 1 2
99 79 1 5
99 81 1 12
99 91 1 14
99 94 1 19
99 96 1 16
99 97 1 8
99 102 1 8
99 107 1 16
99 108 1 11
99 113 1 13
99 114 1 3
99 118 1 2
99 123 1 13
99 126 1 2
99 130 1 12
99 132 1 17
99 133 1 4
99 136 1 15
99 139 1 16
99 147 1 14
99 148 1 4
99 150 1 11
99 152 1 15
99 153 1 16
99 168 1 15
99 178 1 1
99 180 1 2
99 182 1 1
99 189 1 7
99 192 1 8
99 197 1 10
100 5 1 16
100 12 1 1
100 13 1 20
100 31 1 6
100 40 1 1
100 42 1 2
100 44 1 20
100 45 1 19
100 54 1 1
100 59 1 2
100 62 1 12
100 73 1 3
100 77 1 1
100 82 1 2
100 88 1 18
100 89 1 16
100 95 1 9
100 105 1 15
100 109 1 3
100 112 1 11
100 114 1 20
100 126 1 2
100 128 1 4
100 129 1 19
100 130 1 7
100 131 1 12
100 135 1 11
100 136 1 13
100 147 1 12
100 152 1 1
100 161 1 17
100 166 1 16
100 177 1 1
100 179 1 2
100 183 1 10
100 185 1 12
100 192 1 15
100 196 1 1
101 6 1 18
101 10 1 20
101 13 1 2
101 15 1 5
101 26 1 5
101 27 1 2
101 30 1 16
101 33 1 12
101 40 1 8
101 60 1 19
101 63 1 3
101 67 1 6
101 80 1 16
101 82 1 5
101 87 1 14
101 90 1 13
101 103 1 7
101 111 1 14
101 137 1 14
101 142 1 9
101 144 1 14
101 145 1 11
101 146 1 6
101 147 1 3
101 165 1 15
101 166 1 4
101 167 1 13
101 172 1 4
101 179 1 18
101 183 1 1
101 190 1 16
101 191 1 20
102 7 1 14
102 20 1 8
102 24 1 19
102 36 1 9
102 47 1 11
102 51 1 3
102 52 1 10
102 55 1 3
102 57 1 11
102 62 1 12
102 69 1 18
102 75 1 2
102 76 1 14
102 79 1 17
102 84 1 3
102 92 1 17
102 96 1 11
102 98 1 19
102 107 1 8
102 108 1 7
102 113 1 11
102 116 1 16
102 123 1 8
102 124 1 2
102 127 1 19
102 141 1 3
102 143 1 9
102 148 1 18
102 150 1 3
102 151 1 12
102 153 1 5
102 154 1 20
102 164 1 15
102 168 1 3
102 169 1 15
102 184 1 9
102 186 1 2
102 189 1 15
103 5 1 16
103 7 1 18
103 11 1 11
103 13 1 4
103 17 1 12
103 21 1 19
103 23 1 14
103 24 1 15
103 27 1 11
103 32 1 2
103 35 1 1
103 37 1 7
103 42 1 6
103 44 1 2
103 45 1 5
103 46 1 12
103 55 1 2
103 60 1 2
103 61 1 16
103 63 1 4
103 68 1 5
103 82 1 9
103 87 1 18
103 88 1 18
103 90 1 2
103 91 1 13
103 100 1 14
103 107 1 12
103 111 1 19
103 112 1 6
103 114 1 20
103 121 1 18
103 122 1 14
103 124 1 10
103 126 1 17
103 127 1 11
103 129 1 13
103 131 1 16
103 135 1 20
103 137 1 17
103 138 1 16
103 140 1 3
103 142 1 5
103 144 1 9
103 149 1 8
103 150 1 13
103 152 1 17
103 158 1 10
103 159 1 15
103 161 1 6
103 163 1 19
103 165 1 12
103 166 1 1
103 167 1 17
103 171 1 3
103 173 1 3
103 179 1 6
103 181 1 2
103 189 1 6
103 190 1 3
103 196 1 14
104 14 1 4
104 26 1 18
104 36 1 19
104 37 1 7
104 38 1 14
104 40 1 5
104 48 1 8
104 53 1 3
104 60 1 2
104 64 1 3
104 68 1 5
104 81 1 20
104 93 1 8
104 109 1 10
104 124 1 2
104 133 1 5
104 139 1 13
104 140 1 7
104 151 1 18
104 157 1 16
104 162 1 3
104 173 1 20
104 192 1 15
105 0 1 20
105 4 1 1
105 10 1 17
105 16 1 18
105 21 1 14
105 22 1 8
105 27 1 4
105 30 1 6
105 35 1 1
105 39 1 10
105 40 1 7
105 43 1 3
105 49 1 11
105 52 1 8
105 54 1 11
105 62 1 16
105 66 1 4
105 68 1 12
105 72 1 16
105 75 1 7
105 77 1 7
105 82 1 19
105 84 1 13
105 86 1 10
105 88 1 2
105 99 1 18
105 114 1 10
105 116 1 9
105 118 1 5
105 120 1 16
105 130 1 10
105 135 1 20
105 140 1 19
105 141 1 9
105 143 1 17
105 146 1 4
105 147 1 13
105 151 1 7
105 158 1 12
105 159 1 19
105 161 1 16
105 163 1 9
105 170 1 17
105 174 1 17
105 179 1 8
105 180 1 13
105 185 1 10
105 196 1 3
105 197 1 4
105 198 1 8
106 5 1 11
106 11 1 20
106 13 1 11
106 14 1 10
106 26 1 10
106 28 1 8
106 31 1 6
106 37 1 11
106 41 1 19
106 46 1 11
106 50 1 17
106 60 1 18
106 63 1 6
106 64 1 4
106 67 1 1
106 72 1 3
106 80 1 6
106 82 1 8
106 83 1 12
106 93 1 18
106 94 1 14
106 103 1 14
106 104 1 6
106 117 1 9
106 118 1 13
106 119 1 19
106 124 1 8
106 140 1 20
106 141 1 3
106 147 1 12
106 155 1 8
106 162 1 11
106 177 1 7
106 180 1 16
106 191 1 2
106 193 1 5
107 0 1 16
107 5 1 1
107 11 1 11
107 18 1 5
107 22 1 6
107 24 1 20
107 26 1 4
107 36 1 17
107 39 1 20
107 40 1 3
107 45 1 15
107 47 1 13
107 53 1 9
107 60 1 4
107 63 1 15
107 64 1 18
107 72 1 5
107 74 1 17
107 79 1 20
107 82 1 17
107 84 1 18
107 92 1 6
107 96 1 7
107 97 1 3
107 104 1 1
107 105 1 16
107 106 1 12
107 108 1 16
107 109 1 1
107 118 1 15
107 131 1 16
107 132 1 9
107 133 1 20
107 141 1 17
107 145 1 6
107 147 1 20
107 149 1 10
107 155 1 15
107 159 1 20
107 169 1 13
107 172 1 19
107 176 1 12
107 178 1 4
107 182 1 4
107 186 1 6
107 189 1 17
107 193 1 13
108 0 1 7
108 1 1 9
108 2 1 13
108 11 1 5
108 22 1 6
108 31 1 1
108 39 1 5
108 41 1 6
108 53 1 2
108 65 1 1
108 69 1 19
108 72 1 4
108 75 1 17
108 76 1 12
108 92 1 4
108 94 1 10
108 96 1 14
108 98 1 13
108 114 1 15
108 116 1 10
108 140 1 7
108 143 1 20
108 150 1 1
108 151 1 19
108 152 1 17
108 156 1 4
108 176 1 8
108 178 1 18
108 180 1 19
108 182 1 16
108 186 1 2
108 188 1 15
108 195 1 8
109 0 1 15
109 5 1 1
109 11 1 11
109 15 1 3
109 17 1 6
109 21 1 18
109 22 1 13
109 23 1 7
109 27 1 11
109 28 1 16
109 30 1 11
109 31 1 14
109 33 1 1
109 34 1 3
109 35 1 16
109 36 1 8
109 38 1 12
109 40 1 16
109 44 1 4
109 45 1 15
109 46 1 8
109 53 1 1
109 59 1 2
109 64 1 17
109 66 1 6
109 70 1 6
109 89 1 19
109 90 1 7
109 91 1 20
109 99 1 5
109 101 1 1
109 103 1 6
109 106 1 3
109 111 1 11
109 116 1 11
109 124 1 5
109 126 1 8
109 133 1 10
109 136 1 12
109 139 1 12
109 143 1 6
109 145 1 20
109 150 1 1
109 160 1 9
109 162 1 16
109 167 1 14
109 172 1 1
109 175 1 6
109 179 1 5
109 182 1 3
109 183 1 19
109 189 1 3
109 196 1 1
109 197 1 8
109 198 1 20
110 10 1 14
110 12 1 2
110 17 1 15
110 21 1 11
110 23 1 3
110 26 1 5
110 27 1 14
110 40 1 2
110 46 1 8
110 63 1 9
110 80 1 16
110 82 1 8
110 86 1 8
110 87 1 8
110 101 1 16
110 103 1 6
110 109 1 13
110 115 1 7
110 137 1 18
110 142 1 4
110 144 1 3
110 159 1 12
110 166 1 19
110 177 1 10
110 179 1 12
110 199 1 3
111 5 1 1
111 17 1 9
111 19 1 8
111 23 1 3
111 26 1 18
111 30 1 18
111 44 1 4
111 45 1 20
111 46 1 7
111 60 1 15
111 77 1 13
111 82 1 9
111 86 1 7
111 87 1 15
111 88 1 3
111 100 1 16
111 105 1 7
111 110 1 20
111 112 1 15
111 121 1 2
111 134 1 13
111 137 1 4
111 147 1 7
111 155 1 9
111 161 1 11
111 162 1 14
111 163 1 19
111 170 1 2
111 173 1 10
111 183 1 3
111 190 1 8
111 191 1 3
111 198 1 6
112 3 1 7
112 8 1 10
112 9 1 12
112 16 1 18
112 24 1 3
112 31 1 19
112 34 1 11
112 43 1 6
112 44 1 15
112 45 1 18
112 49 1 5
112 52 1 18
112 55 1 15
112 62 1 15
112 65 1 12
112 70 1 17
112 80 1 7
112 86 1 15
112 89 1 1
112 95 1 16
112 105 1 13
112 120 1 10
112 121 1 9
112 122 1 7
112 125 1 19
112 128 1 15
112 135 1 2
112 153 1 5
112 174 1 15
112 179 1 8
112 185 1 20
112 187 1 13
112 199 1 13
113 7 1 8
113 9 1 14
113 11 1 1
113 25 1 12
113 31 1 2
113 36 1 8
113 39 1 10
113 49 1 18
113 51 1 17
113 53 1 20
113 58 1 7
113 83 1 19
113 85 1 15
113 107 1 15
113 123 1 18
113 141 1 11
113 143 1 16
113 149 1 10
113 151 1 7
113 152 1 10
113 154 1 10
113 156 1 3
113 164 1 1
113 176 1 16
113 184 1 16
114 10 1 7
114 12 1 5
114 13 1 3
114 15 1 16
114 16 1 4
114 26 1 3
114 33 1 2
114 34 1 3
114 40 1 13
114 43 1 2
114 45 1 17
114 46 1 17
114 47 1 7
114 49 1 14
114 56 1 13
114 59 1 16
114 63 1 8
114 64 1 3
114 67 1 19
114 74 1 20
114 81 1 3
114 82 1 5
114 83 1 17
114 91 1 1
114 94 1 12
114 102 1 7
114 106 1 2
114 107 1 2
114 111 1 19
114 112 1 2
114 113 1 5
114 115 1 13
114 116 1 14
114 121 1 5
114 131 1 7
114 136 1 9
114 137 1 16
114 140 1 15
114 143 1 10
114 144 1 6
114 145 1 3
114 149 1 6
114 151 1 10
114 152 1 6
114 153 1 3
114 155 1 20
114 156 1 4
114 160 1 11
114 164 1 17
114 167 1 6
114 170 1 10
114 173 1 17
114 176 1 8
114 180 1 19
114 186 1 12
114 188 1 7
114 189 1 8
114 191 1 3
114 199 1 7
115 11 1 14
115 12 1 20
115 13 1 1
115 15 1 1
115 16 1 7
115 17 1 18
115 19 1 3
115 21 1 18
115 26 1 19
115 30 1 11
115 32 1 3
115 37 1 3
115 38 1 3
115 42 1 14
115 43 1 1
115 46 1 14
115 52 1 19
115 54 1 9
115 56 1 13
115 59 1 18
115 60 1 12
115 61 1 17
115 62 1 11
115 66 1 5
115 67 1 11
115 70 1 8
115 77 1 7
115 82 1 2
115 89 1 9
115 91 1 10
115 94 1 13
115 100 1 18
115 101 1 7
115 103 1 6
115 105 1 19
115 109 1 17
115 111 1 18
115 116 1 12
115 126 1 8
115 131 1 4
115 133 1 6
115 135 1 7
115 136 1 12
115 137 1 3
115 146 1 3
115 149 1 6
115 155 1 2
115 161 1 9
115 163 1 20
115 170 1 4
115 173 1 4
115 179 1 12
115 181 1 9
115 187 1 13
115 190 1 3
115 191 1 8
116 0 1 14
116 5 1 16
116 13 1 18
116 16 1 20
116 19 1 20
116 22 1 5
116 23 1 2
116 26 1 6
116 31 1 5
116 32 1 2
116 34 1 8
116 44 1 9
116 47 1 17
116 52 1 16
116 53 1 11
116 54 1 7
116 59 1 13
116 62 1 1
116 69 1 1
116 72 1 6
116 74 1 17
116 75 1 16
116 80 1 14
116 82 1 17
116 85 1 3
116 91 1 5
116 95 1 15
116 99 1 13
116 100 1 2
116 107 1 16
116 112 1 10
116 122 1 18
116 123 1 5
116 127 1 19
116 131 1 12
116 135 1 9
116 136 1 4
116 137 1 14
116 141 1 1
116 147 1 5
116 148 1 20
116 149 1 8
116 151 1 16
116 160 1 12
116 164 1 13
116 178 1 1
116 180 1 5
116 183 1 17
116 184 1 12
116 185 1 20
116 186 1 20
116 189 1 5
116 196 1 15
117 18 1 12
117 29 1 17
117 33 1 3
117 41 1 13
117 48 1 4
117 64 1 7
117 68 1 6
117 81 1 4
117 87 1 16
117 118 1 3
117 132 1 20
117 139 1 5
117 140 1 19
117 155 1 20
117 182 1 14
117 191 1 8
118 11 1 13
118 13 1 15
118 15 1 4
118 18 1 7
118 22 1 8
118 25 1 10
118 29 1 19
118 38 1 13
118 39 1 12
118 48 1 2
118 50 1 14
118 51 1 9
118 58 1 1
118 60 1 1
118 64 1 12
118 66 1 9
118 69 1 9
118 74 1 6
118 80 1 2
118 82 1 13
118 84 1 20
118 91 1 19
118 93 1 7
118 104 1 11
118 108 1 14
118 113 1 11
118 114 1 17
118 116 1 14
118 124 1 13
118 145 1 11
118 149 1 11
118 150 1 1
118 153 1 13
118 154 1 15
118 157 1 10
118 160 1 19
118 164 1 9
118 178 1 6
118 179 1 18
118 184 1 6
118 193 1 13
118 195 1 13
119 18 1 16
119 33 1 2
119 35 1 11
119 48 1 2
119 63 1 19
119 81 1 1
119 83 1 20
119 93 1 10
119 104 1 12
119 117 1 1
119 118 1 10
119 139 1 17
119 140 1 20
119 145 1 3
119 157 1 13
119 173 1 6
120 3 1 2
120 4 1 15
120 16 1 12
120 23 1 17
120 24 1 7
120 49 1 3
120 52 1 3
120 59 1 19
120 70 1 12
120 86 1 7
120 100 1 12
120 125 1 17
120 127 1 20
120 135 1 16
120 136 1 7
120 158 1 7
120 161 1 16
120 163 1 3
120 169 1 3
120 181 1 13
120 185 1 5
121 0 1 16
121 8 1 1
121 12 1 5
121 16 1 14
121 21 1 6
121 23 1 2
121 24 1 5
121 26 1 16
121 32 1 19
121 36 1 2
121 37 1 3
121 38 1 11
121 54 1 17
121 55 1 17
121 61 1 9
121 62 1 3
121 66 1 13
121 74 1 14
121 77 1 8
121 86 1 6
121 87 1 20
121 88 1 4
121 91 1 7
121 94 1 18
121 100 1 10
121 105 1 19
121 109 1 7
121 110 1 5
121 126 1 1
121 127 1 1
121 133 1 2
121 134 1 18
121 135 1 1
121 138 1 19
121 146 1 10
121 147 1 11
121 152 1 3
121 153 1 7
121 160 1 16
121 161 1 11
121 162 1 19
121 163 1 13
121 167 1 11
121 170 1 11
121 173 1 4
121 177 1 12
121 179 1 16
121 187 1 3
121 188 1 16
121 196 1 7
122 3 1 5
122 6 1 11
122 16 1 14
122 19 1 6
122 23 1 8
122 24 1 3
122 30 1 9
122 54 1 16
122 61 1 10
122 70 1 1
122 86 1 4
122 100 1 5
122 105 1 14
122 111 1 4
122 115 1 2
122 121 1 7
122 125 1 17
122 127 1 4
122 128 1 1
122 129 1 6
122 130 1 2
122 136 1 18
122 138 1 5
122 146 1 5
122 152 1 9
122 158 1 19
122 174 1 3
122 181 1 16
122 183 1 1
122 187 1 14
122 194 1 7
122 198 1 18
122 199 1 12
123 0 1 8
123 4 1 4
123 22 1 6
123 24 1 3
123 35 1 16
123 41 1 1
123 47 1 7
123 51 1 8
123 57 1 9
123 69 1 8
123 71 1 18
123 76 1 1
123 79 1 9
123 85 1 16
123 98 1 12
123 107 1 16
123 108 1 17
123 114 1 4
123 118 1 10
123 127 1 11
123 128 1 1
123 129 1 11
123 140 1 3
123 141 1 2
123 143 1 7
123 151 1 15
123 152 1 14
123 180 1 18
123 186 1 8
123 195 1 7
123 197 1 14
124 0 1 13
124 1 1 20
124 2 1 7
124 7 1 15
124 11 1 1
124 13 1 5
124 15 1 5
124 25 1 4
124 26 1 4
124 28 1 8
124 31 1 20
124 35 1 12
124 36 1 7
124 37 1 5
124 40 1 14
124 41 1 12
124 45 1 9
124 49 1 5
124 50 1 7
124 51 1 8
124 52 1 18
124 53 1 20
124 62 1 5
124 63 1 11
124 64 1 18
124 69 1 10
124 71 1 3
124 75 1 1
124 76 1 8
124 81 1 3
124 83 1 16
124 85 1 16
124 87 1 6
124 92 1 4
124 96 1 19
124 97 1 18
124 99 1 9
124 105 1 9
124 113 1 2
124 116 1 15
124 123 1 11
124 130 1 7
124 133 1 12
124 141 1 17
124 143 1 19
124 147 1 13
124 149 1 1
124 150 1 8
124 154 1 16
124 155 1 17
124 157 1 3
124 160 1 20
124 161 1 7
124 177 1 2
124 182 1 12
124 188 1 4
124 190 1 12
125 1 1 5
125 3 1 12
125 4 1 2
125 24 1 10
125 32 1 17
125 59 1 6
125 62 1 12
125 70 1 1
125 86 1 16
125 89 1 11
125 100 1 2
125 116 1 20
125 129 1 17
125 131 1 12
125 136 1 14
125 152 1 9
125 158 1 6
125 163 1 18
125 174 1 18
125 185 1 17
125 187 1 13
126 5 1 1
126 13 1 11
126 15 1 3
126 16 1 1
126 19 1 11
126 24 1 5
126 34 1 16
126 36 1 4
126 45 1 4
126 52 1 11
126 59 1 9
126 61 1 11
126 62 1 18
126 70 1 1
126 74 1 18
126 95 1 14
126 105 1 15
126 107 1 5
126 114 1 2
126 116 1 11
126 120 1 20
126 122 1 4
126 123 1 10
126 128 1 1
126 131 1 6
126 137 1 8
126 138 1 1
126 147 1 20
126 150 1 12
126 151 1 10
126 158 1 15
126 163 1 1
126 167 1 5
126 170 1 3
126 177 1 16
126 180 1 8
126 183 1 4
126 184 1 20
126 189 1 3
126 196 1 13
126 198 1 4
127 0 1 11
127 1 1 5
127 3 1 13
127 5 1 8
127 11 1 13
127 12 1 4
127 13 1 8
127 16 1 6
127 19 1 4
127 39 1 2
127 43 1 14
127 44 1 9
127 55 1 16
127 56 1 14
127 61 1 20
127 65 1 4
127 69 1 15
127 71 1 16
127 73 1 18
127 74 1 2
127 86 1 3
127 89 1 6
127 91 1 20
127 100 1 6
127 105 1 8
127 107 1 3
127 112 1 11
127 115 1 2
127 125 1 17
127 126 1 8
127 129 1 10
127 133 1 18
127 138 1 13
127 143 1 11
127 147 1 11
127 150 1 11
127 151 1 11
127 153 1 9
127 156 1 1
127 177 1 5
127 180 1 12
127 183 1 9
127 186 1 17
127 189 1 3
127 192 1 6
127 194 1 1
127 196 1 11
127 199 1 12
128 0 1 12
128 3 1 13
128 7 1 3
128 19 1 5
128 22 1 18
128 24 1 5
128 39 1 2
128 43 1 16
128 55 1 7
128 56 1 9
128 75 1 9
128 84 1 12
128 91 1 3
128 105 1 12
128 116 1 18
128 125 1 15
128 127 1 9
128 129 1 3
128 130 1 16
128 131 1 2
128 141 1 11
128 156 1 1
128 164 1 5
128 178 1 1
128 188 1 2
128 189 1 15
129 1 1 11
129 3 1 10
129 8 1 1
129 13 1 10
129 19 1 17
129 22 1 12
129 30 1 15
129 31 1 1
129 32 1 5
129 39 1 13
129 52 1 10
129 54 1 6
129 56 1 13
129 61 1 18
129 65 1 8
129 69 1 10
129 71 1 7
129 77 1 7
129 86 1 19
129 95 1 15
129 98 1 19
129 105 1 17
129 114 1 10
129 115 1 3
129 116 1 1
129 121 1 10
129 126 1 12
129 138 1 4
129 143 1 5
129 152 1 18
129 169 1 10
129 174 1 19
129 181 1 9
129 184 1 17
129 185 1 5
129 186 1 7
129 188 1 11
129 189 1 12
129 197 1 3
129 199 1 12
130 1 1 1
130 3 1 10
130 5 1 8
130 6 1 2
130 11 1 3
130 28 1 12
130 30 1 11
130 32 1 17
130 34 1 9
130 35 1 3
130 36 1 8
130 37 1 17
130 38 1 11
130 40 1 20
130 49 1 17
130 54 1 13
130 55 1 2
130 56 1 3
130 65 1 11
130 69 1 1
130 77 1 9
130 80 1 3
130 82 1 7
130 83 1 17
130 87 1 10
130 94 1 17
130 103 1 11
130 107 1 13
130 111 1 9
130 112 1 18
130 114 1 8
130 115 1 13
130 116 1 2
130 120 1 11
130 121 1 4
130 126 1 12
130 127 1 12
130 129 1 12
130 133 1 15
130 135 1 19
130 136 1 14
130 137 1 7
130 140 1 3
130 141 1 9
130 143 1 18
130 144 1 4
130 145 1 13
130 147 1 1
130 149 1 6
130 150 1 8
130 151 1 7
130 160 1 9
130 162 1 20
130 164 1 4
130 166 1 14
130 171 1 15
130 173 1 3
130 174 1 17
130 181 1 19
130 182 1 19
130 183 1 14
130 187 1 15
130 191 1 8
130 194 1 1
130 196 1 10
131 3 1 20
131 8 1 17
131 16 1 1
131 19 1 1
131 22 1 8
131 24 1 17
131 31 1 20
131 32 1 19
131 36 1 16
131 38 1 12
131 45 1 19
131 46 1 13
131 53 1 8
131 54 1 7
131 59 1 13
131 66 1 14
131 82 1 14
131 87 1 18
131 94 1 15
131 95 1 15
131 105 1 19
131 109 1 11
131 111 1 19
131 112 1 4
131 120 1 19
131 122 1 1
131 124 1 19
131 127 1 19
131 129 1 10
131 130 1 9
131 133 1 4
131 135 1 17
131 136 1 7
131 138 1 8
131 147 1 9
131 152 1 2
131 153 1 17
131 158 1 4
131 160 1 15
131 161 1 15
131 163 1 17
131 167 1 14
131 170 1 1
131 177 1 4
131 178 1 1
131 180 1 11
131 183 1 15
131 184 1 1
131 185 1 17
131 187 1 1
131 192 1 20
131 194 1 6
132 14 1 14
132 18 1 13
132 22 1 5
132 35 1 13
132 36 1 8
132 45 1 12
132 48 1 9
132 50 1 16
132 66 1 17
132 67 1 11
132 68 1 1
132 76 1 1
132 83 1 6
132 85 1 1
132 87 1 3
132 93 1 3
132 94 1 14
132 97 1 13
132 104 1 9
132 124 1 4
132 143 1 3
132 149 1 14
132 154 1 5
132 155 1 2
132 157 1 2
132 171 1 13
132 172 1 7
132 176 1 12
132 180 1 20
132 182 1 3
132 191 1 8
132 193 1 8
133 1 1 17
133 6 1 1
133 10 1 2
133 13 1 16
133 14 1 19
133 15 1 13
133 16 1 15
133 18 1 16
133 23 1 5
133 24 1 19
133 26 1 13
133 27 1 15
133 28 1 1
133 35 1 3
133 36 1 20
133 40 1 7
133 41 1 8
133 43 1 12
133 44 1 9
133 46 1 15
133 51 1 18
133 52 1 20
133 54 1 15
133 55 1 16
133 62 1 20
133 63 1 4
133 66 1 14
133 69 1 11
133 70 1 8
133 75 1 10
133 76 1 18
133 80 1 2
133 82 1 1
133 88 1 2
133 90 1 6
133 97 1 12
133 100 1 2
133 105 1 7
133 106 1 2
133 111 1 16
133 114 1 5
133 116 1 9
133 118 1 15
133 132 1 18
133 141 1 5
133 143 1 11
133 145 1 16
133 157 1 15
133 159 1 2
133 161 1 4
133 162 1 17
133 164 1 7
133 171 1 6
133 178 1 11
133 179 1 20
133 181 1 10
133 183 1 15
133 186 1 4
133 187 1 8
133 190 1 9
133 197 1 1
133 199 1 2
134 5 1 19
134 10 1 16
134 13 1 6
134 15 1 17
134 27 1 9
134 38 1 11
134 40 1 5
134 60 1 19
134 66 1 1
134 67 1 7
134 87 1 14
134 90 1 17
134 101 1 4
134 103 1 16
134 110 1 6
134 135 1 8
134 137 1 10
134 145 1 2
134 146 1 9
134 165 1 14
134 167 1 6
134 171 1 10
134 173 1 13
134 175 1 4
134 179 1 12
134 183 1 19
135 3 1 6
135 5 1 7
135 6 1 5
135 8 1 11
135 10 1 2
135 11 1 4
135 12 1 14
135 15 1 9
135 16 1 20
135 17 1 18
135 21 1 6
135 27 1 2
135 30 1 2
135 31 1 9
135 32 1 6
135 40 1 18
135 43 1 20
135 44 1 10
135 46 1 20
135 53 1 6
135 55 1 4
135 56 1 19
135 66 1 15
135 73 1 9
135 82 1 5
135 86 1 5
135 87 1 19
135 88 1 8
135 89 1 14
135 90 1 14
135 94 1 3
135 109 1 12
135 110 1 18
135 114 1 14
135 122 1 8
135 125 1 8
135 126 1 12
135 133 1 16
135 138 1 12
135 141 1 18
135 142 1 10
135 144 1 16
135 147 1 1
135 156 1 13
135 162 1 15
135 163 1 12
135 165 1 2
135 167 1 13
135 171 1 14
135 178 1 12
135 179 1 3
135 183 1 19
135 185 1 2
135 187 1 16
135 188 1 2
135 194 1 7
135 197 1 17
135 199 1 14
136 1 1 6
136 3 1 19
136 4 1 15
136 5 1 2
136 7 1 8
136 8 1 16
136 9 1 11
136 11 1 20
136 15 1 13
136 16 1 18
136 19 1 18
136 34 1 14
136 40 1 9
136 43 1 6
136 44 1 20
136 46 1 16
136 59 1 20
136 69 1 15
136 77 1 4
136 80 1 1
136 86 1 12
136 88 1 19
136 95 1 9
136 105 1 13
136 124 1 7
136 126 1 4
136 127 1 16
136 128 1 2
136 129 1 20
136 135 1 18
136 138 1 11
136 140 1 1
136 148 1 11
136 150 1 17
136 151 1 1
136 152 1 20
136 153 1 19
136 156 1 4
136 158 1 20
136 160 1 11
136 166 1 13
136 170 1 6
136 174 1 17
136 175 1 1
136 179 1 8
136 183 1 14
136 184 1 20
136 189 1 2
136 192 1 13
136 199 1 4
137 0 1 2
137 3 1 3
137 5 1 13
137 6 1 13
137 13 1 20
137 16 1 7
137 21 1 7
137 23 1 1
137 27 1 20
137 30 1 14
137 31 1 13
137 34 1 7
137 37 1 8
137 43 1 17
137 45 1 3
137 46 1 2
137 49 1 4
137 53 1 7
137 66 1 18
137 77 1 20
137 86 1 18
137 89 1 8
137 100 1 4
137 105 1 15
137 109 1 17
137 121 1 10
137 122 1 2
137 131 1 10
137 133 1 16
137 136 1 5
137 140 1 16
137 142 1 18
137 145 1 5
137 152 1 16
137 158 1 5
137 159 1 18
137 163 1 8
137 166 1 6
137 173 1 9
137 179 1 17
137 187 1 8
138 5 1 8
138 12 1 12
138 26 1 13
138 27 1 6
138 31 1 15
138 32 1 6
138 34 1 7
138 38 1 3
138 43 1 16
138 52 1 19
138 56 1 12
138 70 1 20
138 73 1 6
138 80 1 18
138 82 1 15
138 88 1 5
138 95 1 20
138 100 1 11
138 105 1 1
138 111 1 20
138 112 1 5
138 115 1 14
138 120 1 7
138 125 1 16
138 130 1 1
138 137 1 15
138 161 1 12
138 167 1 13
138 177 1 8
138 181 1 14
138 185 1 1
138 199 1 12
139 14 1 11
139 18 1 10
139 26 1 14
139 28 1 13
139 35 1 19
139 36 1 8
139 37 1 20
139 40 1 18
139 53 1 15
139 82 1 2
139 93 1 14
139 106 1 7
139 107 1 14
139 118 1 2
139 132 1 3
139 133 1 18
139 141 1 12
139 145 1 18
139 147 1 12
139 151 1 1
139 160 1 20
139 171 1 19
139 173 1 3
139 180 1 4
139 193 1 5
140 6 1 8
140 14 1 4
140 15 1 11
140 19 1 14
140 28 1 6
140 29 1 8
140 33 1 5
140 35 1 19
140 38 1 11
140 40 1 15
140 41 1 1
140 51 1 16
140 53 1 16
140 55 1 20
140 60 1 15
140 62 1 11
140 68 1 8
140 70 1 17
140 82 1 3
140 93 1 12
140 94 1 9
140 107 1 10
140 109 1 7
140 116 1 17
140 118 1 12
140 121 1 10
140 124 1 19
140 131 1 12
140 132 1 15
140 133 1 3
140 135 1 9
140 139 1 18
140 141 1 15
140 145 1 1
140 147 1 20
140 149 1 7
140 150 1 20
140 151 1 7
140 154 1 11
140 159 1 18
140 160 1 14
140 164 1 11
140 172 1 9
140 173 1 7
140 176 1 15
140 180 1 4
140 182 1 20
140 186 1 17
140 189 1 17
140 190 1 19
140 193 1 19
140 195 1 7
140 197 1 2
141 0 1 9
141 1 1 9
141 5 1 13
141 11 1 16
141 19 1 16
141 20 1 2
141 22 1 18
141 24 1 17
141 28 1 19
141 31 1 10
141 34 1 20
141 39 1 2
141 41 1 5
141 52 1 7
141 53 1 1
141 62 1 12
141 66 1 14
141 70 1 14
141 71 1 14
141 72 1 8
141 75 1 19
141 78 1 14
141 80 1 20
141 82 1 4
141 84 1 12
141 87 1 9
141 98 1 4
141 99 1 13
141 109 1 9
141 114 1 8
141 118 1 8
141 126 1 14
141 127 1 15
141 129 1 4
141 131 1 2
141 143 1 11
141 145 1 6
141 149 1 17
141 150 1 13
141 152 1 1
141 154 1 7
141 156 1 20
141 157 1 9
141 159 1 18
141 160 1 20
141 163 1 14
141 164 1 5
141 168 1 16
141 176 1 9
141 182 1 13
141 191 1 4
141 195 1 20
141 197 1 10
141 199 1 11
142 10 1 18
142 12 1 4
142 16 1 7
142 21 1 8
142 26 1 1
142 27 1 3
142 33 1 3
142 37 1 18
142 38 1 3
142 40 1 5
142 42 1 2
142 60 1 11
142 66 1 16
142 74 1 1
142 77 1 20
142 80 1 13
142 82 1 10
142 87 1 5
142 88 1 2
142 109 1 3
142 111 1 2
142 115 1 2
142 134 1 16
142 144 1 10
142 145 1 2
142 146 1 2
142 147 1 11
142 159 1 12
142 162 1 11
142 166 1 19
142 179 1 14
142 183 1 9
142 191 1 5
142 196 1 7
143 0 1 10
143 15 1 2
143 25 1 12
143 28 1 19
143 36 1 20
143 37 1 8
143 38 1 19
143 49 1 2
143 52 1 19
143 63 1 15
143 70 1 12
143 72 1 10
143 74 1 17
143 75 1 13
143 79 1 8
143 80 1 10
143 81 1 17
143 83 1 10
143 92 1 14
143 93 1 4
143 96 1 7
143 97 1 3
143 98 1 9
143 99 1 14
143 106 1 8
143 107 1 5
143 118 1 12
143 136 1 17
143 150 1 8
143 151 1 12
143 154 1 19
143 159 1 8
143 163 1 17
143 164 1 18
143 168 1 12
143 169 1 19
143 176 1 4
143 177 1 19
143 179 1 9
143 180 1 10
143 182 1 17
143 189 1 4
143 191 1 10
143 193 1 17
143 197 1 17
144 5 1 6
144 16 1 17
144 23 1 7
144 26 1 7
144 31 1 2
144 40 1 11
144 46 1 8
144 53 1 17
144 60 1 12
144 63 1 9
144 66 1 1
144 80 1 13
144 82 1 14
144 86 1 14
144 87 1 17
144 88 1 11
144 91 1 19
144 100 1 10
144 105 1 8
144 106 1 7
144 111 1 18
144 115 1 18
144 121 1 17
144 133 1 17
144 136 1 6
144 137 1 16
144 145 1 5
144 149 1 18
144 159 1 17
144 160 1 17
144 163 1 2
144 166 1 14
144 171 1 3
144 175 1 2
144 179 1 6
144 181 1 9
144 183 1 10
144 196 1 14
145 15 1 8
145 17 1 19
145 18 1 10
145 19 1 8
145 21 1 11
145 28 1 18
145 33 1 3
145 36 1 2
145 40 1 20
145 45 1 17
145 60 1 11
145 67 1 14
145 74 1 14
145 80 1 5
145 87 1 19
145 88 1 18
145 94 1 13
145 103 1 1
145 104 1 2
145 105 1 13
145 111 1 6
145 115 1 19
145 117 1 3
145 121 1 18
145 124 1 2
145 132 1 5
145 155 1 18
145 162 1 18
145 167 1 16
145 171 1 18
145 173 1 15
145 177 1 10
145 180 1 2
145 182 1 9
145 190 1 20
145 191 1 4
145 192 1 8
146 10 1 7
146 16 1 9
146 17 1 16
146 19 1 5
146 21 1 7
146 27 1 19
146 32 1 17
146 46 1 3
146 59 1 2
146 100 1 20
146 109 1 3
146 110 1 20
146 130 1 8
146 131 1 19
146 135 1 4
146 136 1 9
146 137 1 19
146 138 1 6
146 144 1 1
146 165 1 5
146 173 1 9
146 175 1 12
146 181 1 3
146 183 1 4
146 196 1 8
146 198 1 13
146 199 1 12
147 0 1 18
147 1 1 7
147 5 1 19
147 7 1 5
147 11 1 19
147 13 1 7
147 21 1 4
147 27 1 20
147 34 1 10
147 42 1 16
147 43 1 13
147 44 1 4
147 53 1 15
147 64 1 3
147 67 1 10
147 68 1 18
147 77 1 10
147 80 1 16
147 82 1 12
147 83 1 12
147 91 1 16
147 103 1 3
147 118 1 17
147 132 1 5
147 133 1 19
147 134 1 20
147 136 1 4
147 141 1 2
147 143 1 15
147 144 1 9
147 145 1 19
147 150 1 12
147 156 1 9
147 160 1 20
147 162 1 6
147 163 1 4
147 165 1 9
147 166 1 19
147 167 1 12
147 173 1 17
147 175 1 8
147 178 1 9
147 182 1 2
147 183 1 10
147 186 1 18
147 189 1 8
147 192 1 17
147 193 1 10
147 196 1 19
147 199 1 3
148 2 1 18
148 3 1 2
148 7 1 17
148 8 1 18
148 9 1 5
148 19 1 7
148 25 1 7
148 32 1 19
148 34 1 12
148 36 1 14
148 43 1 13
148 49 1 5
148 54 1 14
148 55 1 9
148 56 1 3
148 58 1 4
148 62 1 11
148 71 1 13
148 73 1 5
148 78 1 6
148 91 1 16
148 96 1 19
148 105 1 10
148 112 1 14
148 114 1 9
148 120 1 5
148 123 1 10
148 125 1 8
148 126 1 4
148 127 1 12
148 128 1 2
148 130 1 5
148 131 1 13
148 135 1 1
148 143 1 9
148 153 1 2
148 156 1 1
148 164 1 10
148 169 1 5
148 178 1 17
148 181 1 5
148 187 1 12
148 188 1 1
148 189 1 17
148 194 1 10
148 197 1 8
149 0 1 7
149 5 1 1
149 10 1 4
149 19 1 7
149 31 1 16
149 35 1 5
149 37 1 12
149 39 1 8
149 40 1 18
149 47 1 14
149 49 1 16
149 52 1 18
149 53 1 18
149 54 1 20
149 55 1 8
149 63 1 16
149 64 1 3
149 72 1 7
149 74 1 16
149 79 1 10
149 80 1 19
149 82 1 4
149 83 1 2
149 84 1 15
149 85 1 15
149 99 1 19
149 104 1 2
149 105 1 3
149 106 1 8
149 108 1 1
149 109 1 6
149 117 1 8
149 119 1 6
149 126 1 13
149 131 1 13
149 135 1 15
149 136 1 17
149 137 1 12
149 143 1 6
149 147 1 2
149 150 1 8
149 154 1 10
149 156 1 15
149 157 1 4
149 159 1 4
149 173 1 16
149 178 1 16
149 179 1 1
149 184 1 12
149 189 1 1
149 190 1 8
150 3 1 1
150 5 1 20
150 7 1 7
150 19 1 12
150 22 1 14
150 28 1 19
150 35 1 13
150 45 1 20
150 56 1 12
150 58 1 10
150 65 1 20
150 68 1 7
150 69 1 7
150 70 1 12
150 71 1 4
150 73 1 11
150 76 1 1
150 78 1 10
150 84 1 14
150 85 1 12
150 94 1 5
150 97 1 14
150 98 1 9
150 112 1 20
150 113 1 16
150 114 1 13
150 121 1 7
150 123 1 9
150 129 1 8
150 131 1 15
150 135 1 2
150 137 1 20
150 148 1 6
150 153 1 3
150 154 1 5
150 159 1 14
150 161 1 6
150 163 1 5
150 164 1 6
150 168 1 15
150 179 1 19
150 180 1 10
150 197 1 15
150 199 1 4
151 1 1 18
151 2 1 20
151 7 1 3
151 24 1 6
151 26 1 12
151 31 1 12
151 38 1 16
151 39 1 18
151 40 1 14
151 49 1 6
151 51 1 20
151 52 1 5
151 53 1 2
151 60 1 1
151 63 1 1
151 64 1 19
151 66 1 17
151 69 1 16
151 71 1 7
151 75 1 1
151 79 1 12
151 80 1 1
151 82 1 7
151 83 1 5
151 84 1 20
151 94 1 3
151 103 1 11
151 107 1 6
151 109 1 12
151 118 1 17
151 124 1 18
151 131 1 2
151 132 1 4
151 133 1 7
151 141 1 6
151 145 1 1
151 150 1 1
151 153 1 10
151 154 1 9
151 155 1 13
151 157 1 9
151 159 1 16
151 164 1 19
151 169 1 18
151 177 1 1
151 178 1 3
151 182 1 16
151 184 1 17
151 186 1 15
151 189 1 13
151 195 1 8
152 3 1 15
152 5 1 7
152 7 1 2
152 8 1 12
152 9 1 12
152 11 1 8
152 15 1 10
152 16 1 15
152 31 1 10
152 32 1 2
152 47 1 6
152 49 1 8
152 51 1 13
152 54 1 15
152 55 1 9
152 56 1 4
152 57 1 17
152 58 1 15
152 70 1 6
152 72 1 18
152 73 1 17
152 78 1 1
152 85 1 5
152 91 1 9
152 98 1 12
152 102 1 14
152 105 1 16
152 112 1 6
152 116 1 8
152 120 1 11
152 124 1 3
152 126 1 20
152 127 1 13
152 128 1 16
152 130 1 18
152 138 1 13
152 143 1 12
152 148 1 17
152 150 1 5
152 156 1 16
152 158 1 14
152 161 1 1
152 174 1 14
152 180 1 18
152 185 1 12
152 192 1 15
153 1 1 13
153 2 1 14
153 3 1 18
153 4 1 19
153 5 1 9
153 6 1 11
153 7 1 10
153 9 1 19
153 11 1 17
153 12 1 15
153 20 1 19
153 31 1 16
153 32 1 7
153 34 1 12
153 35 1 8
153 41 1 4
153 43 1 5
153 45 1 16
153 49 1 12
153 51 1 3
153 53 1 16
153 57 1 1
153 59 1 5
153 65 1 16
153 71 1 18
153 73 1 7
153 74 1 3
153 75 1 11
153 80 1 1
153 84 1 15
153 92 1 12
153 94 1 18
153 96 1 7
153 98 1 20
153 103 1 11
153 105 1 5
153 107 1 6
153 109 1 12
153 113 1 11
153 116 1 19
153 124 1 12
153 128 1 17
153 130 1 6
153 133 1 8
153 137 1 5
153 140 1 13
153 141 1 20
153 143 1 19
153 156 1 1
153 158 1 11
153 161 1 15
153 177 1 8
153 178 1 8
153 180 1 10
153 182 1 2
153 184 1 9
153 186 1 14
153 192 1 7
153 195 1 1
153 197 1 6
153 199 1 6
154 2 1 8
154 19 1 8
154 25 1 17
154 35 1 9
154 36 1 17
154 41 1 9
154 45 1 20
154 51 1 14
154 53 1 19
154 55 1 16
154 68 1 8
154 78 1 13
154 80 1 10
154 83 1 10
154 84 1 2
154 91 1 10
154 93 1 2
154 99 1 17
154 107 1 20
154 108 1 12
154 114 1 14
154 116 1 8
154 123 1 18
154 130 1 11
154 133 1 13
154 152 1 4
154 153 1 7
154 157 1 12
154 161 1 18
154 164 1 15
154 168 1 2
154 169 1 10
154 177 1 5
154 180 1 13
154 184 1 19
154 186 1 1
154 197 1 18
155 10 1 19
155 11 1 1
155 12 1 9
155 13 1 19
155 21 1 3
155 26 1 19
155 28 1 4
155 29 1 15
155 31 1 19
155 33 1 6
155 36 1 5
155 37 1 14
155 38 1 10
155 48 1 6
155 50 1 9
155 66 1 5
155 68 1 20
155 87 1 10
155 88 1 17
155 101 1 17
155 103 1 3
155 104 1 10
155 109 1 9
155 118 1 12
155 119 1 10
155 133 1 4
155 137 1 13
155 139 1 1
155 140 1 7
155 142 1 14
155 144 1 8
155 147 1 19
155 159 1 11
155 172 1 12
155 173 1 2
155 179 1 6
155 188 1 14
156 0 1 8
156 1 1 11
156 3 1 19
156 4 1 8
156 5 1 3
156 6 1 11
156 8 1 10
156 9 1 16
156 12 1 2
156 13 1 1
156 15 1 20
156 16 1 2
156 22 1 15
156 31 1 10
156 32 1 16
156 35 1 14
156 36 1 4
156 38 1 17
156 40 1 7
156 43 1 6
156 45 1 20
156 56 1 6
156 58 1 1
156 59 1 6
156 69 1 7
156 71 1 13
156 74 1 11
156 78 1 6
156 80 1 16
156 100 1 14
156 102 1 17
156 103 1 9
156 107 1 2
156 109 1 7
156 112 1 11
156 115 1 6
156 116 1 13
156 120 1 11
156 121 1 14
156 122 1 19
156 123 1 8
156 126 1 3
156 129 1 1
156 133 1 8
156 137 1 2
156 138 1 9
156 140 1 19
156 143 1 2
156 150 1 15
156 151 1 11
156 163 1 5
156 176 1 10
156 179 1 2
156 180 1 6
156 183 1 17
156 184 1 13
156 187 1 17
156 189 1 9
156 194 1 3
157 14 1 11
157 15 1 6
157 18 1 12
157 40 1 12
157 41 1 5
157 45 1 6
157 53 1 15
157 60 1 3
157 63 1 5
157 66 1 17
157 67 1 18
157 72 1 18
157 74 1 6
157 76 1 19
157 83 1 5
157 87 1 7
157 91 1 15
157 97 1 19
157 99 1 3
157 106 1 1
157 109 1 15
157 113 1 3
157 114 1 20
157 117 1 10
157 139 1 7
157 140 1 5
157 150 1 8
157 155 1 16
157 159 1 4
157 160 1 13
157 172 1 7
157 173 1 18
157 179 1 16
157 180 1 13
157 182 1 17
157 191 1 10
157 192 1 14
157 193 1 19
158 1 1 13
158 3 1 18
158 9 1 12
158 19 1 3
158 22 1 8
158 23 1 13
158 43 1 2
158 49 1 8
158 52 1 8
158 56 1 12
158 61 1 14
158 65 1 17
158 70 1 3
158 95 1 7
158 100 1 4
158 114 1 6
158 116 1 15
158 123 1 19
158 128 1 8
158 129 1 5
158 130 1 9
158 135 1 3
158 138 1 1
158 141 1 3
158 143 1 8
158 148 1 1
158 163 1 1
158 174 1 6
158 178 1 13
158 181 1 4
158 189 1 16
158 192 1 10
158 197 1 14
159 5 1 5
159 6 1 12
159 10 1 19
159 12 1 20
159 14 1 7
159 16 1 15
159 19 1 6
159 35 1 19
159 36 1 17
159 45 1 14
159 60 1 1
159 63 1 2
159 67 1 20
159 80 1 2
159 82 1 1
159 83 1 1
159 88 1 8
159 106 1 2
159 111 1 20
159 114 1 13
159 115 1 1
159 119 1 10
159 121 1 6
159 124 1 16
159 130 1 16
159 131 1 11
159 136 1 5
159 139 1 3
159 161 1 13
159 166 1 6
159 167 1 7
159 171 1 5
159 179 1 16
159 180 1 20
159 183 1 8
159 186 1 15
159 188 1 13
159 196 1 4
160 0 1 18
160 5 1 20
160 7 1 18
160 11 1 18
160 26 1 19
160 35 1 4
160 36 1 14
160 39 1 4
160 40 1 7
160 47 1 2
160 52 1 4
160 53 1 13
160 54 1 8
160 68 1 11
160 79 1 15
160 82 1 3
160 85 1 3
160 87 1 6
160 91 1 14
160 93 1 18
160 99 1 5
160 103 1 8
160 104 1 10
160 105 1 12
160 106 1 13
160 107 1 15
160 113 1 10
160 117 1 17
160 119 1 15
160 132 1 9
160 133 1 3
160 135 1 18
160 137 1 8
160 143 1 16
160 145 1 18
160 149 1 3
160 150 1 14
160 151 1 20
160 161 1 6
160 170 1 19
160 173 1 10
160 176 1 17
160 179 1 8
160 184 1 12
160 186 1 9
160 192 1 4
160 193 1 13
160 199 1 13
161 1 1 17
161 8 1 15
161 9 1 16
161 11 1 14
161 15 1 15
161 22 1 20
161 28 1 3
161 34 1 4
161 35 1 5
161 44 1 4
161 46 1 16
161 47 1 15
161 49 1 19
161 53 1 17
161 59 1 9
161 61 1 5
161 63 1 15
161 65 1 14
161 68 1 13
161 69 1 13
161 80 1 6
161 82 1 7
161 84 1 3
161 86 1 15
161 87 1 3
161 89 1 7
161 91 1 12
161 94 1 8
161 95 1 8
161 98 1 8
161 99 1 19
161 107 1 4
161 109 1 6
161 116 1 15
161 118 1 2
161 122 1 2
161 126 1 11
161 127 1 2
161 128 1 15
161 129 1 12
161 130 1 15
161 135 1 15
161 136 1 1
161 137 1 17
161 141 1 9
161 143 1 20
161 144 1 2
161 146 1 4
161 147 1 12
161 149 1 15
161 151 1 5
161 156 1 20
161 158 1 17
161 162 1 1
161 164 1 3
161 169 1 3
161 173 1 9
161 177 1 20
161 178 1 15
161 185 1 13
161 187 1 13
161 190 1 10
161 194 1 4
161 197 1 15
161 199 1 19
162 12 1 5
162 13 1 19
162 15 1 11
162 18 1 12
162 19 1 7
162 26 1 3
162 28 1 20
162 30 1 18
162 33 1 17
162 38 1 14
162 46 1 20
162 48 1 5
162 53 1 2
162 63 1 11
162 70 1 7
162 77 1 19
162 88 1 6
162 89 1 8
162 90 1 11
162 94 1 17
162 97 1 1
162 105 1 18
162 114 1 20
162 115 1 9
162 131 1 3
162 134 1 18
162 144 1 18
162 146 1 11
162 149 1 19
162 160 1 8
162 167 1 19
162 171 1 3
162 172 1 14
162 175 1 16
162 182 1 20
162 183 1 19
162 196 1 18
162 198 1 6
163 0 1 1
163 5 1 19
163 8 1 14
163 9 1 11
163 12 1 3
163 13 1 2
163 15 1 2
163 19 1 7
163 26 1 12
163 38 1 3
163 43 1 9
163 44 1 14
163 46 1 14
163 49 1 18
163 54 1 3
163 59 1 6
163 61 1 5
163 65 1 3
163 69 1 9
163 74 1 17
163 77 1 16
163 84 1 16
163 86 1 14
163 89 1 20
163 95 1 16
163 100 1 16
163 109 1 18
163 116 1 8
163 122 1 2
163 127 1 3
163 128 1 20
163 129 1 13
163 133 1 7
163 136 1 17
163 138 1 9
163 146 1 19
163 148 1 11
163 152 1 17
163 153 1 8
163 161 1 15
163 169 1 1
163 177 1 9
163 180 1 17
163 181 1 17
163 186 1 15
163 187 1 2
163 197 1 9
163 198 1 5
164 0 1 15
164 2 1 14
164 4 1 14
164 8 1 11
164 11 1 2
164 19 1 5
164 20 1 12
164 25 1 16
164 34 1 17
164 39 1 2
164 45 1 16
164 47 1 20
164 49 1 9
164 51 1 10
164 54 1 13
164 57 1 4
164 58 1 2
164 65 1 13
164 69 1 11
164 71 1 7
164 75 1 12
164 76 1 17
164 79 1 10
164 80 1 15
164 84 1 2
164 85 1 8
164 98 1 1
164 99 1 19
164 105 1 16
164 107 1 15
164 108 1 17
164 123 1 15
164 124 1 14
164 126 1 3
164 127 1 17
164 129 1 9
164 131 1 1
164 136 1 5
164 149 1 5
164 152 1 12
164 163 1 11
164 185 1 15
164 187 1 9
164 188 1 20
165 17 1 4
165 27 1 9
165 30 1 20
165 60 1 14
165 77 1 1
165 82 1 7
165 89 1 19
165 109 1 7
165 137 1 14
165 142 1 11
165 159 1 14
165 162 1 14
165 167 1 20
165 170 1 17
165 175 1 7
165 198 1 4
166 6 1 5
166 12 1 17
166 16 1 12
166 17 1 5
166 19 1 5
166 21 1 13
166 27 1 14
166 31 1 6
166 34 1 5
166 36 1 17
166 40 1 12
166 42 1 3
166 56 1 14
166 63 1 4
166 74 1 20
166 80 1 19
166 86 1 8
166 87 1 15
166 89 1 10
166 90 1 4
166 94 1 8
166 105 1 6
166 109 1 10
166 115 1 10
166 131 1 12
166 133 1 7
166 134 1 16
166 135 1 9
166 145 1 11
166 155 1 4
166 161 1 12
166 165 1 1
166 171 1 11
166 173 1 13
166 191 1 13
167 6 1 11
167 10 1 13
167 11 1 17
167 12 1 11
167 13 1 15
167 14 1 5
167 19 1 12
167 23 1 6
167 30 1 5
167 31 1 5
167 34 1 8
167 37 1 10
167 46 1 14
167 53 1 4
167 54 1 13
167 60 1 19
167 64 1 6
167 66 1 1
167 68 1 11
167 70 1 4
167 82 1 17
167 86 1 2
167 88 1 16
167 89 1 14
167 91 1 4
167 105 1 7
167 106 1 20
167 111 1 3
167 115 1 6
167 130 1 2
167 136 1 15
167 140 1 17
167 144 1 13
167 146 1 14
167 149 1 19
167 155 1 14
167 163 1 12
167 171 1 10
167 175 1 12
167 181 1 19
167 188 1 12
167 192 1 9
167 196 1 17
167 198 1 19
168 9 1 1
168 20 1 13
168 47 1 10
168 49 1 6
168 51 1 11
168 58 1 14
168 65 1 13
168 69 1 4
168 72 1 11
168 75 1 5
168 76 1 19
168 98 1 1
168 108 1 18
168 113 1 19
168 151 1 10
168 153 1 17
168 164 1 2
168 169 1 18
168 186 1 10
168 189 1 3
168 195 1 2
168 197 1 11
169 0 1 10
169 2 1 7
169 3 1 16
169 4 1 4
169 8 1 6
169 20 1 6
169 22 1 18
169 31 1 9
169 32 1 20
169 36 1 18
169 51 1 19
169 54 1 15
169 57 1 4
169 58 1 20
169 72 1 8
169 73 1 3
169 75 1 6
169 76 1 15
169 84 1 17
169 85 1 5
169 94 1 12
169 98 1 16
169 99 1 4
169 105 1 8
169 108 1 10
169 112 1 13
169 113 1 18
169 114 1 6
169 116 1 7
169 123 1 12
169 127 1 10
169 130 1 5
169 131 1 11
169 136 1 20
169 141 1 12
169 150 1 6
169 153 1 5
169 156 1 8
169 164 1 15
169 174 1 6
169 176 1 4
169 178 1 4
169 186 1 5
169 187 1 1
169 189 1 12
169 194 1 8
169 195 1 9
170 5 1 1
170 6 1 7
170 13 1 5
170 15 1 3
170 16 1 18
170 27 1 10
170 28 1 1
170 31 1 1
170 36 1 1
170 40 1 3
170 45 1 13
170 60 1 2
170 62 1 6
170 77 1 18
170 82 1 20
170 87 1 11
170 89 1 4
170 91 1 14
170 94 1 10
170 100 1 19
170 101 1 13
170 106 1 2
170 109 1 12
170 110 1 13
170 130 1 12
170 134 1 2
170 135 1 8
170 137 1 2
170 138 1 20
170 140 1 18
170 142 1 12
170 144 1 9
170 145 1 8
170 146 1 15
170 147 1 17
170 149 1 12
170 155 1 19
170 159 1 18
170 161 1 1
170 162 1 14
170 163 1 19
170 166 1 2
170 167 1 14
170 190 1 5
170 191 1 4
170 196 1 14
171 5 1 11
171 10 1 7
171 12 1 11
171 13 1 6
171 19 1 8
171 21 1 6
171 26 1 12
171 28 1 17
171 35 1 7
171 38 1 5
171 45 1 18
171 46 1 2
171 53 1 3
171 64 1 11
171 66 1 4
171 67 1 5
171 72 1 17
171 74 1 9
171 80 1 8
171 81 1 20
171 82 1 12
171 83 1 1
171 87 1 5
171 90 1 12
171 93 1 11
171 99 1 7
171 101 1 9
171 104 1 18
171 105 1 15
171 107 1 4
171 109 1 17
171 111 1 20
171 115 1 4
171 118 1 2
171 119 1 14
171 121 1 8
171 137 1 12
171 140 1 5
171 143 1 20
171 147 1 13
171 149 1 5
171 151 1 6
171 155 1 5
171 160 1 7
171 170 1 1
171 172 1 12
171 177 1 12
171 180 1 1
171 182 1 10
171 183 1 4
171 186 1 8
171 191 1 18
171 193 1 1
172 10 1 14
172 11 1 11
172 13 1 19
172 28 1 8
172 29 1 7
172 35 1 17
172 37 1 4
172 40 1 2
172 50 1 6
172 53 1 12
172 60 1 16
172 63 1 11
172 68 1 5
172 87 1 11
172 93 1 11
172 97 1 11
172 106 1 8
172 117 1 17
172 133 1 11
172 139 1 13
172 145 1 6
172 147 1 1
172 159 1 6
172 160 1 2
172 177 1 4
172 190 1 13
172 191 1 12
173 6 1 5
173 11 1 11
173 17 1 4
173 18 1 3
173 21 1 1
173 26 1 6
173 30 1 14
173 33 1 3
173 38 1 8
173 45 1 7
173 46 1 1
173 48 1 16
173 60 1 8
173 64 1 16
173 66 1 15
173 77 1 5
173 88 1 9
173 93 1 12
173 97 1 16
173 101 1 12
173 105 1 8
173 106 1 14
173 107 1 10
173 133 1 11
173 135 1 4
173 144 1 2
173 162 1 1
173 165 1 10
173 167 1 1
173 172 1 12
173 179 1 2
173 180 1 20
173 182 1 14
173 192 1 5
173 193 1 10
174 1 1 13
174 4 1 12
174 5 1 10
174 9 1 6
174 32 1 18
174 45 1 10
174 49 1 2
174 52 1 5
174 54 1 1
174 65 1 20
174 70 1 18
174 71 1 19
174 73 1 20
174 86 1 18
174 91 1 7
174 100 1 1
174 102 1 7
174 114 1 4
174 116 1 11
174 123 1 12
174 126 1 8
174 131 1 10
174 135 1 9
174 143 1 1
174 148 1 9
174 150 1 6
174 153 1 19
174 156 1 13
174 161 1 5
174 163 1 18
174 164 1 12
174 181 1 20
174 185 1 4
174 187 1 13
174 188 1 9
174 197 1 6
175 6 1 2
175 10 1 15
175 15 1 9
175 17 1 2
175 26 1 12
175 27 1 19
175 40 1 12
175 46 1 11
175 54 1 4
175 56 1 14
175 70 1 9
175 77 1 12
175 86 1 8
175 88 1 19
175 89 1 20
175 100 1 7
175 101 1 15
175 103 1 2
175 110 1 16
175 115 1 7
175 121 1 8
175 130 1 10
175 131 1 7
175 135 1 15
175 137 1 8
175 142 1 13
175 159 1 10
175 161 1 10
175 163 1 5
175 173 1 13
175 177 1 4
175 183 1 7
175 196 1 19
175 199 1 18
176 7 1 16
176 9 1 12
176 11 1 5
176 20 1 17
176 25 1 20
176 28 1 4
176 31 1 10
176 35 1 16
176 41 1 18
176 45 1 19
176 53 1 6
176 58 1 16
176 62 1 9
176 65 1 18
176 69 1 19
176 72 1 9
176 76 1 11
176 79 1 9
176 84 1 14
176 85 1 13
176 91 1 9
176 93 1 3
176 97 1 13
176 99 1 3
176 102 1 7
176 118 1 17
176 123 1 20
176 124 1 3
176 133 1 3
176 149 1 8
176 150 1 15
176 151 1 1
176 153 1 19
176 157 1 6
176 164 1 7
176 168 1 17
176 182 1 1
176 186 1 18
176 188 1 6
176 189 1 17
176 193 1 16
176 195 1 18
177 0 1 5
177 6 1 16
177 11 1 18
177 18 1 6
177 19 1 17
177 21 1 18
177 24 1 17
177 27 1 16
177 29 1 17
177 31 1 3
177 36 1 4
177 37 1 11
177 38 1 8
177 41 1 15
177 48 1 8
177 49 1 9
177 53 1 13
177 56 1 17
177 59 1 9
177 60 1 7
177 63 1 11
177 70 1 1
177 72 1 13
177 77 1 1
177 81 1 15
177 83 1 20
177 85 1 5
177 89 1 4
177 93 1 7
177 99 1 12
177 103 1 17
177 104 1 10
177 105 1 6
177 107 1 6
177 109 1 18
177 111 1 14
177 114 1 13
177 115 1 10
177 116 1 19
177 118 1 7
177 129 1 9
177 133 1 15
177 134 1 6
177 136 1 7
177 137 1 20
177 142 1 17
177 144 1 9
177 146 1 2
177 150 1 15
177 152 1 12
177 155 1 11
177 157 1 17
177 159 1 6
177 160 1 9
177 162 1 6
177 167 1 9
177 173 1 4
177 178 1 13
177 180 1 1
177 182 1 3
177 183 1 10
177 188 1 2
177 190 1 13
177 191 1 15
177 197 1 1
177 198 1 19
178 1 1 18
178 7 1 12
178 9 1 18
178 11 1 9
178 15 1 8
178 19 1 19
178 22 1 20
178 24 1 14
178 28 1 11
178 34 1 5
178 38 1 13
178 41 1 19
178 44 1 9
178 45 1 11
178 49 1 18
178 52 1 3
178 56 1 9
178 57 1 1
178 65 1 14
178 74 1 19
178 75 1 4
178 79 1 13
178 82 1 7
178 84 1 1
178 97 1 17
178 109 1 3
178 123 1 14
178 124 1 11
178 126 1 1
178 129 1 4
178 130 1 10
178 140 1 3
178 141 1 9
178 143 1 1
178 150 1 5
178 152 1 14
178 154 1 1
178 160 1 15
178 164 1 8
178 168 1 3
178 176 1 9
178 182 1 14
178 189 1 17
178 199 1 3
179 1 1 9
179 3 1 4
179 10 1 11
179 11 1 20
179 15 1 2
179 16 1 5
179 19 1 20
179 21 1 11
179 23 1 13
179 31 1 14
179 32 1 12
179 36 1 8
179 40 1 4
179 41 1 3
179 42 1 17
179 43 1 18
179 45 1 17
179 48 1 10
179 53 1 4
179 54 1 5
179 55 1 20
179 56 1 8
179 60 1 10
179 63 1 2
179 67 1 6
179 77 1 8
179 82 1 1
179 84 1 11
179 87 1 10
179 91 1 13
179 93 1 10
179 94 1 9
179 99 1 1
179 106 1 7
179 107 1 10
179 111 1 15
179 114 1 3
179 116 1 1
179 124 1 15
179 126 1 10
179 127 1 13
179 129 1 11
179 130 1 10
179 131 1 9
179 138 1 6
179 141 1 12
179 145 1 12
179 146 1 12
179 147 1 5
179 151 1 13
179 152 1 3
179 153 1 2
179 154 1 19
179 158 1 6
179 161 1 4
179 163 1 13
179 166 1 10
179 167 1 10
179 170 1 16
179 171 1 6
179 175 1 2
179 187 1 4
179 189 1 12
179 190 1 7
179 191 1 12
179 192 1 18
179 196 1 19
180 0 1 14
180 2 1 7
180 11 1 15
180 15 1 8
180 19 1 20
180 20 1 9
180 25 1 13
180 31 1 14
180 34 1 17
180 36 1 17
180 45 1 17
180 47 1 14
180 51 1 1
180 53 1 4
180 55 1 4
180 60 1 1
180 62 1 6
180 65 1 17
180 66 1 6
180 68 1 8
180 70 1 6
180 74 1 6
180 79 1 13
180 81 1 13
180 84 1 15
180 85 1 10
180 87 1 16
180 94 1 9
180 96 1 6
180 97 1 3
180 107 1 9
180 113 1 9
180 118 1 15
180 124 1 7
180 129 1 13
180 130 1 3
180 135 1 5
180 136 1 1
180 141 1 12
180 147 1 20
180 148 1 8
180 149 1 7
180 151 1 3
180 155 1 5
180 161 1 4
180 164 1 2
180 169 1 12
180 176 1 4
180 179 1 12
180 184 1 3
180 188 1 10
180 190 1 5
180 191 1 6
180 192 1 18
180 197 1 8
181 0 1 15
181 4 1 3
181 19 1 14
181 24 1 20
181 30 1 10
181 31 1 17
181 32 1 10
181 46 1 1
181 56 1 9
181 59 1 18
181 62 1 7
181 77 1 3
181 82 1 11
181 86 1 16
181 88 1 12
181 89 1 7
181 94 1 3
181 100 1 13
181 109 1 8
181 111 1 10
181 112 1 1
181 116 1 18
181 121 1 13
181 125 1 9
181 126 1 16
181 127 1 13
181 128 1 8
181 131 1 3
181 135 1 20
181 137 1 8
181 147 1 5
181 153 1 15
181 156 1 15
181 166 1 1
181 170 1 10
181 185 1 13
181 194 1 6
181 196 1 14
182 5 1 16
182 10 1 2
182 12 1 14
182 13 1 8
182 15 1 11
182 19 1 18
182 28 1 9
182 29 1 2
182 33 1 11
182 35 1 15
182 40 1 4
182 41 1 17
182 47 1 10
182 55 1 13
182 60 1 4
182 63 1 2
182 64 1 15
182 66 1 2
182 67 1 3
182 68 1 4
182 72 1 18
182 74 1 1
182 76 1 13
182 79 1 5
182 81 1 4
182 82 1 8
182 84 1 1
182 85 1 14
182 92 1 5
182 94 1 19
182 104 1 15
182 118 1 14
182 119 1 17
182 150 1 20
182 154 1 9
182 155 1 17
182 156 1 9
182 159 1 10
182 172 1 12
182 180 1 18
182 184 1 2
182 188 1 12
182 193 1 10
182 197 1 11
183 6 1 19
183 13 1 9
183 15 1 4
183 17 1 17
183 19 1 12
183 21 1 15
183 26 1 2
183 36 1 3
183 37 1 18
183 38 1 3
183 40 1 15
183 42 1 13
183 43 1 10
183 44 1 20
183 59 1 4
183 61 1 2
183 62 1 15
183 67 1 17
183 68 1 10
183 82 1 20
183 88 1 15
183 89 1 6
183 90 1 18
183 94 1 13
183 105 1 20
183 114 1 18
183 115 1 5
183 129 1 5
183 137 1 16
183 138 1 17
183 145 1 14
183 155 1 4
183 160 1 7
183 161 1 6
183 163 1 5
183 166 1 19
183 167 1 5
183 170 1 18
183 173 1 16
183 179 1 19
183 181 1 19
183 196 1 17
183 198 1 3
183 199 1 15
184 4 1 4
184 19 1 14
184 22 1 5
184 34 1 13
184 39 1 18
184 47 1 4
184 65 1 18
184 68 1 1
184 83 1 12
184 85 1 4
184 96 1 20
184 99 1 11
184 105 1 6
184 108 1 19
184 114 1 12
184 124 1 19
184 127 1 2
184 130 1 19
184 133 1 4
184 143 1 8
184 148 1 11
184 150 1 3
184 152 1 20
184 164 1 11
184 168 1 2
184 169 1 1
184 174 1 11
184 176 1 3
184 186 1 7
184 187 1 17
184 189 1 13
184 192 1 20
184 195 1 6
185 3 1 16
185 5 1 12
185 7 1 14
185 16 1 16
185 19 1 19
185 32 1 4
185 44 1 16
185 49 1 16
185 54 1 4
185 55 1 12
185 59 1 3
185 61 1 4
185 62 1 17
185 69 1 17
185 70 1 3
185 73 1 8
185 86 1 9
185 122 1 19
185 126 1 10
185 127 1 19
185 136 1 9
185 148 1 13
185 150 1 2
185 153 1 19
185 156 1 4
185 163 1 12
185 178 1 5
185 196 1 2
185 197 1 13
186 0 1 20
186 1 1 8
186 4 1 15
186 5 1 3
186 7 1 4
186 9 1 13
186 11 1 1
186 15 1 19
186 19 1 8
186 24 1 15
186 25 1 13
186 26 1 16
186 39 1 10
186 41 1 19
186 43 1 9
186 45 1 3
186 49 1 15
186 51 1 6
186 52 1 13
186 54 1 1
186 62 1 16
186 69 1 19
186 70 1 14
186 74 1 7
186 75 1 19
186 79 1 7
186 80 1 7
186 82 1 9
186 83 1 14
186 91 1 13
186 92 1 10
186 93 1 5
186 96 1 17
186 97 1 14
186 98 1 12
186 103 1 6
186 105 1 1
186 109 1 8
186 113 1 18
186 118 1 12
186 124 1 1
186 131 1 16
186 132 1 1
186 135 1 4
186 136 1 5
186 141 1 12
186 143 1 15
186 148 1 18
186 149 1 10
186 150 1 3
186 156 1 6
186 158 1 12
186 161 1 11
186 177 1 19
186 178 1 9
186 182 1 6
186 188 1 7
186 189 1 19
186 193 1 18
186 195 1 18
186 197 1 2
187 7 1 16
187 8 1 20
187 9 1 10
187 15 1 3
187 19 1 10
187 30 1 5
187 32 1 6
187 44 1 13
187 54 1 20
187 59 1 11
187 62 1 17
187 69 1 20
187 70 1 19
187 73 1 12
187 74 1 5
187 80 1 2
187 84 1 5
187 86 1 15
187 94 1 6
187 95 1 19
187 98 1 19
187 100 1 18
187 105 1 13
187 114 1 15
187 116 1 1
187 120 1 16
187 126 1 6
187 127 1 13
187 129 1 6
187 136 1 10
187 141 1 15
187 150 1 8
187 152 1 14
187 153 1 11
187 158 1 4
187 177 1 11
187 178 1 10
187 185 1 17
187 186 1 19
187 188 1 6
187 192 1 16
188 1 1 19
188 4 1 7
188 5 1 20
188 7 1 9
188 9 1 7
188 15 1 3
188 26 1 20
188 28 1 4
188 37 1 12
188 40 1 14
188 44 1 14
188 51 1 2
188 58 1 2
188 65 1 14
188 68 1 17
188 69 1 6
188 70 1 2
188 71 1 10
188 75 1 16
188 79 1 12
188 80 1 9
188 81 1 9
188 83 1 7
188 85 1 19
188 93 1 9
188 103 1 11
188 105 1 17
188 106 1 16
188 107 1 1
188 109 1 12
188 113 1 20
188 126 1 6
188 127 1 3
188 130 1 2
188 131 1 6
188 133 1 18
188 136 1 2
188 137 1 13
188 151 1 12
188 153 1 2
188 157 1 12
188 158 1 15
188 160 1 11
188 161 1 3
188 163 1 18
188 169 1 15
188 170 1 16
188 171 1 17
188 173 1 20
188 178 1 19
188 179 1 1
188 184 1 20
188 189 1 19
188 199 1 12
189 1 1 16
189 2 1 6
189 7 1 19
189 13 1 14
189 15 1 12
189 31 1 13
189 34 1 16
189 35 1 10
189 36 1 17
189 38 1 15
189 39 1 3
189 47 1 13
189 54 1 6
189 55 1 9
189 56 1 20
189 58 1 5
189 68 1 14
189 69 1 18
189 70 1 19
189 73 1 20
189 78 1 17
189 82 1 11
189 83 1 17
189 91 1 1
189 97 1 9
189 98 1 11
189 105 1 1
189 113 1 1
189 118 1 4
189 124 1 10
189 131 1 5
189 133 1 19
189 141 1 18
189 152 1 4
189 154 1 8
189 157 1 17
189 160 1 9
189 161 1 8
189 174 1 12
189 177 1 1
189 180 1 11
189 182 1 14
189 192 1 2
189 193 1 9
190 11 1 15
190 13 1 11
190 17 1 10
190 18 1 12
190 21 1 17
190 26 1 9
190 27 1 2
190 33 1 2
190 37 1 5
190 40 1 6
190 46 1 20
190 50 1 20
190 60 1 4
190 63 1 8
190 66 1 14
190 74 1 3
190 93 1 16
190 105 1 16
190 106 1 11
190 109 1 15
190 114 1 14
190 118 1 20
190 121 1 1
190 134 1 10
190 139 1 4
190 142 1 2
190 143 1 18
190 144 1 16
190 147 1 6
190 155 1 4
190 159 1 5
190 160 1 14
190 162 1 14
190 166 1 8
190 173 1 4
190 182 1 13
190 183 1 2
190 188 1 15
190 192 1 9
190 193 1 17
190 198 1 10
191 6 1 7
191 14 1 10
191 15 1 20
191 17 1 8
191 18 1 11
191 26 1 3
191 28 1 14
191 29 1 2
191 40 1 11
191 46 1 1
191 53 1 16
191 60 1 12
191 66 1 15
191 67 1 10
191 74 1 3
191 80 1 12
191 81 1 14
191 88 1 5
191 90 1 20
191 103 1 19
191 104 1 17
191 105 1 4
191 107 1 7
191 118 1 7
191 119 1 19
191 121 1 9
191 124 1 9
191 131 1 4
191 133 1 19
191 134 1 12
191 135 1 8
191 137 1 9
191 139 1 15
191 140 1 13
191 147 1 20
191 155 1 10
191 159 1 1
191 160 1 20
191 161 1 5
191 162 1 1
191 165 1 6
191 167 1 2
191 173 1 5
191 182 1 15
191 188 1 17
191 190 1 18
191 193 1 16
191 198 1 18
192 1 1 14
192 5 1 3
192 6 1 8
192 10 1 10
192 12 1 4
192 14 1 18
192 15 1 8
192 19 1 5
192 21 1 17
192 22 1 18
192 28 1 11
192 30 1 1
192 35 1 14
192 36 1 10
192 40 1 4
192 43 1 18
192 46 1 14
192 47 1 10
192 49 1 13
192 54 1 2
192 60 1 2
192 62 1 3
192 64 1 5
192 75 1 6
192 77 1 7
192 81 1 18
192 82 1 7
192 83 1 12
192 87 1 9
192 91 1 18
192 92 1 7
192 94 1 5
192 97 1 11
192 103 1 20
192 106 1 9
192 107 1 2
192 109 1 6
192 113 1 16
192 114 1 19
192 115 1 9
192 116 1 9
192 118 1 10
192 121 1 17
192 126 1 14
192 129 1 20
192 130 1 11
192 132 1 20
192 135 1 20
192 137 1 19
192 139 1 16
192 141 1 18
192 143 1 19
192 144 1 17
192 149 1 3
192 150 1 18
192 151 1 5
192 154 1 19
192 155 1 15
192 156 1 2
192 161 1 19
192 162 1 8
192 163 1 18
192 164 1 17
192 166 1 2
192 171 1 4
192 177 1 17
192 182 1 3
192 183 1 16
192 186 1 18
192 188 1 5
192 191 1 18
192 193 1 10
192 196 1 12
192 197 1 11
192 198 1 12
193 11 1 10
193 22 1 4
193 33 1 13
193 40 1 13
193 45 1 12
193 48 1 15
193 50 1 13
193 60 1 20
193 64 1 6
193 68 1 15
193 80 1 18
193 82 1 3
193 83 1 17
193 85 1 1
193 94 1 15
193 104 1 17
193 114 1 19
193 117 1 1
193 119 1 5
193 133 1 9
193 141 1 5
193 149 1 19
193 154 1 14
193 155 1 17
193 159 1 12
193 162 1 18
193 177 1 14
193 179 1 1
193 188 1 9
194 1 1 10
194 3 1 2
194 7 1 7
194 19 1 3
194 24 1 15
194 32 1 2
194 34 1 7
194 44 1 9
194 49 1 5
194 55 1 5
194 61 1 6
194 62 1 14
194 65 1 11
194 86 1 13
194 95 1 9
194 100 1 7
194 105 1 10
194 112 1 2
194 116 1 20
194 125 1 17
194 128 1 5
194 129 1 3
194 136 1 5
194 138 1 1
194 152 1 9
194 153 1 15
194 158 1 4
194 163 1 1
194 174 1 19
194 185 1 3
194 187 1 10
194 196 1 6
194 199 1 18
195 7 1 18
195 9 1 20
195 41 1 18
195 47 1 12
195 55 1 18
195 57 1 18
195 69 1 20
195 71 1 2
195 76 1 6
195 79 1 10
195 98 1 16
195 99 1 10
195 102 1 4
195 113 1 11
195 124 1 10
195 150 1 10
195 154 1 9
195 164 1 13
195 178 1 4
195 180 1 16
195 188 1 2
195 189 1 6
195 197 1 15
196 1 1 9
196 6 1 7
196 8 1 8
196 12 1 20
196 13 1 8
196 23 1 19
196 24 1 14
196 26 1 8
196 30 1 5
196 31 1 9
196 32 1 4
196 34 1 18
196 38 1 8
196 42 1 14
196 45 1 17
196 59 1 9
196 63 1 18
196 80 1 14
196 86 1 10
196 94 1 20
196 95 1 20
196 110 1 10
196 111 1 3
196 112 1 12
196 114 1 4
196 115 1 12
196 120 1 6
196 122 1 2
196 125 1 1
196 129 1 16
196 133 1 7
196 134 1 18
196 137 1 8
196 138 1 18
196 152 1 12
196 156 1 5
196 158 1 19
196 163 1 15
196 166 1 12
196 177 1 12
196 187 1 15
196 199 1 19
197 7 1 10
197 8 1 8
197 11 1 19
197 13 1 14
197 15 1 12
197 20 1 11
197 32 1 4
197 34 1 5
197 35 1 6
197 43 1 17
197 45 1 4
197 47 1 11
197 49 1 10
197 52 1 18
197 54 1 1
197 56 1 6
197 65 1 19
197 69 1 12
197 72 1 1
197 78 1 13
197 82 1 9
197 85 1 16
197 92 1 9
197 94 1 18
197 96 1 12
197 103 1 11
197 107 1 16
197 112 1 3
197 124 1 6
197 126 1 2
197 127 1 7
197 128 1 6
197 130 1 19
197 136 1 11
197 147 1 12
197 149 1 10
197 151 1 17
197 152 1 7
197 160 1 17
197 164 1 16
197 169 1 11
197 176 1 20
197 178 1 15
197 179 1 1
197 184 1 3
197 188 1 19
197 189 1 13
198 10 1 9
198 13 1 10
198 16 1 17
198 17 1 4
198 26 1 11
198 27 1 15
198 42 1 2
198 44 1 2
198 45 1 9
198 59 1 18
198 63 1 14
198 66 1 13
198 77 1 14
198 86 1 17
198 87 1 5
198 91 1 14
198 100 1 19
198 101 1 10
198 103 1 4
198 114 1 8
198 115 1 5
198 121 1 5
198 130 1 1
198 131 1 4
198 133 1 7
198 134 1 13
198 135 1 9
198 137 1 17
198 142 1 6
198 145 1 8
198 155 1 1
198 159 1 11
198 161 1 10
198 166 1 9
198 170 1 3
198 173 1 5
198 175 1 16
198 196 1 3
199 0 1 11
199 3 1 12
199 6 1 19
199 8 1 4
199 11 1 8
199 12 1 8
199 15 1 5
199 16 1 20
199 21 1 6
199 23 1 15
199 26 1 13
199 30 1 9
199 32 1 11
199 34 1 11
199 46 1 7
199 59 1 11
199 61 1 12
199 66 1 18
199 80 1 5
199 87 1 7
199 88 1 11
199 91 1 9
199 94 1 6
199 101 1 6
199 105 1 12
199 107 1 12
199 115 1 20
199 121 1 16
199 130 1 2
199 134 1 5
199 137 1 16
199 140 1 2
199 142 1 5
199 145 1 2
199 149 1 18
199 152 1 19
199 159 1 19
199 162 1 1
199 163 1 15
199 167 1 16
199 170 1 20
199 171 1 19
199 173 1 2
199 177 1 13
199 179 1 16
199 181 1 20
199 187 1 14
199 192 1 1
199 197 1 13
199 198 1 15
