0 42 34 13
0 50 16 2
0 76 58 18
0 85 20 19
0 107 52 4
0 198 29 17
1 18 62 13
1 160 59 14
2 43 51 17
2 152 34 10
2 167 5 11
3 118 44 9
4 86 63 20
5 39 11 18
5 88 47 13
6 31 19 5
6 99 2 17
6 188 19 8
7 125 27 20
7 163 59 9
7 170 27 5
8 0 53 4
8 85 44 7
8 107 48 17
8 141 14 15
9 186 33 20
10 32 25 1
10 52 60 5
10 72 37 8
10 160 22 10
11 168 53 10
12 55 46 20
12 129 62 8
14 3 33 11
15 22 39 16
15 76 42 3
16 84 10 5
16 95 13 20
16 110 60 8
16 195 13 12
17 37 12 1
18 72 24 5
18 103 5 20
20 5 51 2
20 25 29 6
20 39 39 7
21 70 19 19
22 17 53 17
22 85 57 10
22 89 32 11
22 100 2 2
22 161 13 4
22 191 43 5
23 80 46 2
23 113 56 18
23 155 22 5
24 85 57 4
24 89 32 17
24 100 51 13
24 102 45 8
24 141 24 5
24 161 5 12
25 35 37 13
25 179 33 6
26 130 51 11
26 154 60 16
27 19 59 13
27 192 8 1
28 82 35 1
28 148 7 3
28 150 41 20
28 153 36 10
28 154 2 16
28 194 45 4
30 59 30 14
31 99 31 5
31 100 62 14
31 189 26 17
32 23 31 19
32 45 49 20
32 51 43 3
32 52 62 11
32 53 61 17
32 80 7 10
32 98 57 12
33 18 58 2
33 87 26 4
33 102 34 12
33 103 1 13
33 107 7 3
33 169 46 3
34 21 22 3
34 70 22 18
35 84 37 11
35 95 19 5
35 144 32 10
35 151 37 10
36 66 53 6
36 106 27 11
36 174 6 10
36 189 17 16
37 76 57 15
37 79 51 18
37 197 6 2
38 73 49 3
38 74 40 20
38 105 63 19
39 179 14 18
41 60 36 7
42 8 17 4
42 18 51 8
42 103 43 14
42 141 22 8
43 106 10 15
43 120 20 10
43 147 48 6
43 158 43 8
44 7 30 18
44 68 26 2
44 125 34 13
44 183 38 9
45 23 17 9
45 80 37 10
45 98 25 16
45 155 14 2
46 130 18 18
47 60 23 11
47 171 57 17
48 27 43 5
48 86 38 13
48 96 48 2
50 69 37 18
50 94 57 7
50 198 21 3
51 10 52 5
51 52 56 1
51 88 39 13
51 155 6 13
52 45 44 5
52 98 21 15
53 10 42 3
54 36 39 20
54 43 57 11
54 92 20 7
54 106 2 12
54 120 2 8
54 128 20 8
56 19 28 1
56 27 51 15
56 91 4 11
57 93 33 2
57 119 29 9
58 49 18 2
58 123 63 4
59 6 12 15
59 62 61 15
61 47 33 2
63 79 39 10
63 197 5 11
64 19 11 7
64 27 58 15
64 165 11 4
65 118 49 3
66 54 51 16
66 92 8 6
68 7 64 20
68 129 32 10
68 163 26 14
68 183 28 7
71 65 62 14
71 118 17 8
72 1 1 2
72 160 55 7
73 46 47 4
73 184 17 11
74 26 28 6
74 46 54 12
74 73 44 5
74 130 38 16
74 136 15 3
75 23 9 9
75 45 59 20
76 198 45 20
77 31 44 12
77 99 28 5
77 161 34 16
78 101 9 9
79 15 59 6
79 197 34 17
80 52 28 6
81 13 43 16
82 154 7 7
83 9 48 17
83 186 48 16
84 95 2 6
84 182 53 17
85 33 53 9
85 42 16 10
86 27 4 5
86 140 59 10
86 176 56 13
86 196 18 16
88 10 27 13
88 20 43 3
88 72 12 10
89 15 34 1
89 100 21 17
89 135 52 3
89 141 8 4
90 117 10 19
90 168 53 5
90 199 49 15
91 19 59 16
91 132 55 18
91 165 29 4
92 2 38 9
92 36 19 9
92 43 51 8
92 152 32 9
93 3 20 15
93 14 37 8
93 119 50 3
93 156 20 11
94 69 55 10
95 39 32 6
95 151 48 16
95 182 31 2
96 86 42 17
96 168 28 11
97 36 29 8
97 54 19 9
98 23 19 1
98 80 39 14
98 113 45 11
98 155 46 8
99 180 24 11
101 169 26 1
101 173 7 14
102 0 43 17
102 8 39 4
102 85 50 15
102 141 34 6
103 8 26 13
103 24 22 10
103 85 8 2
103 102 42 8
103 107 64 1
104 190 17 9
104 199 28 8
105 184 61 9
106 97 36 7
106 174 62 14
107 18 34 11
107 85 45 13
107 102 41 12
108 21 29 16
108 90 55 15
108 139 64 1
108 199 21 12
109 63 19 15
109 193 26 16
110 65 32 7
110 82 3 15
110 131 60 14
110 195 6 11
112 67 24 10
113 75 33 17
114 109 46 14
115 69 43 3
115 94 63 12
115 116 38 18
115 164 58 14
116 164 1 10
117 127 16 2
117 137 41 13
117 138 22 15
117 178 12 19
118 14 47 12
118 57 62 4
119 3 49 20
119 14 38 3
119 118 22 18
120 106 4 10
120 174 28 16
121 34 35 10
121 70 29 20
121 133 19 10
122 61 31 16
122 143 47 8
122 166 13 15
122 171 15 4
123 49 21 3
124 114 9 2
125 121 32 14
126 39 58 11
126 182 8 10
127 137 19 7
127 162 55 2
129 7 16 7
130 73 48 4
130 142 27 14
130 187 19 7
131 71 55 9
131 84 35 4
131 144 13 4
132 19 43 18
132 64 62 16
133 34 49 11
133 111 62 8
134 91 58 3
134 162 10 8
135 2 28 17
135 15 35 1
135 17 39 4
135 92 31 19
135 167 12 13
136 73 6 8
136 184 62 6
137 134 61 6
137 138 2 7
137 162 17 20
139 90 38 17
139 104 51 13
139 157 39 15
141 22 64 11
141 85 52 15
141 107 12 4
141 145 27 16
142 38 56 19
142 46 31 6
142 73 56 6
142 74 26 4
142 136 30 20
142 184 27 10
143 60 49 2
143 61 10 12
144 16 4 18
144 84 60 6
144 95 34 20
144 182 3 14
145 18 59 9
145 24 38 4
145 42 45 18
145 85 34 16
145 87 23 11
145 102 7 3
145 107 46 13
146 78 58 4
146 87 15 9
146 101 29 2
148 110 20 19
148 159 56 16
149 81 7 4
151 25 62 20
152 43 11 12
152 158 14 13
152 174 42 15
153 26 13 15
153 150 11 3
153 154 32 13
154 130 29 11
155 52 51 19
157 21 42 4
157 199 55 14
158 2 29 1
158 36 43 14
158 92 23 4
158 135 31 15
158 167 5 16
159 195 3 7
160 53 64 18
161 180 14 15
161 191 35 17
162 192 6 13
163 44 25 18
163 129 8 3
163 170 59 4
164 94 34 19
165 134 57 1
166 41 19 14
166 61 6 15
166 143 26 10
167 92 42 10
167 152 56 8
167 197 64 3
168 175 54 20
169 1 4 1
169 18 47 14
169 87 41 15
169 145 29 5
169 160 33 7
170 12 7 5
170 55 20 3
170 68 23 17
170 129 8 10
172 49 31 4
172 58 28 10
173 146 28 3
174 54 64 20
174 92 62 8
175 11 12 13
175 55 10 17
176 168 39 17
176 196 13 15
177 24 8 9
178 11 18 7
178 168 11 11
179 5 13 16
179 20 38 2
180 6 52 11
180 77 34 11
180 100 53 19
181 125 40 8
182 16 42 3
182 39 25 11
182 159 48 3
182 195 34 18
183 7 60 16
183 163 53 7
183 181 38 1
185 34 10 11
185 70 61 3
185 111 62 5
185 133 21 15
185 157 12 18
187 26 48 11
187 28 25 7
187 153 47 8
187 154 51 7
187 194 28 12
188 59 7 14
188 62 34 20
188 99 41 2
189 66 11 20
189 77 31 18
189 92 31 18
189 97 38 17
190 139 26 1
190 199 6 2
191 24 4 20
191 31 16 14
191 89 16 7
191 141 57 10
191 180 3 10
192 127 39 12
193 40 61 13
193 55 62 5
193 63 58 12
194 26 11 17
194 130 52 17
194 153 62 7
194 154 61 3
195 126 13 7
195 148 53 17
196 48 23 5
196 140 4 20
197 15 24 4
197 135 54 2
197 158 34 1
198 8 34 18
