0 4 5 1
0 6 3 1
0 7 8 4
0 9 2 2
0 11 5 5
0 16 8 2
0 18 5 5
0 19 6 3
0 21 4 1
0 24 6 2
0 28 8 4
0 29 1 4
0 30 6 1
0 34 6 3
0 35 1 3
0 36 3 1
0 37 7 2
0 41 7 2
0 45 4 2
0 46 6 1
0 48 5 2
0 49 7 3
0 52 7 3
0 56 5 4
0 59 1 2
0 60 1 2
0 61 3 5
0 62 3 4
0 66 8 5
0 69 4 5
0 71 5 4
0 74 7 5
0 76 1 4
0 81 8 4
0 83 3 2
0 84 8 1
0 87 2 5
0 88 2 3
0 92 3 1
0 93 5 1
0 94 1 1
0 95 5 2
1 0 6 5
1 2 8 4
1 3 3 4
1 6 7 1
1 7 2 1
1 9 5 5
1 10 5 2
1 14 5 5
1 15 1 2
1 25 5 3
1 26 8 3
1 30 1 1
1 32 2 1
1 34 7 2
1 36 8 1
1 37 2 1
1 40 6 5
1 44 3 4
1 48 7 1
1 51 7 2
1 54 7 1
1 55 2 1
1 57 6 4
1 58 7 5
1 63 5 5
1 64 2 3
1 66 5 2
1 67 8 5
1 71 6 2
1 74 7 5
1 75 3 2
1 77 6 3
1 78 8 5
1 80 6 4
1 83 3 4
1 84 5 3
1 87 4 5
1 88 7 5
1 89 6 5
1 90 2 4
1 92 8 4
1 94 5 5
1 95 5 5
2 0 7 3
2 4 2 2
2 5 5 4
2 6 1 4
2 9 4 2
2 11 6 1
2 14 2 2
2 16 8 5
2 22 4 2
2 24 4 2
2 27 5 4
2 28 8 2
2 29 8 1
2 34 3 3
2 36 4 1
2 37 2 2
2 39 4 1
2 43 5 1
2 44 4 4
2 49 6 4
2 50 8 3
2 53 1 1
2 54 4 5
2 55 5 5
2 57 5 5
2 58 4 2
2 62 2 2
2 65 2 4
2 67 6 1
2 68 7 2
2 70 8 5
2 71 8 1
2 74 7 2
2 78 1 2
2 79 4 4
2 84 5 3
2 85 5 2
2 86 7 3
2 90 8 1
2 93 3 5
3 4 8 5
3 6 4 3
3 18 5 4
3 21 4 2
3 26 3 1
3 27 6 1
3 28 4 5
3 29 6 5
3 30 2 1
3 31 1 4
3 32 1 3
3 35 6 3
3 39 4 5
3 40 1 1
3 42 3 5
3 43 3 1
3 44 2 5
3 48 3 5
3 50 8 4
3 52 2 1
3 57 1 1
3 59 2 4
3 61 3 1
3 62 3 5
3 66 2 5
3 69 7 4
3 72 2 5
3 75 7 3
3 77 6 2
3 78 7 1
3 83 7 5
3 84 2 2
3 88 5 5
3 89 5 5
3 90 5 4
3 92 5 5
3 94 1 4
3 95 3 4
3 96 7 3
3 98 4 1
3 99 2 5
4 1 1 2
4 6 3 4
4 16 8 2
4 17 4 2
4 18 4 1
4 19 5 4
4 20 4 1
4 21 7 1
4 22 1 1
4 24 5 3
4 25 5 3
4 28 2 4
4 31 6 5
4 32 6 4
4 35 8 3
4 40 1 2
4 42 6 1
4 45 7 4
4 46 4 4
4 48 1 4
4 49 4 5
4 50 5 3
4 56 7 3
4 59 4 4
4 60 5 2
4 62 4 2
4 63 7 2
4 67 2 1
4 68 2 3
4 70 8 4
4 71 7 3
4 72 3 3
4 73 6 5
4 75 2 4
4 76 4 4
4 77 5 4
4 80 4 4
4 81 5 3
4 82 3 2
4 83 5 5
4 85 8 1
4 86 5 1
4 89 5 2
4 90 2 4
4 91 7 3
4 93 6 3
4 94 5 1
4 97 7 1
5 0 7 5
5 1 3 2
5 3 4 3
5 4 1 5
5 8 4 5
5 9 7 3
5 11 8 2
5 17 1 4
5 24 5 5
5 29 2 5
5 35 4 4
5 38 4 5
5 39 2 3
5 40 1 1
5 41 3 4
5 46 7 3
5 48 7 3
5 50 5 1
5 51 1 4
5 54 6 1
5 56 2 4
5 61 3 1
5 62 3 3
5 70 4 5
5 74 3 3
5 76 6 3
5 77 3 4
5 81 5 4
5 82 5 5
5 85 1 5
5 88 3 4
5 90 6 3
6 14 5 2
6 20 4 5
6 27 1 3
6 29 1 3
6 31 6 2
6 32 1 5
6 38 1 5
6 40 6 5
6 42 2 2
6 43 4 2
6 44 5 3
6 46 2 3
6 47 6 4
6 49 4 1
6 52 2 2
6 53 8 1
6 54 4 1
6 55 3 3
6 62 8 5
6 66 8 1
6 70 8 5
6 71 5 3
6 72 8 2
6 74 4 5
6 75 7 3
6 76 4 1
6 78 5 5
6 80 3 4
6 85 7 4
6 86 6 1
6 88 3 3
6 89 7 5
6 92 3 1
6 93 2 2
6 96 6 2
6 97 7 5
6 98 6 5
6 99 7 1
7 3 1 1
7 4 2 2
7 6 5 2
7 11 5 2
7 20 6 3
7 23 5 4
7 24 8 5
7 26 6 5
7 27 3 2
7 29 8 5
7 30 5 4
7 33 2 5
7 39 4 5
7 41 6 4
7 47 5 3
7 48 8 4
7 49 5 2
7 52 7 3
7 53 7 2
7 55 1 4
7 58 5 3
7 61 1 1
7 68 4 4
7 72 1 4
7 76 6 4
7 79 5 2
7 81 7 1
7 83 1 1
7 85 5 5
7 87 6 4
7 88 7 5
7 91 2 1
7 95 7 4
7 96 5 3
7 97 8 1
7 98 8 3
8 0 5 2
8 3 6 5
8 4 1 2
8 6 6 3
8 7 2 4
8 12 8 3
8 13 8 4
8 14 5 4
8 16 1 3
8 17 1 1
8 18 7 2
8 19 1 3
8 20 5 1
8 23 4 5
8 24 4 3
8 29 8 2
8 30 6 4
8 31 2 2
8 32 6 2
8 35 2 4
8 36 1 1
8 39 6 4
8 42 3 4
8 53 8 4
8 54 6 1
8 60 1 4
8 63 1 5
8 66 7 5
8 68 4 4
8 70 6 3
8 72 3 1
8 76 8 4
8 81 4 5
8 83 3 4
8 88 8 4
8 89 8 5
8 97 6 5
8 99 5 4
9 3 7 3
9 4 8 3
9 7 6 1
9 8 6 1
9 10 3 2
9 11 2 5
9 12 2 5
9 13 8 2
9 16 7 2
9 20 3 1
9 21 8 1
9 23 6 2
9 24 8 4
9 26 4 5
9 27 2 1
9 28 2 1
9 32 6 3
9 34 7 4
9 35 2 1
9 40 3 4
9 42 8 2
9 49 8 5
9 56 4 5
9 59 1 2
9 60 2 2
9 61 4 3
9 63 1 3
9 66 1 2
9 68 4 4
9 69 1 2
9 70 5 1
9 72 6 1
9 73 1 1
9 75 1 3
9 83 4 3
9 85 7 5
9 86 4 3
9 88 5 5
10 2 3 1
10 3 4 2
10 4 4 5
10 7 8 2
10 18 3 3
10 23 4 4
10 24 6 5
10 25 1 4
10 32 8 5
10 33 6 4
10 34 7 5
10 36 5 2
10 39 7 3
10 41 5 3
10 47 7 3
10 48 6 5
10 51 5 1
10 54 2 5
10 61 2 1
10 66 8 4
10 67 6 3
10 68 1 5
10 77 2 5
10 80 4 1
10 88 5 2
10 90 8 1
11 1 7 1
11 3 7 1
11 4 4 1
11 8 1 5
11 10 6 4
11 13 8 3
11 14 7 1
11 16 1 1
11 19 6 1
11 20 2 5
11 21 3 1
11 24 5 1
11 27 5 5
11 31 5 1
11 36 1 5
11 40 5 4
11 43 7 3
11 49 3 2
11 50 6 1
11 51 5 3
11 55 7 4
11 57 7 1
11 60 7 3
11 61 7 3
11 62 2 3
11 63 2 3
11 64 5 4
11 76 5 3
11 77 5 5
11 79 3 2
11 85 5 1
11 86 3 5
11 89 8 5
11 95 7 3
11 96 5 5
11 97 1 4
11 98 4 5
11 99 8 4
12 0 6 2
12 1 2 5
12 2 2 1
12 3 2 4
12 4 3 3
12 5 6 1
12 7 7 1
12 11 3 1
12 14 1 3
12 16 3 1
12 17 4 1
12 24 5 2
12 27 4 4
12 30 5 1
12 31 1 1
12 34 1 1
12 38 8 1
12 41 8 5
12 42 8 5
12 43 6 3
12 45 3 3
12 50 6 4
12 53 1 2
12 54 8 1
12 57 8 3
12 62 2 2
12 64 1 4
12 66 7 5
12 68 8 5
12 70 3 5
12 71 8 4
12 73 5 5
12 74 2 3
12 82 8 5
12 88 8 2
12 90 1 3
12 93 3 5
12 97 7 1
13 0 1 1
13 4 8 4
13 5 1 4
13 6 2 3
13 7 4 5
13 14 1 2
13 16 2 5
13 25 6 2
13 26 5 3
13 27 7 2
13 35 8 4
13 36 1 2
13 37 5 1
13 42 7 4
13 44 8 4
13 46 7 4
13 47 4 4
13 49 5 2
13 54 2 4
13 55 5 2
13 58 6 3
13 60 3 3
13 66 8 2
13 69 8 4
13 70 6 4
13 74 7 4
13 75 3 2
13 81 3 1
13 87 8 4
13 89 5 2
13 90 8 3
13 94 4 3
14 0 5 3
14 3 2 4
14 4 8 2
14 5 7 5
14 7 8 5
14 10 3 2
14 16 6 5
14 22 7 3
14 26 7 3
14 28 1 2
14 29 4 3
14 32 2 5
14 36 8 3
14 39 6 1
14 40 7 1
14 42 5 2
14 45 7 4
14 48 4 3
14 49 3 3
14 51 3 3
14 52 7 4
14 54 7 1
14 55 8 3
14 56 8 3
14 57 3 1
14 58 5 2
14 60 3 5
14 63 3 2
14 65 3 4
14 68 4 1
14 70 5 3
14 71 5 4
14 73 4 4
14 75 5 3
14 76 5 4
14 82 2 5
14 83 6 3
14 87 5 5
14 88 2 3
14 90 6 3
14 92 5 5
14 94 4 3
14 95 1 4
14 97 8 2
14 99 6 1
15 3 7 1
15 4 8 2
15 5 1 3
15 7 2 4
15 8 5 1
15 9 6 3
15 10 5 4
15 11 1 2
15 14 8 2
15 16 6 3
15 17 5 4
15 25 2 2
15 27 3 4
15 28 7 2
15 29 7 5
15 31 8 1
15 35 7 4
15 37 5 5
15 38 5 5
15 39 2 5
15 40 5 5
15 42 3 4
15 43 8 2
15 45 3 5
15 49 5 2
15 50 4 1
15 51 8 5
15 53 8 5
15 55 1 3
15 56 1 4
15 59 7 2
15 61 7 4
15 64 2 3
15 66 6 3
15 67 5 1
15 68 2 4
15 70 1 5
15 72 2 5
15 73 2 4
15 76 6 3
15 78 6 5
15 79 5 4
15 80 8 4
15 82 5 3
15 84 5 4
15 86 8 3
15 87 8 2
15 92 8 1
15 94 2 3
15 95 7 5
15 96 2 1
15 97 7 5
16 1 6 3
16 5 6 2
16 6 2 2
16 7 8 1
16 10 3 1
16 17 1 2
16 18 3 2
16 24 4 4
16 25 7 4
16 26 8 5
16 30 6 5
16 31 5 3
16 33 6 5
16 38 7 2
16 42 7 4
16 46 3 2
16 47 4 4
16 48 5 2
16 52 5 3
16 54 5 4
16 63 8 2
16 64 8 1
16 65 4 5
16 66 8 4
16 71 6 3
16 74 6 2
16 75 5 3
16 77 2 5
16 78 3 3
16 82 4 4
16 85 5 4
16 86 5 4
16 90 8 4
16 92 3 2
16 93 8 4
16 95 6 2
16 96 2 1
16 99 7 4
17 0 2 1
17 2 7 1
17 3 1 4
17 7 2 5
17 9 6 5
17 10 4 4
17 11 7 4
17 18 7 1
17 19 2 3
17 21 5 1
17 25 6 1
17 27 3 1
17 29 3 1
17 32 7 3
17 33 6 3
17 39 8 4
17 42 1 5
17 43 1 3
17 47 7 4
17 51 5 3
17 53 4 4
17 55 4 1
17 57 7 4
17 58 3 2
17 59 6 4
17 65 6 4
17 66 2 4
17 67 3 4
17 68 4 5
17 69 2 4
17 74 6 3
17 75 8 1
17 76 7 3
17 83 2 1
17 85 7 5
17 89 1 5
17 92 8 2
17 94 4 1
17 96 2 4
17 99 3 1
18 1 4 2
18 2 5 3
18 5 7 3
18 9 1 1
18 11 3 1
18 13 6 1
18 27 3 4
18 34 8 1
18 37 8 1
18 39 1 2
18 40 3 4
18 42 6 2
18 45 6 4
18 46 8 3
18 53 8 2
18 54 3 2
18 58 4 1
18 59 5 1
18 62 6 4
18 65 6 5
18 72 8 4
18 73 4 3
18 74 2 4
18 75 2 3
18 76 6 5
18 85 7 3
18 87 6 2
18 91 7 4
18 92 5 4
18 94 2 4
18 95 4 2
18 99 7 3
19 1 6 3
19 5 5 4
19 6 5 2
19 7 1 5
19 10 4 2
19 12 6 5
19 13 1 5
19 14 7 4
19 15 8 5
19 16 4 5
19 18 7 2
19 21 8 4
19 22 3 1
19 23 2 4
19 24 1 4
19 25 3 2
19 26 6 1
19 27 3 2
19 32 8 5
19 35 2 3
19 36 1 2
19 40 7 4
19 41 2 1
19 46 4 1
19 47 4 5
19 50 7 1
19 51 7 3
19 54 3 1
19 61 5 3
19 62 8 2
19 66 5 3
19 70 7 5
19 73 1 4
19 74 2 1
19 75 2 4
19 80 5 5
19 83 1 4
19 84 1 2
19 87 3 4
19 93 5 3
19 95 3 4
19 97 5 4
19 99 1 3
20 2 2 1
20 3 3 5
20 5 8 5
20 10 4 4
20 12 6 1
20 13 2 1
20 14 8 1
20 16 7 1
20 17 8 5
20 18 5 3
20 23 2 4
20 27 8 3
20 38 6 4
20 39 1 5
20 40 5 1
20 41 7 4
20 45 8 4
20 46 1 2
20 52 6 4
20 55 2 4
20 56 7 3
20 59 7 4
20 60 3 3
20 61 3 4
20 65 8 5
20 69 7 4
20 71 1 2
20 72 8 4
20 78 8 3
20 81 6 1
20 82 2 1
20 84 1 4
20 88 1 5
20 89 4 3
20 92 7 5
20 93 1 3
20 97 8 4
21 1 6 1
21 2 4 1
21 7 7 4
21 10 4 3
21 12 4 3
21 13 7 2
21 16 2 3
21 18 4 3
21 20 1 2
21 22 2 5
21 23 5 3
21 24 6 1
21 25 4 4
21 26 4 5
21 29 2 5
21 30 2 3
21 33 1 1
21 36 4 2
21 38 3 3
21 42 3 5
21 43 2 4
21 48 6 4
21 50 6 2
21 54 4 1
21 56 5 4
21 60 4 3
21 65 8 5
21 70 3 1
21 77 2 2
21 79 7 5
21 80 4 1
21 84 2 5
21 89 8 4
21 90 7 5
21 92 8 5
21 94 1 2
21 95 2 4
21 97 1 5
21 99 2 3
22 0 2 5
22 1 8 4
22 3 7 4
22 6 2 3
22 8 8 1
22 10 6 2
22 11 5 3
22 13 1 4
22 15 6 3
22 16 1 3
22 17 3 3
22 18 2 1
22 25 1 1
22 27 2 2
22 29 6 3
22 30 2 4
22 36 2 2
22 43 5 3
22 47 7 5
22 50 7 4
22 52 2 3
22 53 5 5
22 56 4 2
22 61 7 2
22 62 1 1
22 63 5 2
22 65 5 5
22 66 8 5
22 67 6 2
22 72 2 2
22 73 8 2
22 74 3 4
22 77 1 4
22 78 3 4
22 80 6 2
22 81 1 5
22 85 2 1
22 86 3 4
22 87 4 5
22 88 1 3
22 89 5 1
22 90 7 3
22 92 6 3
22 93 7 3
22 97 4 2
22 98 8 5
23 0 4 3
23 2 2 3
23 3 8 2
23 4 2 5
23 5 4 1
23 6 1 2
23 11 4 1
23 12 6 2
23 13 8 4
23 15 8 3
23 17 2 1
23 22 8 1
23 26 2 1
23 30 4 3
23 36 2 2
23 38 8 1
23 43 4 4
23 44 1 5
23 47 1 1
23 48 6 4
23 50 7 3
23 51 5 1
23 57 8 2
23 58 3 2
23 59 4 5
23 60 4 3
23 65 3 4
23 66 4 3
23 67 3 2
23 71 3 5
23 77 3 5
23 81 7 5
23 83 1 3
23 86 3 3
23 87 7 1
23 89 3 3
23 90 3 3
23 91 8 5
23 92 7 1
23 93 1 1
23 97 7 4
23 98 4 1
23 99 6 4
24 1 1 3
24 3 1 2
24 6 8 4
24 13 6 5
24 15 2 3
24 17 1 5
24 20 2 3
24 22 3 1
24 25 8 4
24 29 4 3
24 30 6 1
24 36 3 1
24 37 6 4
24 41 5 4
24 43 4 3
24 44 4 1
24 45 4 1
24 46 6 2
24 50 7 3
24 53 6 1
24 55 7 1
24 56 3 2
24 58 7 1
24 59 1 5
24 60 8 5
24 61 3 3
24 63 5 4
24 65 3 2
24 66 1 1
24 67 5 5
24 68 1 3
24 69 2 3
24 72 8 5
24 73 6 5
24 74 7 5
24 75 3 3
24 78 5 4
24 84 8 3
24 87 6 3
24 95 2 3
24 98 5 1
25 2 5 5
25 5 3 5
25 7 4 2
25 8 3 2
25 9 5 5
25 11 8 3
25 12 5 2
25 14 7 4
25 18 5 5
25 20 8 1
25 23 2 4
25 28 3 2
25 30 5 4
25 33 6 1
25 34 6 1
25 37 7 5
25 38 8 3
25 40 8 5
25 43 4 3
25 47 2 5
25 49 4 4
25 51 8 5
25 56 3 5
25 57 4 4
25 61 4 2
25 65 1 5
25 66 7 2
25 68 5 1
25 74 3 5
25 75 5 2
25 76 6 1
25 77 2 1
25 80 4 5
25 82 7 1
25 83 2 5
25 85 4 1
25 89 8 1
25 90 8 4
25 92 6 4
25 93 6 2
25 94 2 3
25 96 3 2
25 97 1 5
25 99 2 4
26 2 8 2
26 5 3 5
26 6 3 3
26 8 3 5
26 10 3 2
26 11 3 4
26 15 1 2
26 20 3 5
26 22 8 3
26 24 6 1
26 25 3 1
26 27 6 5
26 28 2 4
26 30 8 2
26 33 5 4
26 35 7 2
26 39 4 1
26 42 1 5
26 48 1 1
26 49 7 5
26 54 5 1
26 61 4 1
26 68 5 2
26 69 4 1
26 70 7 4
26 71 7 1
26 72 1 1
26 75 1 2
26 77 2 4
26 78 1 1
26 79 2 1
26 80 8 5
26 82 5 3
26 83 3 1
26 87 1 1
26 88 6 2
26 97 3 5
26 98 8 4
27 0 6 5
27 1 8 3
27 5 5 2
27 8 6 3
27 14 1 1
27 16 4 4
27 21 2 2
27 24 2 5
27 25 5 4
27 31 7 2
27 34 7 2
27 36 3 1
27 37 3 1
27 45 6 3
27 46 6 2
27 47 1 2
27 49 3 5
27 52 5 5
27 57 5 5
27 58 1 1
27 59 5 1
27 64 1 3
27 65 4 1
27 67 8 5
27 68 6 5
27 72 3 5
27 76 5 1
27 82 6 1
27 84 2 5
27 87 6 3
27 88 7 2
27 92 8 5
27 96 4 4
27 98 1 4
27 99 7 5
28 1 5 5
28 5 6 3
28 11 3 5
28 18 5 1
28 19 1 5
28 22 3 1
28 24 2 2
28 27 8 3
28 29 4 2
28 32 4 4
28 35 4 3
28 36 1 4
28 37 3 2
28 42 4 4
28 43 3 2
28 47 6 4
28 49 4 2
28 52 2 4
28 55 5 4
28 59 4 4
28 60 6 5
28 62 1 2
28 64 6 3
28 65 5 2
28 67 8 3
28 68 8 2
28 69 6 3
28 72 8 5
28 74 7 2
28 77 4 5
28 79 2 1
28 80 5 4
28 84 8 2
28 85 8 5
28 87 5 2
28 89 1 3
28 90 7 5
28 92 4 4
28 96 5 1
29 4 4 2
29 9 6 4
29 10 4 5
29 11 5 3
29 12 2 2
29 13 6 2
29 16 1 3
29 19 6 4
29 20 5 2
29 23 4 3
29 25 8 3
29 27 1 3
29 31 4 3
29 34 1 4
29 36 5 4
29 38 7 2
29 39 4 2
29 40 7 1
29 41 1 3
29 48 4 5
29 49 3 2
29 50 3 5
29 52 7 3
29 54 3 5
29 55 6 4
29 57 3 2
29 59 7 4
29 61 4 1
29 65 7 2
29 68 7 1
29 71 5 4
29 72 1 3
29 73 4 2
29 77 3 2
29 82 3 5
29 83 5 3
29 84 4 3
29 86 1 3
29 93 2 1
29 94 1 2
29 99 5 5
30 2 7 1
30 4 3 5
30 6 6 4
30 9 1 4
30 11 2 5
30 14 8 4
30 18 8 3
30 19 3 4
30 20 5 5
30 28 2 1
30 29 4 4
30 34 8 5
30 36 1 3
30 37 1 1
30 40 6 3
30 41 7 1
30 43 3 2
30 50 7 5
30 51 1 5
30 53 8 1
30 56 2 3
30 57 5 4
30 58 2 3
30 61 2 1
30 62 8 5
30 63 3 4
30 66 1 1
30 70 2 4
30 71 2 3
30 72 6 3
30 78 1 1
30 80 5 4
30 82 4 2
30 86 7 5
30 88 7 3
30 98 6 3
31 0 8 3
31 1 3 4
31 2 4 3
31 9 2 1
31 13 8 4
31 14 2 4
31 17 8 1
31 18 1 5
31 19 1 1
31 20 3 5
31 21 3 1
31 22 6 3
31 23 3 3
31 25 2 1
31 26 6 1
31 28 2 3
31 30 1 2
31 33 1 4
31 34 5 3
31 36 3 5
31 37 1 3
31 38 3 4
31 40 1 1
31 43 5 2
31 44 4 5
31 50 7 4
31 53 3 3
31 54 8 1
31 55 4 5
31 56 3 4
31 58 5 5
31 60 4 3
31 61 4 4
31 66 1 5
31 71 7 1
31 73 8 2
31 77 4 1
31 78 6 3
31 87 3 1
31 88 8 5
31 90 1 1
31 93 1 2
31 96 1 1
31 97 7 5
32 2 3 2
32 5 3 4
32 7 5 2
32 11 5 4
32 13 7 1
32 15 5 4
32 16 2 2
32 20 7 2
32 21 6 4
32 22 8 2
32 23 5 1
32 25 3 1
32 27 2 2
32 31 2 5
32 33 7 1
32 36 7 3
32 37 6 3
32 38 3 2
32 42 4 3
32 44 3 2
32 46 6 2
32 51 2 3
32 52 7 3
32 53 1 2
32 54 2 5
32 56 1 4
32 58 3 4
32 60 4 5
32 61 1 1
32 63 8 1
32 64 7 4
32 65 6 4
32 67 3 2
32 69 7 4
32 71 4 5
32 73 5 3
32 75 6 4
32 76 8 5
32 78 1 4
32 79 5 3
32 84 2 5
32 86 3 5
32 87 8 5
32 89 1 3
32 91 5 5
32 92 5 4
32 97 6 1
33 0 2 5
33 1 2 3
33 4 5 2
33 9 2 3
33 11 1 4
33 12 1 4
33 13 5 4
33 14 1 5
33 18 2 3
33 20 4 3
33 22 7 4
33 23 8 1
33 24 8 2
33 28 7 4
33 30 2 1
33 34 8 2
33 38 4 3
33 46 1 3
33 50 5 1
33 51 7 3
33 52 7 5
33 53 6 3
33 54 5 3
33 57 5 4
33 58 7 1
33 59 1 3
33 62 1 5
33 63 3 2
33 64 5 4
33 67 1 4
33 70 6 4
33 73 3 3
33 74 4 3
33 75 8 1
33 76 1 4
33 77 1 3
33 80 6 2
33 81 1 4
33 82 6 1
33 83 3 5
33 85 1 1
33 88 8 5
33 89 6 2
33 91 2 2
33 92 5 4
33 95 1 5
33 97 7 4
34 3 8 4
34 4 5 4
34 5 5 5
34 6 3 4
34 8 3 2
34 11 1 1
34 13 3 1
34 15 4 2
34 16 4 5
34 17 8 3
34 19 1 4
34 20 6 3
34 21 4 1
34 22 4 5
34 23 7 4
34 24 2 1
34 26 2 2
34 28 7 1
34 40 4 1
34 42 5 3
34 44 5 1
34 46 5 3
34 47 1 5
34 50 8 2
34 53 4 3
34 54 1 1
34 56 6 4
34 60 2 4
34 61 2 1
34 69 8 5
34 71 3 1
34 72 4 2
34 73 6 1
34 80 8 2
34 83 5 4
34 84 3 4
34 87 3 3
34 88 5 1
34 91 7 3
34 94 5 5
34 98 6 1
35 2 5 2
35 6 1 1
35 7 5 4
35 14 6 2
35 16 3 5
35 21 4 5
35 22 7 4
35 23 3 5
35 24 6 4
35 27 2 1
35 29 5 4
35 30 5 2
35 33 7 5
35 34 7 5
35 36 2 4
35 37 7 2
35 43 5 2
35 47 7 4
35 51 7 5
35 52 8 1
35 55 3 4
35 59 1 3
35 61 2 5
35 62 4 1
35 63 6 1
35 64 7 1
35 66 5 1
35 67 3 4
35 68 7 4
35 72 6 4
35 73 8 4
35 78 8 1
35 79 8 3
35 81 4 5
35 85 2 3
35 86 6 4
35 87 5 2
35 89 6 2
35 91 3 5
35 92 6 1
35 95 6 4
35 97 5 1
36 3 6 1
36 4 7 3
36 5 2 4
36 6 3 5
36 7 5 2
36 9 8 4
36 12 5 2
36 15 8 2
36 16 3 1
36 17 6 3
36 18 7 5
36 20 2 3
36 25 7 2
36 26 1 4
36 33 2 4
36 34 5 2
36 38 2 4
36 42 7 3
36 43 2 1
36 45 4 3
36 47 5 2
36 53 6 1
36 55 1 1
36 57 3 1
36 65 4 4
36 66 1 4
36 70 1 3
36 73 5 4
36 74 7 4
36 75 6 3
36 76 7 5
36 77 3 2
36 80 4 4
36 82 8 4
36 85 1 2
36 87 7 2
36 89 7 5
36 90 1 2
36 94 8 2
36 98 7 3
37 3 4 1
37 4 1 2
37 5 1 2
37 7 7 2
37 8 3 5
37 11 3 1
37 12 6 5
37 16 4 1
37 17 3 3
37 19 2 3
37 21 4 1
37 22 8 4
37 23 4 4
37 26 5 1
37 33 1 2
37 34 8 4
37 39 5 4
37 42 8 2
37 48 7 5
37 49 6 1
37 50 4 2
37 51 7 2
37 55 4 3
37 58 6 3
37 59 3 2
37 61 6 3
37 63 1 1
37 65 3 1
37 67 5 5
37 68 6 1
37 69 5 4
37 72 3 2
37 73 2 3
37 74 3 4
37 79 8 2
37 80 2 1
37 83 2 4
37 84 4 1
37 85 5 1
37 90 6 4
37 91 2 1
37 92 6 4
37 94 4 5
37 97 4 4
37 99 1 4
38 0 1 3
38 1 7 2
38 2 7 5
38 3 8 4
38 4 3 2
38 7 5 5
38 9 8 5
38 10 8 1
38 11 4 2
38 14 4 3
38 17 5 3
38 18 8 3
38 19 2 5
38 22 8 3
38 24 5 4
38 26 4 4
38 27 8 3
38 28 7 5
38 30 8 5
38 34 5 3
38 35 3 1
38 37 4 2
38 39 6 2
38 40 8 4
38 41 4 4
38 42 2 4
38 45 1 4
38 47 3 2
38 49 6 3
38 50 5 4
38 52 5 2
38 55 4 4
38 57 6 2
38 59 6 5
38 60 5 5
38 62 1 5
38 66 5 4
38 67 3 4
38 68 2 2
38 70 8 4
38 71 1 2
38 72 5 4
38 73 5 2
38 77 1 3
38 78 3 3
38 80 4 2
38 81 3 4
38 82 4 1
38 84 4 2
38 85 4 2
38 86 3 1
38 87 7 3
38 90 1 2
38 93 3 5
38 97 6 3
38 98 7 2
39 1 5 5
39 6 5 4
39 9 8 4
39 11 3 3
39 16 6 1
39 21 4 2
39 22 6 4
39 23 1 2
39 24 7 3
39 32 3 1
39 33 8 2
39 36 4 1
39 40 7 2
39 47 6 4
39 54 1 2
39 55 8 2
39 57 2 1
39 58 2 4
39 61 4 1
39 68 3 5
39 79 2 2
39 80 1 5
39 81 7 2
39 84 4 5
39 88 3 2
39 91 4 4
39 94 5 4
39 98 3 1
40 2 5 1
40 7 2 5
40 10 8 1
40 12 4 1
40 16 1 5
40 17 2 1
40 22 6 1
40 27 1 5
40 28 7 3
40 32 5 4
40 33 7 4
40 37 8 5
40 41 3 5
40 42 4 4
40 43 1 3
40 44 2 5
40 50 2 1
40 56 5 3
40 57 1 5
40 58 3 3
40 59 7 5
40 61 7 2
40 63 8 3
40 65 8 1
40 66 5 2
40 67 7 2
40 68 2 1
40 69 8 1
40 71 1 4
40 73 2 2
40 75 5 1
40 76 7 4
40 80 1 4
40 83 7 5
40 84 3 1
40 86 4 4
40 89 2 5
40 90 8 4
40 92 1 1
40 95 7 5
40 97 4 2
40 98 1 5
40 99 7 4
41 3 8 2
41 6 5 3
41 8 2 5
41 13 5 3
41 15 3 4
41 16 6 3
41 17 5 4
41 18 4 3
41 21 6 2
41 22 6 2
41 23 5 5
41 25 5 4
41 26 4 3
41 27 8 5
41 28 8 1
41 31 2 4
41 32 8 2
41 33 7 3
41 35 4 5
41 36 4 4
41 37 3 2
41 42 7 4
41 43 6 5
41 44 1 3
41 45 4 2
41 46 1 4
41 47 8 5
41 48 8 4
41 50 1 4
41 52 4 1
41 53 5 2
41 55 8 1
41 56 7 1
41 57 8 2
41 59 3 5
41 61 8 4
41 62 8 3
41 67 5 2
41 68 1 4
41 71 4 1
41 72 3 4
41 74 8 5
41 76 3 2
41 77 5 4
41 78 2 1
41 85 6 3
41 91 5 2
41 93 6 5
41 97 8 5
41 98 8 2
42 2 5 1
42 5 5 2
42 7 5 5
42 10 8 5
42 11 6 2
42 19 5 4
42 22 1 5
42 23 8 1
42 24 1 5
42 25 8 1
42 27 5 1
42 29 6 3
42 30 1 3
42 31 3 5
42 39 6 2
42 51 7 5
42 52 5 1
42 55 7 3
42 59 1 3
42 63 2 3
42 64 8 5
42 65 7 1
42 66 3 2
42 68 2 1
42 70 2 3
42 71 1 1
42 72 1 1
42 73 7 3
42 74 5 4
42 75 3 1
42 77 4 4
42 81 3 4
42 84 7 3
42 86 6 2
42 89 4 4
42 90 3 1
42 93 2 3
42 95 6 1
42 96 6 2
42 97 8 5
42 98 3 4
43 0 1 4
43 1 3 4
43 4 6 3
43 5 8 5
43 7 1 5
43 8 1 2
43 9 8 5
43 13 5 5
43 16 5 2
43 18 2 4
43 19 7 5
43 26 4 1
43 27 8 2
43 29 7 3
43 32 6 4
43 33 1 2
43 34 4 2
43 37 5 1
43 38 6 1
43 42 7 2
43 44 4 1
43 45 2 5
43 46 5 4
43 47 6 3
43 48 1 1
43 49 6 2
43 50 1 4
43 52 4 2
43 53 6 3
43 54 4 4
43 57 7 3
43 62 8 2
43 63 6 5
43 64 3 3
43 65 2 3
43 68 5 5
43 74 6 2
43 75 3 2
43 78 2 5
43 80 3 5
43 82 6 5
43 83 7 4
43 85 5 1
43 86 8 1
43 87 7 2
43 89 6 2
43 93 3 5
43 94 8 3
43 99 3 1
44 7 4 1
44 9 8 5
44 11 1 3
44 15 1 5
44 16 6 2
44 19 8 1
44 20 1 3
44 21 8 2
44 22 4 1
44 25 6 5
44 26 1 2
44 27 1 3
44 28 3 5
44 29 7 3
44 30 3 2
44 33 3 1
44 35 5 4
44 38 7 5
44 42 3 1
44 45 8 5
44 46 1 4
44 47 1 5
44 48 7 2
44 49 7 3
44 50 3 3
44 52 2 4
44 55 7 3
44 56 2 3
44 60 3 3
44 63 8 4
44 66 3 3
44 74 3 1
44 75 1 5
44 81 2 4
44 84 2 4
44 86 6 3
44 91 7 2
44 97 2 3
44 98 2 1
44 99 1 5
45 2 7 5
45 3 6 2
45 5 5 5
45 6 3 4
45 16 1 3
45 17 2 1
45 19 1 4
45 22 5 2
45 25 6 2
45 26 2 3
45 28 2 1
45 29 6 1
45 31 3 4
45 32 6 5
45 35 5 1
45 40 5 4
45 51 1 4
45 52 4 2
45 57 5 5
45 67 4 5
45 72 3 4
45 74 1 3
45 80 6 3
45 87 8 4
45 88 8 5
45 89 8 5
45 91 1 2
45 93 2 1
45 94 3 4
45 95 5 4
45 98 7 4
46 1 7 1
46 2 2 4
46 3 6 3
46 12 8 1
46 14 4 4
46 17 5 5
46 22 6 5
46 25 2 1
46 26 2 4
46 29 4 3
46 30 8 5
46 35 4 5
46 36 3 5
46 38 7 1
46 40 2 4
46 47 4 5
46 57 5 4
46 67 6 1
46 69 2 3
46 74 8 4
46 83 1 5
46 84 8 2
46 86 6 5
46 87 4 2
46 90 5 3
46 92 3 2
46 95 5 2
47 0 5 5
47 1 7 4
47 2 4 3
47 3 3 2
47 4 3 4
47 5 4 2
47 8 6 5
47 9 7 5
47 11 5 3
47 12 8 5
47 14 7 5
47 18 2 1
47 24 3 4
47 26 5 2
47 29 6 1
47 33 6 2
47 37 6 1
47 42 4 5
47 45 6 4
47 49 3 1
47 52 4 1
47 54 2 2
47 57 6 5
47 59 1 3
47 60 4 3
47 61 8 4
47 62 4 3
47 63 1 1
47 64 1 3
47 68 1 3
47 74 5 5
47 78 2 5
47 81 8 1
47 87 8 1
47 88 1 3
47 89 3 3
47 91 1 2
47 92 8 3
47 93 2 4
47 96 5 5
47 99 5 2
48 2 3 3
48 6 6 5
48 8 2 2
48 12 7 4
48 17 5 2
48 19 1 2
48 20 8 1
48 22 3 4
48 24 2 3
48 25 3 2
48 30 3 3
48 31 6 2
48 32 4 1
48 34 7 4
48 35 7 1
48 36 7 2
48 38 7 1
48 39 8 3
48 40 6 4
48 42 3 2
48 45 1 2
48 46 1 1
48 47 5 3
48 49 6 5
48 50 7 2
48 55 1 3
48 58 2 1
48 59 4 4
48 61 5 5
48 62 6 5
48 65 1 2
48 68 2 1
48 69 2 2
48 72 1 5
48 74 6 4
48 77 7 1
48 78 7 2
48 80 3 2
48 82 4 1
48 87 4 2
48 90 7 1
48 92 1 1
48 95 4 2
48 96 8 1
48 98 2 2
48 99 8 2
49 1 6 1
49 3 3 3
49 19 5 2
49 20 1 4
49 21 2 3
49 22 1 2
49 23 1 2
49 24 7 2
49 30 6 1
49 31 6 5
49 32 3 5
49 33 6 4
49 39 8 3
49 40 5 2
49 42 1 4
49 45 8 1
49 46 6 1
49 50 3 4
49 51 8 3
49 52 3 4
49 55 6 2
49 59 7 3
49 60 4 3
49 62 7 2
49 63 3 3
49 64 8 3
49 65 2 1
49 66 1 5
49 67 7 3
49 68 3 3
49 69 1 4
49 70 7 5
49 75 4 2
49 76 4 1
49 83 2 4
49 84 8 3
49 87 8 5
49 89 2 2
49 91 5 3
49 94 1 1
49 95 3 1
50 0 6 1
50 1 1 5
50 6 3 2
50 9 1 1
50 13 1 3
50 14 8 5
50 16 4 3
50 17 3 3
50 18 8 1
50 20 8 1
50 25 1 5
50 27 3 2
50 28 3 4
50 32 5 2
50 36 1 4
50 42 6 1
50 45 6 3
50 47 2 1
50 52 5 1
50 55 7 2
50 63 7 2
50 65 6 5
50 66 8 3
50 67 8 3
50 68 6 1
50 70 1 3
50 72 4 5
50 77 2 1
50 79 2 5
50 81 2 4
50 82 8 5
50 85 6 3
50 86 8 5
50 87 7 1
50 89 7 3
50 92 5 1
50 94 1 5
50 95 5 3
51 3 6 1
51 4 1 5
51 6 7 3
51 8 6 1
51 12 7 4
51 16 2 5
51 18 1 1
51 20 2 5
51 21 1 3
51 22 4 2
51 24 3 1
51 26 6 1
51 27 5 4
51 28 4 5
51 29 1 3
51 31 6 1
51 34 4 4
51 36 5 1
51 38 7 2
51 39 6 2
51 41 1 5
51 44 3 5
51 46 1 4
51 50 3 1
51 53 7 1
51 56 8 3
51 59 7 2
51 61 4 2
51 62 6 3
51 63 3 1
51 64 7 2
51 65 5 4
51 75 8 2
51 86 2 2
51 90 1 5
51 93 8 2
51 96 7 2
51 97 4 5
51 98 3 4
52 1 8 1
52 2 8 4
52 4 6 2
52 11 2 1
52 12 3 3
52 13 5 2
52 15 1 2
52 17 2 4
52 18 5 2
52 19 4 2
52 21 1 2
52 23 3 1
52 24 2 3
52 30 4 5
52 31 1 5
52 34 1 3
52 46 4 1
52 48 1 4
52 51 3 1
52 58 4 5
52 59 7 5
52 61 8 1
52 64 1 1
52 69 4 2
52 71 3 5
52 73 4 5
52 80 7 3
52 81 3 4
52 83 2 5
52 84 5 4
52 86 8 5
52 89 5 1
52 91 8 2
52 97 1 4
52 98 3 3
53 0 7 2
53 1 1 4
53 3 7 3
53 4 1 1
53 10 3 4
53 13 7 2
53 16 1 5
53 20 4 4
53 23 2 3
53 27 2 2
53 28 5 1
53 29 1 5
53 38 6 4
53 39 6 1
53 40 5 2
53 47 8 5
53 48 6 5
53 49 1 2
53 50 2 4
53 52 6 1
53 54 5 3
53 55 4 1
53 58 4 3
53 62 1 1
53 63 1 3
53 64 5 3
53 69 2 3
53 72 6 4
53 75 2 4
53 78 5 2
53 80 3 2
53 85 5 1
53 88 4 4
53 89 2 3
53 92 1 3
53 94 7 5
53 95 2 2
53 96 3 3
53 98 2 3
54 3 5 4
54 4 4 2
54 7 4 3
54 11 7 3
54 15 5 4
54 17 6 4
54 20 2 3
54 22 5 4
54 23 5 3
54 25 1 4
54 27 5 3
54 28 4 5
54 30 8 4
54 35 1 4
54 38 7 5
54 40 4 1
54 41 8 4
54 45 1 5
54 50 8 4
54 51 1 4
54 52 5 2
54 55 4 5
54 56 4 4
54 57 1 1
54 60 1 1
54 63 3 1
54 68 5 1
54 69 4 4
54 70 2 3
54 74 5 2
54 76 5 4
54 77 5 1
54 79 5 4
54 80 6 4
54 84 1 2
54 90 8 2
54 91 3 4
54 94 3 4
54 95 3 4
54 96 5 1
54 97 4 3
54 99 4 4
55 3 8 4
55 4 1 1
55 5 4 3
55 8 7 5
55 9 1 5
55 10 7 1
55 16 5 4
55 22 1 2
55 23 8 5
55 25 2 1
55 27 7 5
55 30 8 4
55 33 8 1
55 34 4 2
55 43 1 5
55 46 6 3
55 47 5 5
55 51 2 3
55 57 5 2
55 59 2 1
55 63 2 3
55 65 7 3
55 66 5 2
55 67 3 5
55 68 1 4
55 69 3 5
55 71 2 4
55 72 4 5
55 75 6 4
55 76 8 2
55 78 3 4
55 83 3 4
55 88 1 3
55 90 3 3
55 91 8 5
55 93 4 2
55 95 2 3
55 97 3 4
55 98 5 4
56 1 2 5
56 2 5 4
56 3 3 4
56 8 1 2
56 11 3 4
56 12 5 3
56 16 1 5
56 18 3 2
56 23 6 2
56 26 3 3
56 27 4 1
56 28 4 3
56 33 7 2
56 35 5 3
56 36 3 5
56 37 1 1
56 38 1 1
56 39 4 1
56 43 6 4
56 45 2 1
56 46 5 4
56 47 1 2
56 48 4 3
56 49 5 3
56 53 1 2
56 55 4 2
56 59 7 1
56 60 5 5
56 67 2 4
56 69 3 5
56 70 3 2
56 77 1 3
56 78 7 3
56 80 6 1
56 82 2 1
56 83 2 4
56 84 6 3
56 89 8 4
56 91 4 4
56 94 1 2
56 99 2 4
57 4 7 5
57 5 3 5
57 7 4 3
57 13 4 3
57 15 2 5
57 18 3 4
57 19 5 2
57 20 6 1
57 22 5 4
57 24 7 1
57 31 6 1
57 35 5 1
57 42 1 3
57 44 8 3
57 48 1 5
57 49 7 2
57 50 8 3
57 51 4 1
57 52 2 2
57 53 6 2
57 63 3 5
57 64 6 5
57 65 4 1
57 68 3 5
57 69 5 3
57 71 4 3
57 72 7 1
57 73 3 1
57 74 3 1
57 78 8 4
57 80 7 5
57 85 8 2
57 87 5 5
57 88 5 3
57 89 8 1
57 90 4 4
57 93 8 4
57 95 7 3
57 96 3 5
57 97 6 2
57 98 2 4
58 3 5 2
58 4 3 5
58 8 1 1
58 10 3 5
58 11 5 1
58 16 8 1
58 19 8 4
58 20 5 2
58 21 4 3
58 22 7 4
58 25 2 2
58 26 4 4
58 29 7 5
58 34 1 3
58 35 8 4
58 36 6 1
58 38 3 5
58 41 5 4
58 42 1 5
58 45 4 5
58 46 1 2
58 49 1 3
58 50 4 1
58 51 3 4
58 54 3 5
58 57 8 1
58 59 2 5
58 60 8 4
58 62 4 3
58 63 6 5
58 65 3 4
58 67 7 1
58 69 2 5
58 71 8 4
58 73 7 4
58 74 8 3
58 77 8 1
58 78 7 4
58 79 7 5
58 84 7 5
58 85 2 3
58 86 6 1
58 87 6 1
58 88 3 2
58 94 6 3
58 99 7 4
59 2 5 1
59 6 5 5
59 11 3 5
59 12 6 3
59 13 1 5
59 14 3 5
59 16 2 4
59 19 2 5
59 22 3 5
59 25 1 1
59 26 6 1
59 30 3 3
59 32 8 1
59 34 1 4
59 36 6 3
59 44 4 1
59 46 8 3
59 50 5 2
59 53 1 4
59 54 4 4
59 61 3 1
59 62 7 1
59 63 1 4
59 64 6 4
59 66 5 3
59 69 7 2
59 70 8 1
59 73 4 2
59 75 5 3
59 78 1 4
59 79 4 2
59 81 3 1
59 82 4 3
59 83 3 5
59 84 4 5
59 85 1 4
59 86 4 5
59 88 7 5
59 91 4 3
59 93 6 5
59 95 6 1
59 96 6 1
59 98 7 5
59 99 8 5
60 1 6 2
60 2 3 3
60 3 8 3
60 5 4 1
60 6 1 4
60 7 1 2
60 10 2 1
60 12 4 3
60 15 6 5
60 16 6 1
60 17 1 3
60 18 6 5
60 19 3 2
60 25 3 3
60 26 6 3
60 27 7 4
60 29 6 4
60 33 5 2
60 37 3 5
60 41 4 5
60 42 3 3
60 52 2 1
60 53 2 2
60 55 1 3
60 59 1 5
60 61 5 2
60 62 8 3
60 63 7 2
60 70 2 3
60 73 3 4
60 74 5 4
60 75 6 4
60 77 3 1
60 79 4 4
60 81 1 2
60 83 3 4
60 85 4 2
60 87 8 4
60 90 3 2
60 92 3 3
60 93 3 1
60 95 5 1
60 99 5 1
61 1 3 2
61 4 3 5
61 6 6 3
61 8 5 1
61 12 7 5
61 13 7 5
61 16 4 2
61 18 8 3
61 21 2 1
61 23 2 5
61 28 7 4
61 33 3 4
61 36 5 1
61 38 7 1
61 43 4 3
61 44 7 3
61 50 4 4
61 53 6 1
61 55 1 1
61 56 7 2
61 57 1 2
61 65 7 5
61 66 6 1
61 72 3 1
61 73 3 1
61 75 3 1
61 76 4 1
61 77 5 1
61 80 2 2
61 81 7 4
61 83 3 3
61 88 4 2
61 91 6 5
61 92 1 4
61 93 6 1
61 94 4 5
61 99 3 3
62 1 1 2
62 7 7 2
62 8 5 1
62 9 1 3
62 10 8 4
62 14 3 5
62 15 2 2
62 20 5 1
62 21 7 2
62 23 6 1
62 26 3 4
62 27 4 2
62 29 7 5
62 31 3 5
62 32 7 4
62 36 6 3
62 37 3 3
62 40 7 2
62 42 5 4
62 44 2 2
62 46 5 2
62 50 1 3
62 54 5 3
62 55 2 1
62 56 6 3
62 57 8 2
62 61 8 3
62 63 8 3
62 64 7 2
62 68 1 1
62 69 6 5
62 70 4 3
62 71 5 3
62 75 3 5
62 85 1 3
62 86 7 1
62 87 6 1
62 88 4 1
62 89 4 5
62 92 3 3
62 97 6 2
63 2 3 3
63 3 3 3
63 6 7 2
63 7 1 2
63 13 5 2
63 15 4 1
63 19 2 3
63 21 5 2
63 25 4 1
63 26 4 5
63 27 7 1
63 28 7 3
63 31 7 1
63 34 6 4
63 36 3 4
63 38 7 3
63 45 4 1
63 48 6 1
63 52 7 5
63 61 6 4
63 65 4 1
63 70 8 5
63 75 1 3
63 77 3 1
63 81 7 5
63 82 8 3
63 86 4 2
63 88 3 4
63 91 6 1
63 93 4 1
63 96 8 5
63 97 2 2
63 99 1 2
64 0 4 3
64 2 5 2
64 3 4 2
64 4 4 2
64 5 4 1
64 6 4 5
64 14 3 3
64 19 5 1
64 20 5 1
64 23 7 5
64 24 8 2
64 25 6 3
64 29 5 5
64 31 6 4
64 34 2 4
64 36 2 2
64 41 8 1
64 46 1 1
64 50 4 5
64 54 6 5
64 55 7 4
64 56 4 4
64 63 8 3
64 66 7 3
64 69 7 3
64 70 5 4
64 71 4 3
64 73 2 3
64 78 6 5
64 84 8 5
64 89 8 4
64 91 5 5
64 92 7 3
64 95 5 4
64 97 1 4
64 98 7 2
65 1 4 4
65 3 8 2
65 4 4 2
65 5 6 1
65 6 1 3
65 7 7 4
65 8 6 5
65 9 6 2
65 10 6 1
65 11 5 1
65 12 3 2
65 15 4 4
65 19 3 1
65 26 2 5
65 30 7 4
65 31 1 4
65 33 3 3
65 34 3 3
65 39 5 3
65 41 7 5
65 44 4 4
65 52 5 4
65 53 2 5
65 54 5 4
65 56 6 3
65 60 7 5
65 64 7 5
65 67 3 5
65 69 5 1
65 71 6 3
65 72 3 4
65 73 8 4
65 76 7 2
65 81 6 3
65 83 1 5
65 84 1 4
65 85 7 5
65 87 8 2
65 88 1 2
65 94 2 3
65 95 4 4
65 99 5 2
66 5 3 3
66 7 6 5
66 14 2 5
66 18 6 1
66 26 4 4
66 27 6 1
66 28 2 5
66 29 8 1
66 32 3 4
66 34 6 1
66 37 5 3
66 41 2 1
66 43 7 4
66 45 1 3
66 47 7 5
66 51 8 4
66 52 4 5
66 56 7 3
66 57 8 2
66 58 1 2
66 60 3 5
66 65 7 5
66 68 8 3
66 71 4 1
66 74 6 4
66 75 7 4
66 76 3 4
66 77 3 1
66 79 8 3
66 80 7 1
66 84 7 4
66 85 4 1
66 86 5 5
66 91 5 3
66 92 2 1
66 94 8 1
66 95 2 1
66 96 6 1
66 99 6 3
67 0 4 5
67 5 4 1
67 6 1 5
67 7 8 2
67 11 6 2
67 13 4 5
67 16 2 3
67 19 8 1
67 25 1 3
67 30 8 3
67 31 1 4
67 34 7 1
67 36 5 1
67 39 3 3
67 42 5 2
67 47 5 1
67 48 7 2
67 51 2 5
67 52 1 2
67 53 5 5
67 54 8 2
67 57 2 3
67 60 8 3
67 61 5 1
67 62 1 2
67 66 7 1
67 68 3 3
67 69 8 5
67 70 6 1
67 71 2 2
67 72 6 4
67 73 3 2
67 74 7 3
67 78 4 3
67 79 3 1
67 82 8 4
67 83 4 5
67 86 3 5
67 87 1 5
67 89 2 4
67 90 3 2
67 94 7 2
67 95 1 2
67 96 1 1
68 1 3 4
68 3 7 4
68 5 2 4
68 6 7 4
68 16 4 5
68 19 5 5
68 20 7 2
68 21 7 1
68 22 3 2
68 23 3 5
68 32 8 5
68 33 5 5
68 34 6 4
68 36 8 4
68 44 6 5
68 45 8 2
68 46 2 4
68 51 6 4
68 52 7 2
68 53 4 4
68 56 7 3
68 58 8 4
68 59 7 3
68 61 6 4
68 63 2 4
68 64 3 3
68 65 2 1
68 69 5 1
68 70 5 4
68 75 4 1
68 79 3 4
68 80 3 5
68 83 7 5
68 85 4 3
68 86 6 2
68 87 8 1
68 92 6 3
68 93 5 1
68 95 2 5
68 97 3 1
69 1 7 2
69 2 7 2
69 4 2 5
69 5 4 2
69 6 5 4
69 8 4 1
69 15 7 2
69 16 8 1
69 19 3 2
69 21 4 2
69 23 4 5
69 25 4 1
69 27 8 1
69 29 7 1
69 30 6 4
69 31 1 1
69 33 2 2
69 35 1 4
69 36 2 3
69 38 4 3
69 44 6 5
69 45 3 5
69 47 7 5
69 50 2 5
69 51 7 5
69 60 5 4
69 61 5 2
69 63 7 5
69 72 5 4
69 73 3 3
69 76 2 1
69 78 7 2
69 80 4 1
69 81 4 1
69 82 2 1
69 84 1 4
69 87 5 4
69 88 3 1
69 92 6 3
69 94 4 3
70 0 6 3
70 1 7 3
70 3 1 4
70 7 2 1
70 11 4 1
70 16 8 4
70 17 8 1
70 20 2 1
70 22 8 5
70 23 4 4
70 24 3 2
70 27 1 4
70 28 4 5
70 29 5 1
70 32 1 5
70 34 2 2
70 35 5 4
70 37 3 1
70 40 4 4
70 43 1 3
70 45 1 3
70 46 4 4
70 47 7 5
70 48 2 5
70 51 3 2
70 52 7 5
70 55 1 1
70 57 8 1
70 58 3 1
70 61 5 1
70 66 2 3
70 71 6 5
70 74 5 2
70 80 8 1
70 85 1 4
70 90 6 5
70 95 7 2
70 96 8 3
70 98 4 4
70 99 8 5
71 3 1 2
71 5 1 5
71 11 5 4
71 15 6 3
71 17 4 5
71 18 6 2
71 24 7 2
71 27 7 5
71 28 7 5
71 33 3 5
71 35 5 2
71 36 1 4
71 37 6 5
71 43 1 4
71 44 7 3
71 46 8 4
71 49 3 5
71 51 7 2
71 54 4 4
71 56 3 2
71 60 4 4
71 61 3 5
71 63 2 3
71 68 5 5
71 69 4 3
71 78 3 1
71 80 8 2
71 87 6 5
71 88 4 3
71 91 6 4
71 94 4 4
71 95 1 5
71 96 5 3
71 98 5 3
72 0 7 5
72 1 2 5
72 2 2 4
72 10 2 1
72 13 8 5
72 14 8 3
72 16 7 1
72 17 1 2
72 19 8 5
72 23 3 4
72 25 2 3
72 31 4 4
72 33 3 4
72 40 4 5
72 43 2 3
72 44 8 5
72 46 3 5
72 49 8 1
72 54 6 2
72 56 5 2
72 58 2 2
72 59 8 1
72 60 7 5
72 62 3 4
72 63 8 5
72 64 2 5
72 66 4 5
72 70 4 2
72 71 8 2
72 73 8 1
72 77 4 2
72 78 8 2
72 80 1 3
72 82 6 1
72 84 6 4
72 88 7 3
72 89 5 4
72 92 1 4
72 94 4 2
72 97 5 3
73 0 6 2
73 1 4 2
73 2 7 2
73 3 5 2
73 5 3 5
73 6 7 5
73 11 1 2
73 13 4 3
73 16 3 4
73 17 5 5
73 20 6 5
73 21 3 3
73 23 6 2
73 25 8 2
73 27 6 2
73 30 5 5
73 44 2 2
73 46 2 4
73 48 8 2
73 49 5 1
73 50 2 3
73 51 4 2
73 53 6 1
73 54 6 4
73 55 7 2
73 56 4 1
73 62 1 2
73 63 4 3
73 66 2 1
73 68 4 1
73 70 7 1
73 71 7 2
73 74 6 4
73 82 3 5
73 83 3 3
73 87 5 2
73 88 5 3
73 89 3 3
73 91 7 4
73 93 6 3
73 94 3 3
74 4 2 4
74 7 6 2
74 8 7 1
74 9 4 3
74 10 1 4
74 11 6 3
74 14 5 5
74 15 8 3
74 20 4 3
74 21 3 3
74 23 6 4
74 26 2 1
74 27 3 4
74 30 5 3
74 31 3 5
74 34 1 3
74 35 2 4
74 39 1 4
74 40 4 2
74 49 1 2
74 50 6 4
74 51 8 3
74 52 1 1
74 53 5 3
74 55 4 1
74 61 4 5
74 62 8 3
74 63 8 3
74 65 1 5
74 68 7 1
74 69 1 5
74 71 8 2
74 72 4 4
74 75 6 1
74 76 4 4
74 78 5 2
74 80 8 4
74 81 8 5
74 82 7 4
74 84 7 1
74 87 7 1
74 89 7 4
74 90 5 1
74 93 8 1
74 95 2 5
74 98 7 2
75 2 2 2
75 11 4 5
75 15 2 1
75 20 2 2
75 27 5 4
75 31 1 4
75 35 6 2
75 37 1 4
75 41 2 3
75 45 3 2
75 47 8 4
75 48 1 4
75 50 1 2
75 52 4 5
75 54 6 3
75 56 4 5
75 58 2 3
75 69 6 3
75 70 8 5
75 71 6 3
75 72 2 5
75 73 7 1
75 78 2 3
75 83 2 2
75 87 1 4
75 88 5 4
75 89 6 5
75 96 2 5
76 9 6 4
76 12 1 2
76 13 6 2
76 16 5 4
76 19 5 1
76 21 7 5
76 22 4 3
76 23 3 2
76 24 2 3
76 29 8 5
76 34 4 3
76 37 1 4
76 42 6 1
76 47 2 2
76 51 7 5
76 53 1 4
76 56 3 3
76 57 2 2
76 58 6 5
76 63 6 2
76 67 3 4
76 77 5 3
76 83 3 4
76 88 6 1
76 90 7 4
76 92 4 2
76 95 1 4
76 97 6 3
77 6 5 1
77 7 7 2
77 8 5 5
77 9 4 1
77 13 1 3
77 14 6 3
77 17 7 2
77 18 1 4
77 20 3 3
77 24 6 3
77 27 2 1
77 32 4 3
77 34 6 2
77 35 4 3
77 37 7 4
77 39 3 4
77 40 8 3
77 43 1 5
77 44 4 1
77 47 3 5
77 52 2 4
77 55 8 3
77 57 5 2
77 59 3 3
77 62 8 4
77 67 6 3
77 68 8 2
77 69 7 4
77 70 1 3
77 71 3 4
77 73 1 3
77 74 8 2
77 78 2 4
77 79 5 5
77 83 3 1
77 87 6 5
77 88 5 1
77 89 1 3
77 92 3 1
77 93 3 3
77 94 8 2
77 95 7 3
77 96 1 1
77 97 6 3
77 98 8 3
78 0 8 4
78 4 2 4
78 5 7 4
78 13 4 1
78 14 8 2
78 17 6 1
78 18 7 4
78 19 6 4
78 23 7 4
78 25 5 2
78 27 4 3
78 28 8 3
78 29 7 4
78 33 6 4
78 34 2 1
78 36 7 5
78 40 5 1
78 42 3 2
78 44 3 4
78 45 1 5
78 46 5 1
78 50 2 3
78 51 7 4
78 54 1 2
78 62 2 5
78 63 4 1
78 68 7 3
78 70 1 5
78 79 4 3
78 80 1 3
78 86 3 3
78 87 5 3
78 88 3 3
78 89 1 1
78 93 6 1
78 94 1 4
78 95 1 1
78 97 1 4
79 1 5 1
79 3 6 2
79 5 5 2
79 6 3 5
79 8 6 5
79 9 4 4
79 10 2 5
79 13 1 2
79 14 6 1
79 16 1 1
79 19 4 3
79 20 2 2
79 23 8 4
79 25 6 5
79 29 2 4
79 31 6 5
79 36 8 5
79 38 1 2
79 40 5 3
79 41 8 5
79 42 7 1
79 44 2 1
79 45 5 2
79 46 6 4
79 47 4 4
79 48 1 1
79 51 2 5
79 55 3 4
79 62 3 2
79 63 6 4
79 64 1 4
79 69 8 5
79 70 6 1
79 71 2 4
79 72 7 3
79 74 3 3
79 75 1 2
79 76 3 2
79 85 5 2
79 87 3 1
79 91 7 5
79 92 7 2
79 94 2 1
79 95 3 2
79 97 7 2
80 2 8 5
80 5 7 5
80 8 6 5
80 11 2 5
80 13 6 5
80 16 6 5
80 23 3 1
80 24 8 5
80 27 2 4
80 29 4 2
80 31 8 4
80 42 6 2
80 44 4 1
80 46 4 4
80 49 8 1
80 50 6 1
80 51 4 5
80 55 3 5
80 59 1 1
80 60 8 1
80 64 1 2
80 65 3 4
80 67 3 2
80 73 4 3
80 75 1 4
80 77 5 3
80 82 1 5
80 83 4 1
80 86 8 3
80 91 5 1
80 92 3 4
80 93 4 5
80 98 3 4
80 99 2 5
81 1 1 4
81 2 6 4
81 3 3 1
81 6 8 4
81 11 4 5
81 12 8 5
81 14 7 4
81 15 2 1
81 17 7 5
81 18 7 2
81 26 2 1
81 29 7 1
81 30 7 3
81 32 2 2
81 41 6 3
81 51 5 3
81 53 3 3
81 55 4 2
81 57 8 2
81 58 1 5
81 62 1 4
81 67 3 5
81 68 4 3
81 72 2 5
81 73 3 2
81 76 1 5
81 80 3 2
81 87 1 3
81 88 5 1
81 89 8 5
81 91 2 1
81 94 4 2
81 96 3 1
81 97 2 1
82 0 5 2
82 1 2 2
82 2 6 1
82 3 8 4
82 6 6 3
82 17 4 3
82 19 4 1
82 22 5 2
82 28 8 2
82 31 4 5
82 34 7 2
82 35 7 3
82 40 3 4
82 41 2 4
82 45 8 3
82 46 6 3
82 47 2 1
82 51 5 3
82 52 2 5
82 54 6 4
82 58 8 2
82 62 7 1
82 64 4 5
82 68 8 3
82 70 7 4
82 71 6 2
82 75 4 1
82 78 8 3
82 79 8 4
82 87 1 4
82 89 1 2
82 94 2 4
82 98 5 2
83 2 2 2
83 5 8 1
83 6 4 3
83 11 6 3
83 13 6 4
83 15 7 1
83 24 5 3
83 27 3 4
83 28 2 3
83 30 3 2
83 31 3 4
83 32 7 5
83 39 7 2
83 41 1 1
83 47 3 1
83 48 5 5
83 50 3 2
83 51 2 5
83 53 8 2
83 54 6 3
83 57 2 4
83 58 1 3
83 62 7 2
83 63 8 2
83 66 4 5
83 69 2 5
83 71 6 3
83 74 2 2
83 78 4 4
83 82 3 5
83 84 1 5
83 85 3 5
83 88 8 4
83 89 7 2
83 92 6 1
83 95 6 2
83 97 5 3
83 98 6 2
84 4 5 3
84 5 2 4
84 6 8 2
84 7 6 5
84 8 4 1
84 9 7 2
84 10 2 5
84 12 2 5
84 13 2 2
84 14 6 4
84 17 2 5
84 22 7 2
84 23 6 5
84 25 6 5
84 30 6 3
84 31 2 2
84 33 7 5
84 43 8 1
84 45 1 2
84 47 2 5
84 48 4 5
84 51 1 3
84 53 7 5
84 55 8 1
84 57 4 3
84 60 1 1
84 62 4 1
84 67 6 5
84 68 4 4
84 76 5 5
84 77 5 5
84 78 2 5
84 87 7 2
84 89 5 1
84 90 8 1
84 91 1 3
84 92 1 1
84 94 4 4
84 96 2 4
84 98 7 1
84 99 5 2
85 1 6 2
85 3 8 2
85 8 1 1
85 10 8 3
85 13 4 4
85 15 8 1
85 19 7 1
85 20 2 2
85 21 7 2
85 23 8 5
85 26 4 3
85 29 6 3
85 30 6 1
85 31 7 1
85 32 5 2
85 39 7 4
85 47 3 4
85 51 3 4
85 63 4 4
85 67 3 3
85 74 3 5
85 77 3 4
85 80 4 1
85 81 8 2
85 84 5 4
85 87 6 4
85 93 1 3
85 99 8 3
86 0 7 1
86 5 6 3
86 14 6 1
86 17 3 5
86 18 8 1
86 19 8 2
86 20 8 3
86 24 3 2
86 25 2 4
86 26 5 1
86 31 6 5
86 33 3 5
86 36 5 2
86 47 4 1
86 48 3 1
86 53 4 3
86 57 5 5
86 61 8 2
86 69 7 3
86 70 4 3
86 72 7 1
86 73 4 3
86 77 1 5
86 79 7 1
86 82 4 4
86 90 3 2
86 95 8 1
86 96 4 2
86 98 1 5
87 2 6 1
87 3 4 4
87 5 3 4
87 6 7 2
87 8 5 3
87 9 8 4
87 12 3 3
87 16 7 1
87 17 1 3
87 20 2 2
87 21 2 3
87 29 8 3
87 30 5 5
87 33 3 4
87 37 3 3
87 40 8 5
87 42 5 4
87 51 5 2
87 52 5 3
87 53 4 4
87 54 2 1
87 55 5 3
87 59 4 2
87 61 1 2
87 64 1 4
87 66 3 3
87 70 3 4
87 72 2 4
87 76 1 5
87 80 2 5
87 83 8 2
87 86 7 4
87 90 3 1
87 91 7 3
87 92 5 2
87 96 4 3
87 97 3 2
88 2 3 1
88 11 3 3
88 16 7 4
88 17 7 1
88 18 2 4
88 19 8 3
88 21 1 4
88 24 3 5
88 25 3 4
88 35 3 4
88 38 1 1
88 40 5 4
88 41 4 1
88 42 7 1
88 43 3 1
88 44 7 3
88 46 7 5
88 48 4 5
88 51 6 3
88 52 4 3
88 54 3 1
88 66 6 1
88 67 6 1
88 68 3 3
88 70 8 4
88 74 3 3
88 80 5 3
88 82 7 3
88 84 4 4
88 85 2 2
88 86 8 3
88 87 8 5
88 91 2 1
88 92 8 5
89 0 8 3
89 2 1 1
89 5 3 1
89 7 5 2
89 9 3 5
89 12 2 1
89 14 8 4
89 15 7 2
89 16 1 4
89 18 8 2
89 19 8 3
89 24 8 3
89 26 6 5
89 27 3 4
89 29 1 2
89 37 1 2
89 38 5 5
89 39 8 2
89 44 2 5
89 46 8 5
89 48 6 2
89 51 5 2
89 54 5 1
89 55 6 3
89 58 1 5
89 59 4 5
89 61 8 4
89 63 5 2
89 65 4 1
89 66 4 3
89 70 6 5
89 71 1 4
89 79 5 4
89 80 4 5
89 85 4 2
89 88 7 2
89 90 2 3
89 91 7 3
89 92 3 2
89 99 5 5
90 0 8 4
90 7 2 5
90 8 1 3
90 9 7 4
90 11 2 1
90 15 2 4
90 19 8 4
90 20 6 3
90 24 3 5
90 27 1 3
90 29 5 3
90 30 8 2
90 32 1 4
90 33 7 1
90 34 8 2
90 35 3 3
90 39 3 2
90 43 4 5
90 44 4 3
90 45 4 5
90 47 8 4
90 49 8 5
90 50 4 2
90 52 4 3
90 56 6 3
90 58 5 2
90 59 8 5
90 61 4 2
90 62 5 2
90 65 4 3
90 66 2 2
90 71 2 2
90 73 3 2
90 78 4 4
90 80 2 2
90 81 5 1
90 82 6 2
90 83 6 5
90 88 1 5
90 94 2 5
90 97 4 4
90 98 2 2
91 0 1 2
91 2 5 2
91 3 3 5
91 6 2 4
91 8 1 3
91 10 6 1
91 12 4 1
91 13 7 2
91 14 7 1
91 15 1 2
91 16 3 4
91 17 7 1
91 20 5 1
91 21 8 3
91 22 1 2
91 24 3 4
91 25 2 3
91 26 4 1
91 27 5 1
91 28 7 5
91 29 4 2
91 31 6 5
91 36 2 5
91 38 1 1
91 46 2 4
91 51 4 5
91 53 1 3
91 57 8 5
91 58 4 1
91 62 5 3
91 65 6 5
91 68 5 1
91 69 3 4
91 70 3 4
91 72 1 2
91 74 7 5
91 75 3 5
91 76 4 3
91 78 8 5
91 82 6 1
91 83 2 5
91 90 3 2
91 92 5 5
91 94 8 1
91 96 4 5
91 98 4 3
91 99 5 3
92 4 7 3
92 5 3 4
92 7 7 1
92 8 6 5
92 9 4 2
92 10 7 4
92 11 7 4
92 12 5 5
92 13 2 5
92 19 7 3
92 24 7 1
92 29 8 5
92 30 8 3
92 34 2 2
92 38 8 5
92 39 4 3
92 41 1 4
92 42 5 1
92 43 1 2
92 44 5 4
92 51 2 4
92 52 1 1
92 54 3 4
92 57 3 5
92 58 5 4
92 59 8 2
92 63 6 3
92 65 6 1
92 71 1 5
92 73 8 3
92 74 2 2
92 75 5 1
92 78 5 2
92 86 7 1
92 90 5 2
92 94 7 2
92 95 5 2
92 96 1 3
93 3 2 4
93 5 2 3
93 11 5 3
93 13 7 1
93 14 1 4
93 17 4 5
93 18 4 3
93 24 7 2
93 26 5 2
93 27 8 2
93 28 6 4
93 30 5 2
93 32 8 1
93 33 7 5
93 34 5 2
93 35 5 1
93 36 7 2
93 37 1 1
93 40 4 5
93 44 2 3
93 49 7 4
93 50 1 2
93 54 3 4
93 56 6 1
93 58 1 4
93 62 3 2
93 65 4 4
93 66 4 4
93 67 4 5
93 69 2 2
93 70 5 1
93 72 8 1
93 75 1 5
93 79 3 5
93 82 1 5
93 84 2 3
93 88 6 2
93 89 4 5
93 90 6 3
93 91 7 4
93 92 2 5
93 94 4 4
93 99 5 4
94 2 5 4
94 5 1 2
94 7 7 3
94 8 3 4
94 9 8 2
94 12 1 1
94 20 3 4
94 22 4 1
94 23 1 3
94 24 3 5
94 26 3 3
94 27 2 5
94 30 7 3
94 31 8 4
94 35 4 5
94 38 6 3
94 41 5 5
94 42 7 1
94 47 7 5
94 48 4 1
94 52 5 4
94 55 1 1
94 57 1 1
94 60 6 2
94 62 5 1
94 63 7 5
94 64 1 4
94 68 6 4
94 70 6 1
94 74 7 2
94 76 4 1
94 80 7 3
94 83 7 4
94 85 6 5
94 86 8 1
94 87 7 3
94 88 4 4
94 89 5 4
94 98 7 1
95 4 4 3
95 6 1 5
95 8 3 2
95 9 7 2
95 12 4 4
95 20 1 3
95 23 8 5
95 26 1 3
95 28 3 5
95 29 1 5
95 31 8 5
95 34 3 2
95 36 2 5
95 37 8 5
95 38 5 4
95 41 6 1
95 43 6 4
95 44 5 1
95 47 8 3
95 51 8 4
95 52 6 2
95 56 5 4
95 61 7 5
95 63 8 3
95 72 4 3
95 75 6 2
95 80 6 1
95 82 2 5
95 85 3 2
95 87 4 1
95 88 3 1
95 90 7 5
95 91 8 4
95 93 7 2
95 94 8 4
95 97 8 5
95 98 1 4
96 0 7 4
96 1 7 3
96 2 7 2
96 5 4 3
96 8 3 5
96 13 3 1
96 14 1 4
96 19 3 5
96 20 3 5
96 21 5 4
96 22 4 1
96 24 1 2
96 26 3 3
96 30 1 4
96 32 3 5
96 35 8 2
96 36 6 2
96 37 7 2
96 38 3 1
96 43 8 1
96 44 2 1
96 50 4 1
96 52 3 3
96 56 7 1
96 58 8 1
96 60 8 2
96 61 4 4
96 62 5 1
96 65 5 5
96 69 6 3
96 72 4 2
96 73 3 4
96 74 8 4
96 76 7 3
96 78 8 4
96 80 2 2
96 85 4 2
96 88 2 1
96 89 2 1
96 90 1 5
96 93 6 4
96 95 7 5
97 0 3 2
97 1 5 4
97 2 4 2
97 3 5 4
97 5 6 2
97 13 5 2
97 16 8 1
97 17 6 4
97 18 3 4
97 29 6 2
97 30 2 2
97 34 4 3
97 36 7 1
97 43 4 1
97 45 5 5
97 46 3 3
97 47 3 5
97 49 3 2
97 50 2 5
97 53 7 1
97 56 8 3
97 58 3 1
97 59 7 2
97 60 3 2
97 61 5 3
97 65 8 1
97 66 5 3
97 67 5 1
97 69 8 1
97 75 4 2
97 80 6 2
97 82 7 5
97 84 8 5
97 85 6 3
97 89 4 2
97 91 5 3
97 93 1 1
97 96 7 4
97 98 6 5
98 4 1 2
98 5 6 1
98 8 6 5
98 9 5 3
98 10 5 4
98 12 8 1
98 13 5 4
98 15 1 2
98 16 6 3
98 17 3 2
98 18 4 4
98 19 2 3
98 20 7 1
98 21 1 3
98 25 5 4
98 28 6 3
98 29 4 2
98 31 7 4
98 32 2 3
98 33 3 3
98 35 5 4
98 37 1 1
98 43 8 3
98 46 1 2
98 47 3 1
98 49 6 1
98 50 1 5
98 56 2 4
98 61 5 1
98 62 5 4
98 65 1 5
98 67 4 2
98 68 2 2
98 72 8 3
98 73 7 4
98 75 3 1
98 76 7 4
98 78 4 1
98 88 8 2
98 89 5 2
98 93 7 2
99 1 4 5
99 5 3 3
99 9 5 4
99 10 1 5
99 13 2 3
99 15 1 1
99 22 5 4
99 30 4 5
99 31 7 3
99 32 4 1
99 34 7 5
99 36 1 2
99 39 3 3
99 41 5 2
99 49 3 3
99 50 7 1
99 51 7 4
99 53 3 3
99 55 6 2
99 57 7 2
99 62 4 2
99 69 2 3
99 74 1 3
99 75 3 5
99 76 8 5
99 77 4 1
99 81 2 5
99 83 4 5
99 86 4 3
99 87 2 3
99 88 1 3
99 92 3 2
99 96 8 5
99 97 8 3
