0 7 4 1
0 10 1 1
0 18 8 1
0 23 4 1
0 40 5 1
0 42 7 1
0 56 7 1
0 60 7 1
0 62 2 1
0 66 7 1
0 77 3 1
0 91 3 1
0 96 6 1
0 102 3 1
0 103 8 1
0 108 6 1
0 113 2 1
0 117 7 1
0 120 6 1
0 124 2 1
0 143 4 1
0 145 4 1
0 150 7 1
0 158 5 1
0 159 7 1
1 14 3 1
1 16 5 1
1 27 1 1
1 40 3 1
1 42 5 1
1 66 3 1
1 73 2 1
1 76 6 1
1 103 1 1
1 123 8 1
1 124 5 1
1 143 3 1
1 177 1 1
2 4 4 1
2 9 2 1
2 43 4 1
2 46 6 1
2 59 5 1
2 71 4 1
2 114 8 1
2 125 2 1
2 129 8 1
2 135 1 1
2 170 3 1
2 181 7 1
2 182 7 1
3 8 7 1
3 11 8 1
3 35 5 1
3 41 3 1
3 45 1 1
3 51 1 1
3 58 7 1
3 79 2 1
3 82 5 1
3 84 4 1
3 89 3 1
3 97 3 1
3 105 7 1
3 106 8 1
3 109 4 1
3 115 3 1
3 122 6 1
3 139 4 1
3 144 6 1
3 149 1 1
3 163 6 1
3 169 5 1
3 184 5 1
3 195 2 1
3 198 3 1
4 17 1 1
4 43 2 1
4 46 3 1
4 71 2 1
4 77 1 1
4 86 7 1
4 87 7 1
4 98 1 1
4 110 7 1
4 132 4 1
4 135 5 1
4 137 7 1
4 156 1 1
4 170 2 1
4 181 8 1
4 183 8 1
4 186 4 1
5 16 6 1
5 24 4 1
5 42 4 1
5 57 6 1
5 62 1 1
5 78 2 1
5 103 4 1
5 141 7 1
5 145 5 1
5 157 5 1
5 158 3 1
6 0 3 1
6 16 8 1
6 90 8 1
6 93 7 1
6 102 8 1
6 108 3 1
6 110 7 1
6 120 2 1
6 146 6 1
6 150 6 1
6 156 1 1
6 160 4 1
6 181 8 1
6 187 7 1
6 191 2 1
6 196 6 1
7 1 1 1
7 13 7 1
7 28 7 1
7 40 4 1
7 42 6 1
7 54 1 1
7 60 7 1
7 62 1 1
7 64 1 1
7 66 3 1
7 91 3 1
7 96 4 1
7 103 6 1
7 111 4 1
7 120 5 1
7 123 4 1
7 140 5 1
7 141 5 1
7 143 6 1
7 146 2 1
7 159 5 1
7 160 8 1
7 162 5 1
7 179 7 1
7 187 8 1
7 192 5 1
8 22 6 1
8 32 3 1
8 35 2 1
8 44 2 1
8 105 6 1
8 107 3 1
8 115 5 1
8 128 4 1
8 130 2 1
8 172 1 1
8 176 6 1
8 190 8 1
9 12 4 1
9 15 8 1
9 31 4 1
9 43 6 1
9 55 5 1
9 74 6 1
9 98 6 1
9 125 5 1
9 165 7 1
9 167 8 1
10 6 1 1
10 13 8 1
10 20 4 1
10 24 7 1
10 26 5 1
10 34 3 1
10 40 5 1
10 43 2 1
10 60 8 1
10 63 5 1
10 72 3 1
10 77 2 1
10 86 3 1
10 88 8 1
10 90 7 1
10 94 8 1
10 99 4 1
10 101 4 1
10 110 6 1
10 117 5 1
10 129 1 1
10 131 4 1
10 132 2 1
10 136 5 1
10 137 5 1
10 146 5 1
10 150 5 1
10 158 1 1
10 160 2 1
10 162 6 1
10 187 1 1
10 191 7 1
10 194 3 1
10 196 6 1
11 8 2 1
11 51 4 1
11 85 6 1
11 97 1 1
11 122 7 1
11 139 8 1
11 175 6 1
11 198 8 1
12 4 6 1
12 58 4 1
12 59 7 1
12 86 5 1
12 87 3 1
12 116 5 1
12 125 4 1
12 129 8 1
12 132 7 1
12 155 5 1
12 167 6 1
12 170 7 1
12 171 3 1
12 178 2 1
12 194 7 1
12 197 5 1
13 0 1 1
13 1 6 1
13 5 5 1
13 6 5 1
13 34 1 1
13 36 7 1
13 56 8 1
13 63 4 1
13 64 3 1
13 66 5 1
13 91 6 1
13 92 7 1
13 93 3 1
13 102 8 1
13 120 8 1
13 131 1 1
13 136 4 1
13 140 4 1
13 143 7 1
13 145 6 1
13 146 7 1
13 177 4 1
13 187 6 1
14 7 4 1
14 13 7 1
14 21 6 1
14 28 8 1
14 34 1 1
14 42 3 1
14 52 2 1
14 56 8 1
14 65 1 1
14 69 8 1
14 70 3 1
14 80 4 1
14 81 3 1
14 107 2 1
14 121 8 1
14 126 6 1
14 140 4 1
14 143 7 1
14 146 4 1
14 166 7 1
14 176 2 1
14 177 4 1
14 189 1 1
14 193 6 1
15 33 5 1
15 59 8 1
15 61 4 1
15 74 2 1
15 84 7 1
15 100 6 1
15 114 5 1
15 134 6 1
15 138 6 1
15 144 6 1
15 152 6 1
15 178 3 1
15 184 2 1
16 0 6 1
16 7 7 1
16 10 6 1
16 13 2 1
16 23 1 1
16 24 1 1
16 26 8 1
16 40 1 1
16 64 7 1
16 66 7 1
16 78 1 1
16 92 5 1
16 102 8 1
16 103 2 1
16 124 6 1
16 136 6 1
16 141 8 1
16 146 1 1
16 157 4 1
16 168 4 1
16 177 6 1
17 2 4 1
17 9 1 1
17 12 6 1
17 31 8 1
17 37 6 1
17 43 5 1
17 46 4 1
17 55 1 1
17 59 6 1
17 74 4 1
17 86 8 1
17 88 8 1
17 101 8 1
17 118 1 1
17 125 7 1
17 132 7 1
17 135 1 1
17 155 7 1
17 170 2 1
17 178 2 1
17 197 4 1
18 7 3 1
18 10 4 1
18 13 1 1
18 16 8 1
18 20 5 1
18 23 3 1
18 28 2 1
18 34 7 1
18 56 6 1
18 60 2 1
18 62 1 1
18 72 5 1
18 77 1 1
18 91 7 1
18 95 4 1
18 102 7 1
18 113 6 1
18 117 6 1
18 120 2 1
18 137 4 1
18 141 3 1
18 145 8 1
18 150 2 1
18 156 7 1
18 158 4 1
18 160 6 1
18 168 2 1
18 177 8 1
18 179 5 1
18 187 7 1
18 196 2 1
19 8 7 1
19 33 4 1
19 38 5 1
19 41 7 1
19 44 4 1
19 45 7 1
19 58 5 1
19 67 7 1
19 79 4 1
19 82 4 1
19 84 8 1
19 85 2 1
19 88 4 1
19 89 4 1
19 99 1 1
19 105 6 1
19 106 1 1
19 109 5 1
19 115 5 1
19 119 5 1
19 134 2 1
19 152 3 1
19 159 3 1
19 162 5 1
19 169 8 1
19 175 6 1
19 185 4 1
19 194 2 1
19 195 2 1
20 19 1 1
20 33 4 1
20 34 5 1
20 43 2 1
20 58 2 1
20 59 6 1
20 60 2 1
20 63 1 1
20 67 5 1
20 77 6 1
20 84 2 1
20 86 7 1
20 89 7 1
20 94 8 1
20 95 4 1
20 96 7 1
20 98 6 1
20 99 7 1
20 101 4 1
20 134 3 1
20 154 2 1
20 155 8 1
20 156 3 1
20 159 7 1
20 172 2 1
21 27 3 1
21 30 7 1
21 32 1 1
21 47 7 1
21 48 1 1
21 49 4 1
21 50 8 1
21 52 1 1
21 65 7 1
21 107 5 1
21 119 6 1
21 121 7 1
21 126 7 1
21 127 6 1
21 133 6 1
21 153 2 1
21 189 2 1
21 193 5 1
21 195 1 1
22 3 1 1
22 19 5 1
22 33 1 1
22 41 6 1
22 82 6 1
22 95 1 1
22 100 6 1
22 105 1 1
22 107 7 1
22 118 1 1
22 130 5 1
22 139 6 1
22 154 7 1
22 161 3 1
22 175 8 1
22 176 3 1
22 184 7 1
22 190 1 1
22 192 7 1
22 194 4 1
22 198 2 1
23 5 3 1
23 6 1 1
23 7 8 1
23 10 5 1
23 13 8 1
23 28 7 1
23 40 8 1
23 62 6 1
23 63 5 1
23 76 3 1
23 78 7 1
23 92 6 1
23 93 6 1
23 108 2 1
23 120 5 1
23 124 3 1
23 141 8 1
23 148 2 1
23 156 3 1
23 168 8 1
24 0 3 1
24 6 7 1
24 13 2 1
24 18 2 1
24 23 8 1
24 26 7 1
24 28 4 1
24 36 4 1
24 57 8 1
24 66 7 1
24 78 8 1
24 102 1 1
24 117 5 1
24 141 1 1
24 146 1 1
24 157 1 1
24 160 1 1
24 183 3 1
24 187 4 1
25 8 5 1
25 21 4 1
25 29 4 1
25 32 1 1
25 41 2 1
25 53 3 1
25 69 7 1
25 79 6 1
25 83 1 1
25 119 4 1
25 126 1 1
25 130 1 1
25 133 2 1
25 142 7 1
25 147 3 1
25 149 5 1
25 176 2 1
25 192 6 1
25 195 2 1
26 0 5 1
26 7 2 1
26 18 4 1
26 34 3 1
26 39 3 1
26 40 8 1
26 46 3 1
26 56 4 1
26 68 6 1
26 77 5 1
26 116 3 1
26 120 3 1
26 132 3 1
26 136 3 1
26 141 6 1
26 150 1 1
26 181 7 1
26 182 8 1
26 187 7 1
27 7 6 1
27 14 7 1
27 30 3 1
27 47 4 1
27 49 7 1
27 50 1 1
27 70 5 1
27 80 3 1
27 96 1 1
27 107 5 1
27 111 6 1
27 112 7 1
27 131 5 1
27 140 2 1
27 142 8 1
27 147 7 1
27 151 6 1
27 177 4 1
28 0 2 1
28 1 3 1
28 5 8 1
28 10 8 1
28 13 3 1
28 16 1 1
28 26 2 1
28 30 6 1
28 40 8 1
28 54 8 1
28 57 8 1
28 62 7 1
28 64 5 1
28 76 8 1
28 91 4 1
28 120 6 1
28 124 5 1
28 131 2 1
28 136 6 1
28 146 6 1
28 157 1 1
28 160 5 1
28 177 6 1
28 187 1 1
28 199 7 1
29 21 4 1
29 47 3 1
29 50 1 1
29 53 7 1
29 105 5 1
29 107 2 1
29 119 7 1
29 127 4 1
29 174 2 1
29 189 7 1
29 193 3 1
30 1 5 1
30 7 1 1
30 14 6 1
30 47 1 1
30 49 7 1
30 50 2 1
30 52 7 1
30 56 1 1
30 65 7 1
30 80 6 1
30 96 8 1
30 112 3 1
30 126 3 1
30 140 8 1
30 148 8 1
30 158 8 1
30 166 2 1
30 177 2 1
30 188 4 1
30 192 4 1
31 2 2 1
31 74 8 1
31 170 5 1
32 3 6 1
32 19 4 1
32 22 8 1
32 29 5 1
32 33 7 1
32 69 6 1
32 70 4 1
32 79 7 1
32 83 3 1
32 105 6 1
32 122 8 1
32 139 4 1
32 149 5 1
32 154 6 1
32 161 5 1
32 163 8 1
32 169 6 1
32 175 4 1
32 180 6 1
33 3 8 1
33 38 4 1
33 41 3 1
33 43 7 1
33 44 4 1
33 53 3 1
33 59 2 1
33 67 3 1
33 79 2 1
33 85 7 1
33 89 7 1
33 95 4 1
33 99 7 1
33 100 5 1
33 101 1 1
33 105 4 1
33 115 4 1
33 122 6 1
33 138 7 1
33 149 1 1
33 154 1 1
33 161 6 1
33 162 7 1
33 163 6 1
33 169 4 1
33 175 6 1
33 178 1 1
33 184 3 1
33 194 1 1
34 0 8 1
34 7 4 1
34 28 8 1
34 38 5 1
34 40 3 1
34 56 1 1
34 62 8 1
34 63 1 1
34 66 1 1
34 77 4 1
34 95 4 1
34 96 3 1
34 102 3 1
34 103 1 1
34 117 4 1
34 136 4 1
34 137 6 1
34 150 6 1
34 154 6 1
34 160 7 1
34 179 2 1
34 187 7 1
34 192 4 1
34 194 7 1
34 199 3 1
35 19 7 1
35 21 3 1
35 22 4 1
35 25 8 1
35 33 8 1
35 49 5 1
35 58 6 1
35 67 6 1
35 70 2 1
35 81 8 1
35 84 5 1
35 106 5 1
35 107 8 1
35 115 2 1
35 119 6 1
35 127 1 1
35 128 7 1
35 133 4 1
35 140 4 1
35 149 5 1
35 154 5 1
35 161 4 1
35 169 3 1
35 180 3 1
35 184 6 1
35 189 3 1
35 195 4 1
36 0 4 1
36 5 5 1
36 6 3 1
36 16 2 1
36 23 2 1
36 26 5 1
36 66 5 1
36 92 4 1
36 103 6 1
36 110 7 1
36 117 1 1
36 124 8 1
36 145 8 1
36 157 1 1
36 183 5 1
37 2 3 1
37 4 6 1
37 12 7 1
37 31 3 1
37 39 2 1
37 94 4 1
37 114 1 1
37 181 7 1
38 12 6 1
38 18 6 1
38 20 4 1
38 22 1 1
38 59 7 1
38 72 1 1
38 86 6 1
38 94 8 1
38 99 6 1
38 101 8 1
38 113 3 1
38 115 7 1
38 129 2 1
38 134 1 1
38 136 8 1
38 155 8 1
38 167 4 1
38 170 6 1
38 184 7 1
38 185 8 1
38 196 3 1
39 4 6 1
39 6 2 1
39 68 1 1
39 71 6 1
39 98 8 1
39 110 2 1
39 117 7 1
39 156 8 1
39 183 5 1
39 191 8 1
39 197 7 1
40 13 1 1
40 14 8 1
40 18 1 1
40 27 5 1
40 30 1 1
40 42 4 1
40 49 6 1
40 56 6 1
40 62 5 1
40 66 5 1
40 67 7 1
40 72 6 1
40 73 3 1
40 96 1 1
40 102 6 1
40 120 3 1
40 124 2 1
40 136 4 1
40 141 2 1
40 143 4 1
40 146 2 1
40 148 2 1
40 150 4 1
40 157 8 1
40 159 4 1
40 160 1 1
40 179 5 1
40 192 1 1
41 32 3 1
41 45 5 1
41 53 7 1
41 85 3 1
41 104 8 1
41 139 4 1
41 144 6 1
41 149 6 1
41 163 1 1
41 174 1 1
41 198 1 1
42 13 8 1
42 16 2 1
42 23 2 1
42 62 8 1
42 103 1 1
42 187 8 1
43 38 8 1
43 46 7 1
43 59 8 1
43 71 1 1
43 72 5 1
43 75 5 1
43 84 1 1
43 89 1 1
43 94 1 1
43 95 7 1
43 115 6 1
43 118 6 1
43 134 7 1
43 137 4 1
43 156 4 1
43 165 2 1
43 167 8 1
43 184 1 1
43 185 2 1
43 186 5 1
44 3 3 1
44 11 3 1
44 15 4 1
44 22 2 1
44 35 5 1
44 41 2 1
44 79 8 1
44 82 5 1
44 89 7 1
44 104 8 1
44 109 3 1
44 134 2 1
44 138 6 1
44 139 4 1
44 161 5 1
44 167 2 1
44 169 6 1
44 173 2 1
44 198 3 1
45 11 5 1
45 22 8 1
45 44 8 1
45 79 4 1
45 100 4 1
45 104 6 1
45 163 5 1
45 167 6 1
45 169 6 1
45 173 3 1
45 198 2 1
46 10 1 1
46 12 5 1
46 20 6 1
46 37 5 1
46 39 4 1
46 60 6 1
46 87 1 1
46 90 5 1
46 91 4 1
46 94 1 1
46 113 1 1
46 114 6 1
46 118 1 1
46 137 1 1
46 156 5 1
46 165 6 1
46 167 8 1
46 171 1 1
46 178 5 1
46 181 8 1
46 182 7 1
46 191 1 1
46 196 5 1
47 14 6 1
47 52 2 1
47 70 1 1
47 73 4 1
47 107 6 1
47 112 6 1
47 121 1 1
47 126 4 1
47 130 8 1
47 131 1 1
47 177 3 1
47 180 7 1
48 27 7 1
48 29 4 1
48 81 7 1
48 121 6 1
48 123 4 1
48 127 8 1
48 133 3 1
48 142 4 1
48 151 4 1
48 153 6 1
48 166 6 1
48 188 7 1
49 7 4 1
49 14 2 1
49 34 4 1
49 47 4 1
49 50 2 1
49 63 6 1
49 64 3 1
49 67 6 1
49 69 7 1
49 72 1 1
49 96 2 1
49 106 8 1
49 107 7 1
49 121 7 1
49 123 4 1
49 130 8 1
49 131 1 1
49 133 7 1
49 140 4 1
49 146 8 1
49 159 7 1
49 179 7 1
49 180 2 1
49 188 1 1
50 14 4 1
50 47 7 1
50 48 7 1
50 52 5 1
50 54 4 1
50 70 7 1
50 73 8 1
50 80 8 1
50 81 3 1
50 111 1 1
50 112 3 1
50 127 2 1
50 130 8 1
50 142 5 1
50 147 4 1
50 151 2 1
50 166 3 1
50 176 3 1
50 188 1 1
50 189 3 1
50 193 7 1
51 44 4 1
51 45 8 1
51 79 7 1
51 85 1 1
51 100 3 1
51 198 6 1
52 54 2 1
52 65 4 1
52 121 5 1
52 142 5 1
52 153 2 1
53 3 2 1
53 8 8 1
53 11 6 1
53 19 2 1
53 21 3 1
53 22 8 1
53 32 2 1
53 69 5 1
53 104 7 1
53 106 4 1
53 107 4 1
53 133 4 1
53 154 6 1
53 161 3 1
53 163 3 1
53 175 4 1
53 180 6 1
53 190 3 1
54 13 2 1
54 14 5 1
54 16 8 1
54 27 2 1
54 30 7 1
54 34 8 1
54 40 5 1
54 42 3 1
54 47 6 1
54 66 5 1
54 76 8 1
54 102 8 1
54 103 2 1
54 131 3 1
54 143 1 1
54 146 6 1
54 148 3 1
54 166 2 1
54 177 5 1
55 4 3 1
55 37 8 1
55 39 8 1
55 98 4 1
55 125 6 1
55 129 1 1
55 164 6 1
55 171 1 1
55 181 7 1
56 7 8 1
56 10 3 1
56 20 6 1
56 28 8 1
56 60 3 1
56 63 6 1
56 67 8 1
56 69 3 1
56 70 7 1
56 72 6 1
56 73 8 1
56 91 7 1
56 96 4 1
56 111 3 1
56 113 5 1
56 123 4 1
56 131 7 1
56 137 7 1
56 140 7 1
56 145 8 1
56 148 4 1
56 150 5 1
56 158 4 1
56 159 4 1
56 160 2 1
56 168 1 1
56 172 1 1
56 177 3 1
56 179 4 1
56 187 1 1
56 199 4 1
57 16 2 1
57 23 8 1
57 36 6 1
57 42 8 1
57 93 7 1
57 103 8 1
57 120 3 1
58 22 4 1
58 38 4 1
58 43 8 1
58 44 7 1
58 56 3 1
58 67 8 1
58 86 6 1
58 89 6 1
58 91 8 1
58 101 2 1
58 107 1 1
58 109 6 1
58 115 2 1
58 134 3 1
58 138 3 1
58 149 8 1
58 161 5 1
58 162 2 1
58 163 8 1
58 165 3 1
58 167 6 1
58 169 6 1
58 178 3 1
58 179 7 1
58 184 6 1
58 192 7 1
58 194 1 1
59 9 1 1
59 58 4 1
59 84 2 1
59 114 4 1
59 115 6 1
59 129 2 1
59 134 4 1
59 186 6 1
60 12 3 1
60 13 7 1
60 34 6 1
60 40 3 1
60 43 4 1
60 67 6 1
60 91 3 1
60 94 5 1
60 95 6 1
60 98 6 1
60 101 8 1
60 116 7 1
60 117 3 1
60 136 1 1
60 145 3 1
60 146 4 1
60 148 1 1
60 150 6 1
60 155 5 1
60 156 1 1
60 165 3 1
60 168 6 1
60 177 4 1
60 181 3 1
60 190 3 1
60 194 3 1
61 3 6 1
61 11 3 1
61 33 6 1
61 41 7 1
61 44 2 1
61 45 5 1
61 51 8 1
61 79 3 1
61 82 3 1
61 97 2 1
61 104 5 1
61 134 3 1
61 144 4 1
61 152 8 1
61 198 2 1
62 1 2 1
62 14 7 1
62 16 1 1
62 30 4 1
62 54 1 1
62 56 1 1
62 57 4 1
62 66 4 1
62 76 5 1
62 96 8 1
62 103 3 1
62 136 5 1
62 143 5 1
62 145 4 1
62 157 4 1
62 168 5 1
62 199 3 1
63 0 2 1
63 6 8 1
63 7 8 1
63 26 6 1
63 28 8 1
63 38 7 1
63 46 8 1
63 60 4 1
63 86 8 1
63 91 5 1
63 94 2 1
63 95 6 1
63 99 3 1
63 108 6 1
63 117 4 1
63 145 5 1
63 156 7 1
63 157 3 1
63 159 3 1
63 160 2 1
63 162 8 1
63 177 7 1
63 179 3 1
63 183 8 1
64 1 1 1
64 14 1 1
64 27 4 1
64 30 3 1
64 34 3 1
64 42 4 1
64 54 6 1
64 56 1 1
64 62 7 1
64 66 5 1
64 76 3 1
64 123 2 1
64 124 6 1
64 131 1 1
64 136 3 1
64 143 4 1
64 145 4 1
64 146 2 1
64 148 1 1
64 150 4 1
64 158 1 1
64 159 1 1
64 160 4 1
64 177 3 1
64 187 5 1
64 199 7 1
65 27 2 1
65 29 3 1
65 47 8 1
65 48 5 1
65 50 7 1
65 73 7 1
65 121 2 1
65 142 4 1
65 151 4 1
65 189 5 1
65 193 7 1
65 199 1 1
66 5 6 1
66 18 1 1
66 23 6 1
66 28 3 1
66 42 5 1
66 57 5 1
66 76 1 1
66 96 1 1
66 103 6 1
66 111 6 1
66 124 8 1
66 145 3 1
66 148 7 1
66 150 4 1
66 157 2 1
66 158 8 1
66 160 3 1
66 177 7 1
67 3 8 1
67 22 5 1
67 34 5 1
67 38 2 1
67 70 6 1
67 72 2 1
67 81 3 1
67 86 7 1
67 96 1 1
67 99 3 1
67 104 7 1
67 130 5 1
67 140 7 1
67 147 4 1
67 154 5 1
67 159 5 1
67 161 3 1
67 179 7 1
67 180 5 1
67 190 5 1
67 192 4 1
67 195 6 1
68 6 1 1
68 24 1 1
68 46 8 1
68 87 5 1
68 92 2 1
68 110 8 1
68 129 7 1
68 156 4 1
68 182 7 1
68 183 3 1
68 186 8 1
68 196 1 1
69 21 7 1
69 29 2 1
69 30 2 1
69 48 6 1
69 50 6 1
69 67 4 1
69 96 4 1
69 99 7 1
69 107 6 1
69 112 5 1
69 119 5 1
69 130 2 1
69 131 8 1
69 142 2 1
69 161 2 1
69 169 7 1
69 174 8 1
69 177 5 1
69 185 4 1
69 188 8 1
69 193 5 1
69 195 8 1
69 199 5 1
70 19 5 1
70 22 5 1
70 25 1 1
70 49 5 1
70 53 4 1
70 58 1 1
70 65 2 1
70 69 2 1
70 72 2 1
70 83 2 1
70 99 8 1
70 106 8 1
70 107 5 1
70 127 5 1
70 131 5 1
70 133 7 1
70 140 3 1
70 142 3 1
70 147 8 1
70 169 6 1
70 172 4 1
70 176 3 1
71 9 8 1
71 12 8 1
71 20 2 1
71 38 7 1
71 46 6 1
71 59 5 1
71 114 7 1
71 125 3 1
71 137 4 1
71 138 7 1
71 156 6 1
71 171 5 1
71 178 6 1
71 182 2 1
71 186 2 1
71 194 7 1
71 196 8 1
72 35 5 1
72 46 1 1
72 58 3 1
72 59 1 1
72 60 5 1
72 63 6 1
72 69 1 1
72 77 6 1
72 86 5 1
72 89 2 1
72 96 7 1
72 107 3 1
72 115 5 1
72 134 5 1
72 140 1 1
72 154 6 1
72 162 1 1
72 165 7 1
72 169 2 1
72 176 6 1
72 177 8 1
72 190 5 1
72 194 5 1
73 7 6 1
73 14 3 1
73 30 7 1
73 48 5 1
73 49 6 1
73 52 7 1
73 54 1 1
73 64 7 1
73 69 3 1
73 70 8 1
73 96 4 1
73 111 6 1
73 112 8 1
73 121 3 1
73 126 1 1
73 142 4 1
73 143 5 1
73 148 5 1
73 153 8 1
73 176 5 1
73 177 5 1
73 193 4 1
73 199 5 1
74 2 8 1
74 12 4 1
74 20 2 1
74 37 3 1
74 43 2 1
74 46 7 1
74 59 6 1
74 75 7 1
74 86 6 1
74 87 2 1
74 89 5 1
74 94 8 1
74 114 3 1
74 129 6 1
74 134 3 1
74 155 1 1
74 165 8 1
74 167 2 1
74 178 1 1
74 186 5 1
75 4 7 1
75 12 1 1
75 17 1 1
75 37 2 1
75 38 4 1
75 39 3 1
75 55 8 1
75 60 8 1
75 68 8 1
75 71 8 1
75 86 4 1
75 87 5 1
75 88 6 1
75 94 2 1
75 101 5 1
75 110 7 1
75 116 6 1
75 129 5 1
75 137 4 1
75 156 8 1
75 171 4 1
75 183 8 1
76 5 5 1
76 7 1 1
76 13 1 1
76 16 7 1
76 40 2 1
76 42 1 1
76 78 4 1
76 102 6 1
76 103 7 1
76 124 1 1
76 146 6 1
76 148 6 1
76 157 6 1
77 12 5 1
77 38 5 1
77 43 3 1
77 58 5 1
77 59 7 1
77 60 8 1
77 63 4 1
77 67 1 1
77 75 6 1
77 88 1 1
77 91 3 1
77 118 7 1
77 132 4 1
77 137 3 1
77 170 7 1
77 171 2 1
77 179 2 1
77 183 2 1
77 186 5 1
77 191 3 1
77 197 2 1
78 36 1 1
78 57 3 1
78 66 6 1
78 124 4 1
78 141 7 1
79 8 7 1
79 11 8 1
79 41 4 1
79 53 7 1
79 104 7 1
79 105 4 1
79 106 4 1
79 119 6 1
79 128 6 1
79 139 8 1
79 149 3 1
79 161 1 1
79 163 8 1
79 169 8 1
79 174 4 1
79 198 8 1
80 1 2 1
80 52 6 1
80 64 7 1
80 65 3 1
80 73 1 1
80 112 5 1
80 121 8 1
80 123 2 1
80 140 2 1
80 166 5 1
80 177 2 1
80 199 4 1
81 21 3 1
81 25 8 1
81 27 4 1
81 29 4 1
81 30 5 1
81 32 2 1
81 65 1 1
81 69 3 1
81 107 2 1
81 119 1 1
81 127 6 1
81 133 1 1
81 151 8 1
81 162 5 1
81 176 1 1
81 180 5 1
81 185 8 1
81 190 6 1
81 193 6 1
81 195 8 1
82 15 3 1
82 33 6 1
82 45 6 1
82 74 3 1
82 85 1 1
82 109 5 1
82 118 1 1
82 138 8 1
82 144 1 1
82 149 7 1
82 152 8 1
83 14 7 1
83 19 7 1
83 21 7 1
83 27 7 1
83 29 3 1
83 35 1 1
83 47 1 1
83 49 2 1
83 53 8 1
83 56 2 1
83 65 5 1
83 67 5 1
83 69 2 1
83 73 1 1
83 81 1 1
83 96 6 1
83 106 5 1
83 112 1 1
83 123 8 1
83 130 7 1
83 147 6 1
83 154 1 1
83 161 6 1
83 169 1 1
83 172 6 1
83 176 6 1
83 179 8 1
83 180 4 1
83 185 6 1
83 188 1 1
83 189 3 1
83 190 4 1
83 193 7 1
84 12 5 1
84 22 1 1
84 33 4 1
84 38 8 1
84 60 4 1
84 63 7 1
84 67 2 1
84 71 4 1
84 72 6 1
84 74 4 1
84 77 3 1
84 82 4 1
84 87 1 1
84 89 8 1
84 91 2 1
84 95 3 1
84 104 7 1
84 106 7 1
84 109 3 1
84 113 2 1
84 118 2 1
84 128 7 1
84 137 4 1
84 154 6 1
84 179 7 1
84 197 4 1
85 3 4 1
85 15 5 1
85 22 1 1
85 44 4 1
85 45 2 1
85 61 4 1
85 79 7 1
85 89 3 1
85 97 2 1
85 100 5 1
85 122 5 1
85 128 5 1
85 169 8 1
85 173 4 1
85 175 5 1
85 198 1 1
86 43 5 1
86 46 7 1
86 59 8 1
86 60 3 1
86 84 3 1
86 87 3 1
86 91 6 1
86 98 1 1
86 101 7 1
86 113 2 1
86 115 8 1
86 118 2 1
86 129 2 1
86 132 1 1
86 134 6 1
86 138 7 1
86 155 6 1
86 156 1 1
86 165 2 1
86 167 8 1
86 170 2 1
86 185 5 1
86 186 3 1
86 190 5 1
86 196 7 1
87 2 7 1
87 17 6 1
87 26 2 1
87 31 3 1
87 37 2 1
87 38 5 1
87 43 4 1
87 55 6 1
87 59 3 1
87 71 5 1
87 77 4 1
87 91 8 1
87 114 2 1
87 125 7 1
87 135 2 1
87 137 7 1
87 156 6 1
87 171 6 1
87 186 3 1
87 194 5 1
87 196 2 1
87 197 7 1
88 20 6 1
88 38 5 1
88 43 2 1
88 46 4 1
88 58 1 1
88 59 6 1
88 60 2 1
88 63 4 1
88 67 3 1
88 71 7 1
88 72 3 1
88 74 1 1
88 84 8 1
88 86 3 1
88 87 6 1
88 94 6 1
88 113 8 1
88 114 1 1
88 132 3 1
88 134 6 1
88 137 6 1
88 138 7 1
88 167 4 1
88 178 1 1
88 186 3 1
89 12 3 1
89 15 6 1
89 22 4 1
89 38 3 1
89 45 7 1
89 59 8 1
89 61 4 1
89 67 5 1
89 82 2 1
89 86 2 1
89 88 7 1
89 98 1 1
89 100 7 1
89 109 4 1
89 114 5 1
89 115 4 1
89 152 4 1
89 161 5 1
89 163 5 1
89 184 1 1
89 194 7 1
89 198 2 1
90 4 3 1
90 24 7 1
90 26 8 1
90 39 2 1
90 68 5 1
90 75 4 1
90 77 8 1
90 87 7 1
90 108 1 1
90 110 2 1
90 116 3 1
90 117 4 1
90 125 6 1
90 132 7 1
90 156 6 1
90 170 2 1
90 171 5 1
90 182 1 1
90 183 1 1
90 191 1 1
91 20 6 1
91 23 2 1
91 26 4 1
91 34 8 1
91 40 5 1
91 43 7 1
91 49 1 1
91 67 4 1
91 72 3 1
91 88 1 1
91 94 7 1
91 95 3 1
91 99 3 1
91 102 6 1
91 117 8 1
91 137 7 1
91 141 5 1
91 145 7 1
91 148 3 1
91 158 5 1
91 160 6 1
91 165 7 1
91 177 3 1
91 185 2 1
91 191 4 1
91 197 7 1
92 0 8 1
92 5 7 1
92 6 5 1
92 10 4 1
92 18 4 1
92 24 4 1
92 28 1 1
92 57 5 1
92 66 5 1
92 78 8 1
92 90 6 1
92 93 7 1
92 103 7 1
92 110 4 1
92 116 8 1
92 120 3 1
92 146 4 1
92 150 1 1
92 157 7 1
92 168 6 1
93 16 1 1
93 24 7 1
93 36 6 1
93 42 7 1
93 62 6 1
93 66 8 1
93 78 1 1
93 102 8 1
93 103 6 1
93 141 7 1
93 157 1 1
94 2 8 1
94 17 5 1
94 26 7 1
94 55 5 1
94 59 7 1
94 77 8 1
94 86 4 1
94 87 3 1
94 90 3 1
94 95 8 1
94 113 5 1
94 116 8 1
94 132 3 1
94 135 4 1
94 137 3 1
94 155 8 1
94 164 3 1
94 170 7 1
94 183 7 1
94 197 1 1
95 10 7 1
95 12 2 1
95 19 8 1
95 38 1 1
95 46 2 1
95 56 6 1
95 59 4 1
95 72 6 1
95 74 5 1
95 77 2 1
95 86 3 1
95 87 8 1
95 88 7 1
95 98 6 1
95 99 8 1
95 104 4 1
95 106 6 1
95 118 8 1
95 138 1 1
95 159 7 1
95 162 3 1
95 172 3 1
95 184 8 1
95 186 3 1
95 196 4 1
95 197 4 1
96 10 5 1
96 14 8 1
96 18 8 1
96 28 8 1
96 42 4 1
96 47 5 1
96 54 4 1
96 60 3 1
96 63 2 1
96 64 6 1
96 81 2 1
96 103 5 1
96 108 8 1
96 123 1 1
96 143 7 1
96 145 1 1
96 148 3 1
96 150 3 1
96 154 8 1
96 172 2 1
96 176 1 1
96 179 4 1
96 185 4 1
96 192 7 1
97 15 6 1
97 41 5 1
97 45 5 1
97 51 8 1
97 79 3 1
97 82 3 1
97 122 5 1
97 144 1 1
97 198 2 1
98 2 5 1
98 12 1 1
98 17 2 1
98 37 7 1
98 38 2 1
98 43 7 1
98 46 1 1
98 74 4 1
98 75 2 1
98 77 3 1
98 84 2 1
98 94 6 1
98 113 6 1
98 114 2 1
98 125 8 1
98 129 4 1
98 132 3 1
98 137 3 1
98 156 2 1
98 165 7 1
98 171 2 1
98 181 3 1
98 182 7 1
98 184 5 1
98 186 6 1
98 191 8 1
98 197 7 1
99 7 4 1
99 14 1 1
99 18 6 1
99 22 8 1
99 34 7 1
99 35 6 1
99 40 3 1
99 49 2 1
99 56 8 1
99 58 2 1
99 60 7 1
99 72 5 1
99 77 3 1
99 81 2 1
99 83 7 1
99 84 3 1
99 96 4 1
99 101 6 1
99 136 1 1
99 137 4 1
99 143 7 1
99 148 4 1
99 154 8 1
99 169 3 1
99 172 2 1
99 179 6 1
99 180 4 1
99 185 8 1
99 190 4 1
100 19 7 1
100 44 6 1
100 59 7 1
100 61 2 1
100 82 2 1
100 97 6 1
100 109 5 1
100 118 1 1
100 138 6 1
100 152 7 1
100 163 2 1
100 169 4 1
100 178 8 1
100 198 4 1
101 12 8 1
101 18 3 1
101 19 7 1
101 34 5 1
101 46 4 1
101 59 2 1
101 67 3 1
101 74 1 1
101 77 6 1
101 84 2 1
101 87 1 1
101 88 3 1
101 89 4 1
101 91 2 1
101 94 4 1
101 95 7 1
101 98 3 1
101 113 8 1
101 118 6 1
101 136 3 1
101 137 4 1
101 159 1 1
101 167 5 1
101 172 6 1
101 185 2 1
101 194 1 1
101 196 5 1
101 197 7 1
102 23 6 1
102 26 1 1
102 36 5 1
102 56 3 1
102 57 6 1
102 62 4 1
102 64 4 1
102 111 3 1
102 143 4 1
102 146 1 1
102 157 4 1
102 160 5 1
102 177 2 1
103 13 7 1
103 14 5 1
103 18 7 1
103 23 4 1
103 28 6 1
103 30 2 1
103 102 8 1
103 141 4 1
103 145 5 1
103 148 7 1
103 150 4 1
103 168 4 1
103 177 1 1
103 199 5 1
104 3 2 1
104 8 5 1
104 11 7 1
104 19 3 1
104 32 8 1
104 33 7 1
104 35 4 1
104 58 4 1
104 82 5 1
104 100 3 1
104 105 5 1
104 106 7 1
104 109 8 1
104 115 3 1
104 118 3 1
104 119 8 1
104 149 3 1
104 161 2 1
104 167 5 1
104 172 7 1
104 175 1 1
104 176 6 1
104 185 3 1
104 190 8 1
104 194 4 1
104 198 2 1
105 11 7 1
105 35 5 1
105 41 4 1
105 53 2 1
105 69 1 1
105 70 1 1
105 81 6 1
105 106 4 1
105 107 7 1
105 115 3 1
105 127 2 1
105 163 3 1
105 169 4 1
105 172 2 1
105 175 4 1
105 176 4 1
106 8 2 1
106 22 5 1
106 44 3 1
106 67 5 1
106 69 4 1
106 81 5 1
106 89 7 1
106 119 1 1
106 126 5 1
106 127 6 1
106 134 5 1
106 139 4 1
106 147 5 1
106 169 5 1
106 172 2 1
106 190 3 1
107 19 3 1
107 25 4 1
107 32 2 1
107 50 8 1
107 67 5 1
107 73 7 1
107 106 7 1
107 115 2 1
107 119 4 1
107 121 5 1
107 133 1 1
107 139 4 1
107 140 1 1
107 147 8 1
107 154 3 1
107 159 4 1
107 162 8 1
107 169 4 1
107 172 8 1
107 174 4 1
107 179 2 1
107 185 2 1
107 188 6 1
107 190 5 1
107 199 7 1
108 10 3 1
108 13 8 1
108 16 8 1
108 18 3 1
108 20 4 1
108 24 5 1
108 26 1 1
108 28 7 1
108 34 6 1
108 36 1 1
108 40 7 1
108 56 5 1
108 60 3 1
108 62 3 1
108 64 2 1
108 66 4 1
108 77 2 1
108 91 4 1
108 92 4 1
108 103 6 1
108 110 1 1
108 116 4 1
108 120 1 1
108 129 5 1
108 158 2 1
108 168 2 1
108 183 6 1
108 191 8 1
108 196 7 1
109 22 7 1
109 33 2 1
109 45 5 1
109 59 1 1
109 61 8 1
109 85 3 1
109 97 7 1
109 115 2 1
109 118 7 1
109 122 5 1
109 128 1 1
109 144 7 1
109 149 3 1
109 165 6 1
109 178 2 1
109 190 1 1
110 0 8 1
110 23 1 1
110 26 5 1
110 116 3 1
110 117 3 1
110 120 7 1
110 145 3 1
110 181 2 1
110 182 2 1
110 183 1 1
110 191 8 1
111 13 7 1
111 28 6 1
111 30 8 1
111 40 2 1
111 42 5 1
111 47 8 1
111 49 8 1
111 52 7 1
111 54 3 1
111 76 6 1
111 80 8 1
111 96 2 1
111 103 7 1
111 131 6 1
111 140 3 1
111 147 3 1
111 148 5 1
111 157 5 1
111 158 5 1
111 177 8 1
111 199 8 1
112 21 2 1
112 29 5 1
112 48 6 1
112 52 2 1
112 65 8 1
112 70 4 1
112 81 7 1
112 107 7 1
112 123 1 1
112 126 6 1
112 130 5 1
112 133 8 1
112 147 8 1
112 151 4 1
112 153 6 1
112 174 3 1
112 193 1 1
113 10 2 1
113 12 1 1
113 22 2 1
113 33 7 1
113 40 3 1
113 43 8 1
113 49 5 1
113 60 8 1
113 63 4 1
113 67 5 1
113 72 8 1
113 89 2 1
113 91 5 1
113 95 3 1
113 96 6 1
113 99 3 1
113 108 5 1
113 117 7 1
113 118 3 1
113 129 6 1
113 131 2 1
113 134 4 1
113 137 7 1
113 155 6 1
113 162 3 1
113 184 7 1
113 185 5 1
113 190 4 1
113 194 2 1
113 196 7 1
113 197 7 1
114 9 7 1
114 12 1 1
114 31 5 1
114 38 2 1
114 55 8 1
114 86 4 1
114 94 6 1
114 101 8 1
114 135 6 1
114 165 6 1
114 167 3 1
114 170 6 1
114 186 8 1
115 20 6 1
115 22 5 1
115 32 1 1
115 44 3 1
115 53 4 1
115 67 7 1
115 69 4 1
115 70 3 1
115 83 2 1
115 88 4 1
115 95 8 1
115 101 4 1
115 106 2 1
115 113 7 1
115 122 2 1
115 130 3 1
115 154 4 1
115 179 4 1
116 4 8 1
116 6 6 1
116 10 8 1
116 39 2 1
116 46 7 1
116 63 6 1
116 68 2 1
116 71 1 1
116 77 8 1
116 87 8 1
116 132 2 1
116 170 8 1
116 183 3 1
116 191 8 1
116 196 5 1
116 197 1 1
117 4 4 1
117 6 1 1
117 13 4 1
117 20 1 1
117 23 2 1
117 26 4 1
117 46 8 1
117 68 6 1
117 75 2 1
117 77 7 1
117 92 4 1
117 102 8 1
117 108 8 1
117 136 4 1
117 141 5 1
117 146 6 1
117 150 3 1
117 171 4 1
117 183 4 1
117 186 2 1
118 9 8 1
118 12 8 1
118 15 8 1
118 19 5 1
118 20 5 1
118 33 3 1
118 38 5 1
118 44 2 1
118 58 2 1
118 59 8 1
118 60 7 1
118 72 6 1
118 74 8 1
118 87 7 1
118 88 4 1
118 89 3 1
118 91 7 1
118 94 6 1
118 98 6 1
118 115 7 1
118 132 1 1
118 134 4 1
118 137 6 1
118 167 1 1
118 178 8 1
118 184 2 1
118 190 4 1
119 11 2 1
119 22 6 1
119 32 5 1
119 53 2 1
119 70 3 1
119 83 2 1
119 105 5 1
119 115 4 1
119 122 3 1
119 139 1 1
119 149 7 1
119 154 5 1
119 161 6 1
119 169 2 1
119 175 5 1
119 176 5 1
119 189 6 1
119 190 5 1
120 1 1 1
120 5 5 1
120 16 7 1
120 24 7 1
120 36 7 1
120 42 7 1
120 62 7 1
120 66 4 1
120 76 7 1
120 78 4 1
120 93 3 1
120 102 3 1
120 103 2 1
120 124 4 1
120 141 3 1
120 146 7 1
120 158 3 1
121 27 7 1
121 29 6 1
121 30 7 1
121 50 7 1
121 69 2 1
121 70 5 1
121 83 2 1
121 111 6 1
121 127 1 1
121 151 6 1
121 176 1 1
121 180 1 1
121 199 1 1
122 8 5 1
122 22 1 1
122 35 2 1
122 44 2 1
122 45 5 1
122 53 1 1
122 58 5 1
122 61 8 1
122 82 2 1
122 100 4 1
122 104 4 1
122 105 1 1
122 106 7 1
122 134 7 1
122 139 7 1
122 149 6 1
122 169 2 1
122 195 1 1
123 14 2 1
123 21 4 1
123 27 5 1
123 30 2 1
123 47 1 1
123 50 7 1
123 52 5 1
123 54 7 1
123 65 1 1
123 69 2 1
123 70 6 1
123 73 4 1
123 81 4 1
123 111 8 1
123 121 1 1
123 126 4 1
123 133 6 1
123 140 7 1
123 147 8 1
123 162 4 1
123 179 5 1
124 5 7 1
124 7 2 1
124 13 6 1
124 42 4 1
124 54 4 1
124 57 1 1
124 62 3 1
124 93 1 1
124 103 7 1
124 111 1 1
124 141 3 1
124 158 5 1
124 160 4 1
125 4 1 1
125 31 1 1
125 37 3 1
125 39 4 1
125 46 3 1
125 59 5 1
125 68 3 1
125 74 5 1
125 75 6 1
125 86 3 1
125 94 3 1
125 114 3 1
125 116 4 1
125 132 7 1
125 135 2 1
125 170 8 1
125 191 2 1
126 27 7 1
126 29 8 1
126 32 3 1
126 35 7 1
126 48 6 1
126 49 5 1
126 50 8 1
126 52 6 1
126 65 2 1
126 67 7 1
126 69 2 1
126 70 1 1
126 81 8 1
126 96 6 1
126 99 1 1
126 107 5 1
126 121 3 1
126 127 2 1
126 130 2 1
126 131 1 1
126 133 3 1
126 142 6 1
126 143 5 1
126 153 4 1
126 162 4 1
126 180 5 1
126 189 8 1
126 193 5 1
126 199 4 1
127 27 6 1
127 32 7 1
127 47 2 1
127 53 3 1
127 65 1 1
127 112 8 1
127 123 2 1
127 130 6 1
127 142 7 1
127 153 3 1
128 3 1 1
128 11 1 1
128 15 8 1
128 19 8 1
128 33 8 1
128 41 1 1
128 53 5 1
128 58 7 1
128 61 4 1
128 82 7 1
128 89 5 1
128 97 7 1
128 100 4 1
128 105 8 1
128 115 7 1
128 119 5 1
128 122 1 1
128 134 3 1
128 144 1 1
128 149 5 1
128 152 6 1
128 154 6 1
128 173 1 1
128 190 6 1
128 198 7 1
129 4 4 1
129 17 2 1
129 18 2 1
129 20 6 1
129 37 1 1
129 39 4 1
129 43 6 1
129 46 1 1
129 63 6 1
129 77 4 1
129 87 3 1
129 88 4 1
129 91 5 1
129 94 8 1
129 95 1 1
129 101 4 1
129 110 8 1
129 117 7 1
129 118 5 1
129 125 4 1
129 164 4 1
129 170 8 1
129 171 4 1
129 183 6 1
129 186 2 1
129 191 3 1
129 194 6 1
130 21 1 1
130 29 6 1
130 35 7 1
130 48 6 1
130 53 5 1
130 70 3 1
130 81 6 1
130 105 1 1
130 107 6 1
130 119 5 1
130 121 3 1
130 133 8 1
130 147 3 1
130 154 4 1
130 162 5 1
130 163 4 1
130 172 5 1
130 174 8 1
130 188 4 1
130 190 8 1
130 195 3 1
131 14 7 1
131 18 7 1
131 21 3 1
131 30 5 1
131 34 1 1
131 35 1 1
131 40 6 1
131 60 7 1
131 67 4 1
131 72 6 1
131 73 4 1
131 81 2 1
131 83 2 1
131 91 3 1
131 96 2 1
131 99 2 1
131 106 7 1
131 107 1 1
131 121 4 1
131 133 6 1
131 154 4 1
131 159 5 1
131 172 6 1
131 176 4 1
131 187 4 1
131 188 1 1
132 2 1 1
132 20 4 1
132 37 8 1
132 39 6 1
132 43 2 1
132 46 2 1
132 59 4 1
132 60 3 1
132 63 1 1
132 68 2 1
132 87 6 1
132 91 3 1
132 95 2 1
132 114 7 1
132 117 2 1
132 129 6 1
132 155 5 1
132 156 6 1
132 178 8 1
132 181 8 1
132 197 7 1
133 27 1 1
133 29 3 1
133 47 4 1
133 65 1 1
133 69 4 1
133 73 5 1
133 83 8 1
133 105 5 1
133 119 7 1
133 127 6 1
133 147 2 1
133 174 7 1
133 176 6 1
133 180 3 1
133 193 5 1
133 195 6 1
134 12 7 1
134 22 2 1
134 45 7 1
134 67 2 1
134 84 3 1
134 89 1 1
134 98 5 1
134 101 1 1
134 109 5 1
134 154 3 1
134 155 2 1
134 161 8 1
134 172 4 1
134 185 6 1
134 190 8 1
135 12 5 1
135 31 2 1
135 39 7 1
135 46 4 1
135 68 6 1
135 71 2 1
135 75 7 1
135 116 2 1
135 132 4 1
135 182 4 1
135 186 4 1
136 0 6 1
136 7 1 1
136 14 2 1
136 18 8 1
136 23 4 1
136 63 8 1
136 88 2 1
136 91 2 1
136 95 8 1
136 96 1 1
136 102 2 1
136 103 8 1
136 108 1 1
136 113 1 1
136 131 6 1
136 137 2 1
136 140 3 1
136 141 6 1
136 145 7 1
136 146 1 1
136 150 1 1
136 154 7 1
136 160 8 1
136 162 1 1
136 177 2 1
136 179 5 1
136 192 3 1
136 199 1 1
137 12 3 1
137 20 6 1
137 26 7 1
137 38 2 1
137 58 7 1
137 59 3 1
137 60 4 1
137 63 3 1
137 72 1 1
137 74 6 1
137 86 7 1
137 89 1 1
137 95 8 1
137 115 4 1
137 125 6 1
137 129 1 1
137 134 7 1
137 138 4 1
137 155 6 1
137 178 3 1
137 191 8 1
138 12 2 1
138 17 7 1
138 20 5 1
138 38 2 1
138 43 7 1
138 59 8 1
138 84 5 1
138 89 1 1
138 114 7 1
138 118 7 1
138 132 7 1
139 19 8 1
139 25 6 1
139 33 5 1
139 35 5 1
139 53 8 1
139 104 6 1
139 105 6 1
139 127 6 1
139 128 4 1
139 130 2 1
139 161 6 1
139 163 4 1
139 176 1 1
139 190 4 1
140 34 7 1
140 40 3 1
140 47 7 1
140 50 6 1
140 64 8 1
140 65 2 1
140 73 7 1
140 81 7 1
140 96 5 1
140 121 3 1
140 126 7 1
140 133 1 1
140 147 6 1
140 148 6 1
140 162 4 1
140 176 7 1
140 185 5 1
140 188 2 1
140 199 2 1
141 0 2 1
141 10 2 1
141 13 2 1
141 34 4 1
141 36 7 1
141 42 3 1
141 63 8 1
141 64 6 1
141 66 1 1
141 76 8 1
141 92 2 1
141 108 7 1
141 110 1 1
141 148 5 1
141 157 8 1
141 158 2 1
141 183 8 1
142 29 6 1
142 32 2 1
142 81 4 1
142 83 4 1
142 112 7 1
142 121 7 1
142 147 1 1
142 166 8 1
142 188 6 1
143 18 6 1
143 27 6 1
143 28 6 1
143 34 6 1
143 42 2 1
143 47 7 1
143 49 3 1
143 56 5 1
143 66 8 1
143 70 8 1
143 80 5 1
143 83 7 1
143 103 1 1
143 111 8 1
143 123 5 1
143 157 7 1
143 159 1 1
143 177 4 1
143 192 4 1
143 199 2 1
144 11 7 1
144 44 4 1
144 79 4 1
144 85 6 1
144 104 8 1
144 122 7 1
144 152 8 1
144 175 5 1
145 6 4 1
145 16 5 1
145 23 3 1
145 26 1 1
145 28 3 1
145 34 7 1
145 40 2 1
145 57 6 1
145 76 4 1
145 92 3 1
145 93 4 1
145 124 3 1
145 146 7 1
145 148 6 1
145 150 5 1
145 156 3 1
145 157 3 1
145 160 6 1
145 168 5 1
145 177 3 1
145 183 1 1
146 23 5 1
146 26 8 1
146 30 7 1
146 34 2 1
146 56 8 1
146 62 3 1
146 63 2 1
146 66 6 1
146 77 8 1
146 96 5 1
146 103 1 1
146 108 2 1
146 111 7 1
146 124 1 1
146 131 1 1
146 140 6 1
146 141 5 1
146 143 2 1
146 148 2 1
146 150 1 1
146 158 2 1
146 162 6 1
146 168 2 1
146 177 5 1
146 187 2 1
146 199 8 1
147 14 2 1
147 29 7 1
147 32 8 1
147 35 1 1
147 47 7 1
147 48 4 1
147 49 4 1
147 52 3 1
147 65 1 1
147 69 3 1
147 80 7 1
147 81 3 1
147 96 4 1
147 99 2 1
147 121 1 1
147 126 3 1
147 143 3 1
147 153 2 1
147 162 2 1
147 179 3 1
147 180 7 1
147 192 7 1
147 195 6 1
147 199 2 1
148 0 7 1
148 1 7 1
148 7 7 1
148 10 6 1
148 13 5 1
148 16 4 1
148 27 1 1
148 28 5 1
148 34 6 1
148 42 1 1
148 63 8 1
148 108 5 1
148 120 4 1
148 131 6 1
148 136 1 1
148 143 7 1
148 157 1 1
148 160 6 1
148 168 3 1
148 177 7 1
148 179 2 1
148 187 8 1
149 11 2 1
149 19 1 1
149 22 5 1
149 44 4 1
149 45 5 1
149 53 3 1
149 89 8 1
149 97 3 1
149 105 6 1
149 106 5 1
149 115 3 1
149 134 5 1
149 139 6 1
149 161 8 1
149 169 4 1
149 190 2 1
149 198 2 1
150 13 4 1
150 16 5 1
150 23 3 1
150 28 3 1
150 42 8 1
150 54 7 1
150 57 8 1
150 62 8 1
150 63 5 1
150 76 2 1
150 93 2 1
150 110 3 1
150 120 3 1
150 124 7 1
150 141 6 1
150 143 2 1
150 148 2 1
150 158 7 1
150 183 4 1
151 21 6 1
151 52 5 1
151 73 4 1
151 126 1 1
151 142 5 1
151 147 6 1
151 153 4 1
151 166 3 1
151 193 3 1
152 3 4 1
152 22 5 1
152 33 1 1
152 45 1 1
152 51 3 1
152 97 3 1
152 104 5 1
152 109 2 1
152 138 8 1
152 149 6 1
152 178 6 1
152 198 5 1
153 29 5 1
153 47 4 1
153 65 5 1
153 121 7 1
153 188 7 1
153 189 4 1
154 3 2 1
154 8 1 1
154 19 7 1
154 38 2 1
154 49 8 1
154 58 5 1
154 81 1 1
154 86 4 1
154 89 2 1
154 95 6 1
154 101 8 1
154 104 4 1
154 105 4 1
154 106 2 1
154 118 4 1
154 122 5 1
154 139 5 1
154 140 5 1
154 149 2 1
154 162 5 1
154 172 1 1
154 179 2 1
154 180 2 1
154 184 4 1
154 185 7 1
155 2 8 1
155 4 2 1
155 9 4 1
155 15 2 1
155 43 3 1
155 46 5 1
155 71 6 1
155 72 6 1
155 77 3 1
155 84 4 1
155 87 1 1
155 89 6 1
155 91 6 1
155 98 6 1
155 115 4 1
155 118 8 1
155 138 5 1
155 167 1 1
155 170 6 1
155 181 7 1
155 184 3 1
155 197 6 1
156 0 8 1
156 24 2 1
156 26 7 1
156 77 2 1
156 88 3 1
156 91 2 1
156 92 6 1
156 94 6 1
156 101 3 1
156 108 2 1
156 110 8 1
156 125 5 1
156 137 7 1
156 160 8 1
156 168 5 1
156 170 3 1
156 183 4 1
157 0 6 1
157 1 4 1
157 6 7 1
157 10 4 1
157 13 1 1
157 14 1 1
157 23 2 1
157 34 2 1
157 42 3 1
157 54 1 1
157 57 2 1
157 64 3 1
157 78 1 1
157 96 3 1
157 103 5 1
157 117 8 1
157 124 1 1
157 136 1 1
157 146 2 1
157 150 8 1
157 158 5 1
157 160 4 1
157 177 6 1
157 199 4 1
158 1 4 1
158 7 2 1
158 13 3 1
158 23 1 1
158 24 6 1
158 26 6 1
158 28 3 1
158 36 2 1
158 42 4 1
158 57 3 1
158 62 5 1
158 63 3 1
158 92 1 1
158 96 1 1
158 102 1 1
158 103 7 1
158 117 6 1
158 131 2 1
158 136 3 1
158 140 8 1
158 143 7 1
158 145 1 1
158 148 1 1
158 160 8 1
158 177 6 1
159 10 5 1
159 18 7 1
159 38 6 1
159 43 7 1
159 58 6 1
159 69 6 1
159 70 5 1
159 77 7 1
159 83 7 1
159 84 4 1
159 86 3 1
159 88 4 1
159 96 1 1
159 99 3 1
159 106 3 1
159 108 3 1
159 115 5 1
159 136 6 1
159 137 7 1
159 148 6 1
159 154 7 1
159 172 8 1
159 176 8 1
159 184 8 1
159 185 6 1
159 194 4 1
160 0 4 1
160 13 1 1
160 16 7 1
160 23 7 1
160 36 2 1
160 42 8 1
160 60 8 1
160 77 3 1
160 92 3 1
160 93 7 1
160 103 7 1
160 108 2 1
160 110 5 1
160 117 2 1
160 120 4 1
160 141 1 1
160 150 6 1
160 159 6 1
160 183 4 1
160 187 5 1
160 191 7 1
161 3 8 1
161 8 2 1
161 11 1 1
161 25 2 1
161 70 7 1
161 81 8 1
161 85 7 1
161 105 6 1
161 106 8 1
161 107 6 1
161 122 2 1
161 127 3 1
161 128 4 1
161 130 2 1
161 154 3 1
161 172 7 1
161 173 7 1
161 180 6 1
161 185 4 1
161 190 6 1
161 192 7 1
161 195 8 1
162 14 8 1
162 20 1 1
162 22 3 1
162 34 3 1
162 35 2 1
162 38 8 1
162 40 5 1
162 49 6 1
162 56 1 1
162 67 2 1
162 70 4 1
162 77 1 1
162 83 2 1
162 84 3 1
162 88 5 1
162 96 1 1
162 99 2 1
162 101 1 1
162 106 1 1
162 115 7 1
162 131 4 1
162 137 7 1
162 143 1 1
162 159 2 1
162 176 2 1
162 179 2 1
162 180 8 1
162 184 2 1
162 185 1 1
162 187 5 1
162 190 6 1
162 195 5 1
162 199 8 1
163 22 7 1
163 25 2 1
163 35 2 1
163 44 2 1
163 61 8 1
163 85 3 1
163 97 1 1
163 104 6 1
163 106 7 1
163 109 6 1
163 115 5 1
163 119 7 1
163 122 7 1
163 134 3 1
163 144 8 1
163 161 8 1
163 169 1 1
163 176 5 1
163 198 4 1
164 2 8 1
164 31 4 1
164 39 7 1
164 46 3 1
164 68 5 1
164 71 1 1
164 75 3 1
164 87 2 1
164 98 6 1
164 116 4 1
164 125 3 1
164 132 3 1
164 135 2 1
164 156 2 1
164 181 3 1
164 191 2 1
165 2 6 1
165 12 6 1
165 15 6 1
165 17 2 1
165 33 2 1
165 38 7 1
165 59 2 1
165 71 6 1
165 75 8 1
165 77 1 1
165 84 8 1
165 87 1 1
165 88 6 1
165 89 2 1
165 95 6 1
165 101 8 1
165 113 7 1
165 115 1 1
165 118 6 1
165 132 3 1
165 134 1 1
165 137 4 1
165 138 6 1
165 184 4 1
165 186 3 1
165 197 4 1
166 21 7 1
166 52 6 1
166 73 8 1
166 111 2 1
166 112 2 1
166 126 1 1
166 147 2 1
166 153 3 1
166 189 3 1
167 17 5 1
167 33 2 1
167 59 5 1
167 82 7 1
167 84 2 1
167 95 4 1
167 98 4 1
167 109 6 1
167 134 4 1
167 138 1 1
167 152 1 1
167 184 1 1
167 194 1 1
167 197 5 1
167 198 5 1
168 0 3 1
168 6 7 1
168 10 2 1
168 13 6 1
168 24 8 1
168 26 4 1
168 28 6 1
168 34 2 1
168 36 6 1
168 40 1 1
168 63 4 1
168 77 4 1
168 90 1 1
168 91 3 1
168 94 3 1
168 96 2 1
168 110 4 1
168 113 3 1
168 116 3 1
168 117 7 1
168 120 4 1
168 129 3 1
168 137 4 1
168 141 8 1
168 150 7 1
168 157 4 1
168 158 6 1
168 160 6 1
168 181 3 1
168 183 7 1
168 191 1 1
169 8 3 1
169 11 2 1
169 25 4 1
169 41 2 1
169 84 2 1
169 104 1 1
169 128 5 1
169 130 3 1
169 152 1 1
169 154 4 1
169 161 2 1
169 162 1 1
169 174 5 1
169 180 3 1
169 185 5 1
169 190 4 1
169 192 2 1
169 195 4 1
169 198 2 1
170 9 5 1
170 20 1 1
170 37 2 1
170 39 4 1
170 43 1 1
170 55 7 1
170 59 8 1
170 68 8 1
170 71 4 1
170 74 3 1
170 75 7 1
170 87 2 1
170 88 1 1
170 101 5 1
170 132 7 1
170 135 8 1
170 137 7 1
170 138 8 1
170 164 5 1
170 165 6 1
170 178 4 1
170 181 5 1
170 182 1 1
170 186 1 1
170 197 8 1
171 4 2 1
171 37 7 1
171 39 6 1
171 68 2 1
171 94 2 1
171 110 5 1
171 116 8 1
171 125 8 1
171 132 6 1
171 135 1 1
171 137 8 1
171 164 7 1
171 181 5 1
172 3 2 1
172 35 8 1
172 38 7 1
172 44 2 1
172 49 6 1
172 53 7 1
172 58 1 1
172 67 5 1
172 69 1 1
172 88 7 1
172 89 3 1
172 113 7 1
172 115 7 1
172 118 5 1
172 128 8 1
172 149 5 1
172 162 3 1
172 169 5 1
172 176 2 1
172 184 5 1
172 192 7 1
173 3 1 1
173 11 5 1
173 51 5 1
173 53 8 1
173 61 5 1
173 97 8 1
173 105 4 1
173 119 1 1
173 122 7 1
173 139 4 1
173 144 7 1
173 149 2 1
173 169 4 1
174 8 7 1
174 21 2 1
174 25 5 1
174 53 3 1
174 70 4 1
174 83 3 1
174 105 8 1
174 106 4 1
174 119 1 1
174 126 5 1
174 127 6 1
174 139 2 1
174 161 1 1
174 189 1 1
175 3 7 1
175 8 2 1
175 25 5 1
175 41 7 1
175 44 3 1
175 45 7 1
175 61 8 1
175 79 4 1
175 97 8 1
175 122 3 1
175 128 8 1
175 139 8 1
175 149 3 1
175 161 1 1
175 163 1 1
175 169 8 1
175 173 4 1
175 195 7 1
175 198 5 1
176 19 7 1
176 29 5 1
176 32 5 1
176 33 5 1
176 35 1 1
176 47 4 1
176 49 8 1
176 67 7 1
176 69 4 1
176 99 8 1
176 106 1 1
176 115 1 1
176 123 4 1
176 126 7 1
176 127 2 1
176 130 2 1
176 142 5 1
176 147 6 1
176 154 5 1
176 169 2 1
176 174 8 1
176 188 2 1
176 192 2 1
176 195 6 1
177 7 3 1
177 10 8 1
177 34 8 1
177 42 3 1
177 49 4 1
177 50 8 1
177 62 7 1
177 67 8 1
177 70 3 1
177 83 4 1
177 96 6 1
177 99 6 1
177 108 6 1
177 123 7 1
177 126 3 1
177 140 8 1
177 147 5 1
177 159 5 1
177 162 6 1
177 179 8 1
177 185 6 1
177 187 5 1
178 9 1 1
178 20 1 1
178 38 6 1
178 43 2 1
178 84 3 1
178 86 3 1
178 89 2 1
178 101 4 1
178 114 8 1
178 138 7 1
178 155 7 1
178 167 8 1
178 194 8 1
179 10 5 1
179 14 5 1
179 19 4 1
179 20 3 1
179 22 4 1
179 33 5 1
179 38 8 1
179 60 2 1
179 69 1 1
179 70 4 1
179 72 8 1
179 95 2 1
179 101 6 1
179 106 1 1
179 113 6 1
179 126 1 1
179 130 8 1
179 131 2 1
179 137 6 1
179 140 7 1
179 143 2 1
179 159 3 1
179 172 8 1
179 176 3 1
179 187 4 1
179 190 4 1
179 192 6 1
179 194 6 1
180 19 1 1
180 21 6 1
180 22 2 1
180 25 3 1
180 48 5 1
180 69 3 1
180 70 6 1
180 105 4 1
180 123 2 1
180 127 2 1
180 139 4 1
180 140 2 1
180 142 1 1
180 151 8 1
180 163 2 1
180 172 4 1
180 174 2 1
180 176 6 1
180 179 5 1
180 185 6 1
181 10 1 1
181 12 3 1
181 39 2 1
181 68 7 1
181 71 4 1
181 77 6 1
181 87 1 1
181 94 3 1
181 108 2 1
181 117 4 1
181 129 5 1
181 137 4 1
181 156 2 1
181 183 7 1
181 191 6 1
181 196 6 1
182 6 5 1
182 37 2 1
182 39 7 1
182 75 4 1
182 87 4 1
182 117 7 1
182 125 8 1
182 132 2 1
182 156 2 1
182 186 5 1
182 196 2 1
182 197 3 1
183 0 5 1
183 6 8 1
183 18 1 1
183 23 5 1
183 26 3 1
183 92 5 1
183 171 2 1
183 187 3 1
184 12 1 1
184 19 1 1
184 44 8 1
184 60 3 1
184 67 5 1
184 72 2 1
184 74 7 1
184 77 4 1
184 82 6 1
184 84 4 1
184 86 2 1
184 88 3 1
184 100 5 1
184 104 4 1
184 122 4 1
184 128 8 1
184 134 4 1
184 137 6 1
184 138 3 1
184 149 5 1
184 152 3 1
184 169 7 1
184 178 3 1
184 179 3 1
184 185 5 1
184 197 8 1
185 3 8 1
185 20 1 1
185 22 8 1
185 33 5 1
185 34 2 1
185 35 5 1
185 58 2 1
185 60 1 1
185 63 8 1
185 67 2 1
185 70 3 1
185 72 2 1
185 77 2 1
185 84 1 1
185 89 4 1
185 95 8 1
185 115 3 1
185 118 3 1
185 130 8 1
185 136 5 1
185 137 6 1
185 176 2 1
185 179 1 1
185 195 4 1
186 2 5 1
186 10 7 1
186 12 3 1
186 17 2 1
186 20 4 1
186 37 1 1
186 38 6 1
186 39 8 1
186 55 2 1
186 60 6 1
186 63 7 1
186 84 7 1
186 94 1 1
186 101 8 1
186 118 2 1
186 125 8 1
186 132 2 1
186 137 5 1
186 155 5 1
186 156 4 1
186 164 4 1
186 171 4 1
186 181 5 1
186 191 3 1
186 196 4 1
186 197 6 1
187 0 5 1
187 16 5 1
187 60 8 1
187 62 2 1
187 66 1 1
187 77 3 1
187 91 5 1
187 92 2 1
187 103 4 1
187 108 1 1
187 110 5 1
187 120 7 1
187 141 2 1
187 143 8 1
187 145 3 1
187 150 7 1
187 156 3 1
187 157 8 1
187 158 8 1
187 191 6 1
188 14 3 1
188 21 1 1
188 27 6 1
188 29 6 1
188 47 5 1
188 65 6 1
188 70 7 1
188 111 8 1
188 112 7 1
188 121 8 1
188 123 1 1
188 126 4 1
188 127 8 1
188 133 4 1
188 147 2 1
188 151 2 1
188 166 8 1
188 180 3 1
188 193 7 1
189 25 5 1
189 27 4 1
189 30 2 1
189 47 2 1
189 49 5 1
189 52 7 1
189 53 4 1
189 69 2 1
189 70 4 1
189 73 8 1
189 106 5 1
189 107 1 1
189 112 1 1
189 121 3 1
189 127 4 1
189 130 2 1
189 131 1 1
189 133 8 1
189 176 4 1
189 188 2 1
189 193 1 1
190 3 7 1
190 20 1 1
190 32 3 1
190 35 3 1
190 38 7 1
190 44 6 1
190 56 4 1
190 58 2 1
190 69 1 1
190 84 5 1
190 89 8 1
190 91 2 1
190 95 2 1
190 101 7 1
190 122 5 1
190 131 4 1
190 136 3 1
190 137 6 1
190 154 5 1
190 159 4 1
190 172 4 1
190 180 5 1
190 184 7 1
190 185 5 1
191 0 1 1
191 4 4 1
191 18 7 1
191 24 2 1
191 26 8 1
191 60 2 1
191 63 5 1
191 71 2 1
191 75 8 1
191 87 8 1
191 92 1 1
191 94 7 1
191 117 8 1
191 132 7 1
191 135 4 1
191 156 4 1
191 170 7 1
191 171 6 1
191 182 7 1
191 183 7 1
191 196 4 1
191 197 7 1
192 14 1 1
192 19 3 1
192 21 7 1
192 27 2 1
192 32 8 1
192 47 5 1
192 49 1 1
192 50 3 1
192 69 5 1
192 73 6 1
192 83 6 1
192 99 1 1
192 107 6 1
192 115 1 1
192 123 1 1
192 127 7 1
192 130 4 1
192 133 4 1
192 140 3 1
192 154 7 1
192 177 7 1
192 180 8 1
192 188 8 1
192 189 1 1
193 30 5 1
193 47 8 1
193 48 8 1
193 52 3 1
193 70 3 1
193 121 7 1
193 123 8 1
193 127 6 1
193 142 2 1
193 147 8 1
193 153 7 1
193 166 1 1
194 18 1 1
194 20 3 1
194 43 6 1
194 46 7 1
194 56 5 1
194 59 5 1
194 63 1 1
194 74 4 1
194 77 2 1
194 84 4 1
194 86 6 1
194 94 7 1
194 95 7 1
194 98 5 1
194 99 8 1
194 106 5 1
194 115 1 1
194 136 8 1
194 137 4 1
194 138 4 1
194 155 4 1
194 162 5 1
194 165 8 1
194 170 6 1
194 185 3 1
194 186 2 1
194 190 8 1
194 196 4 1
195 41 5 1
195 44 7 1
195 58 4 1
195 70 8 1
195 83 1 1
195 104 4 1
195 107 8 1
195 115 5 1
195 119 1 1
195 126 8 1
195 128 8 1
195 139 8 1
195 163 5 1
195 180 3 1
195 190 8 1
195 192 7 1
196 2 8 1
196 4 5 1
196 12 8 1
196 20 6 1
196 26 1 1
196 60 6 1
196 63 1 1
196 75 4 1
196 77 7 1
196 91 2 1
196 94 3 1
196 110 2 1
196 117 6 1
196 125 7 1
196 129 8 1
196 135 4 1
196 137 3 1
196 156 2 1
196 164 7 1
196 165 3 1
196 168 5 1
196 170 4 1
196 171 7 1
196 187 4 1
196 197 1 1
197 9 2 1
197 10 3 1
197 20 5 1
197 26 2 1
197 38 6 1
197 43 7 1
197 46 4 1
197 58 8 1
197 59 2 1
197 63 7 1
197 71 4 1
197 72 5 1
197 74 4 1
197 75 6 1
197 88 7 1
197 89 4 1
197 117 3 1
197 125 3 1
197 129 1 1
197 134 7 1
197 135 3 1
197 137 6 1
197 138 4 1
197 156 7 1
197 171 1 1
197 194 5 1
198 15 7 1
198 33 3 1
198 109 1 1
198 122 1 1
198 134 5 1
198 144 2 1
198 161 2 1
198 173 2 1
199 1 6 1
199 7 3 1
199 13 5 1
199 14 7 1
199 27 4 1
199 30 5 1
199 40 8 1
199 47 6 1
199 49 6 1
199 50 8 1
199 52 8 1
199 54 5 1
199 70 6 1
199 81 4 1
199 96 4 1
199 99 4 1
199 148 6 1
199 158 4 1
199 159 3 1
199 176 2 1
199 177 6 1
199 179 8 1
199 188 7 1
199 189 4 1
199 192 5 1
