0 5 18 1
0 14 31 1
0 18 30 1
0 31 14 1
0 33 49 1
0 37 56 1
0 47 41 1
0 56 27 1
0 87 38 1
0 108 18 1
0 115 45 1
0 116 64 1
0 127 8 1
0 138 47 1
0 139 40 1
0 144 11 1
0 147 64 1
0 155 30 1
0 176 9 1
0 191 19 1
0 196 49 1
1 0 2 1
1 23 8 1
1 42 56 1
1 47 47 1
1 57 48 1
1 78 9 1
1 99 55 1
1 108 32 1
1 115 52 1
1 127 16 1
1 138 8 1
1 139 7 1
1 147 4 1
1 171 51 1
1 176 51 1
1 177 11 1
1 182 26 1
2 6 48 1
2 9 16 1
2 21 20 1
2 23 8 1
2 33 42 1
2 35 51 1
2 55 43 1
2 70 56 1
2 96 51 1
2 108 10 1
2 116 51 1
2 122 35 1
2 124 7 1
2 140 4 1
2 143 34 1
2 150 18 1
2 171 7 1
2 175 20 1
2 189 19 1
2 194 36 1
3 7 39 1
3 8 20 1
3 11 16 1
3 29 8 1
3 40 3 1
3 45 60 1
3 61 59 1
3 65 61 1
3 69 64 1
3 77 2 1
3 89 54 1
3 90 19 1
3 102 27 1
3 134 22 1
3 137 22 1
3 153 37 1
3 156 37 1
3 161 57 1
3 181 54 1
4 1 30 1
4 2 32 1
4 5 64 1
4 22 23 1
4 23 37 1
4 37 27 1
4 44 17 1
4 52 7 1
4 53 50 1
4 58 16 1
4 64 22 1
4 68 16 1
4 108 10 1
4 110 21 1
4 127 51 1
4 134 5 1
4 138 16 1
4 139 49 1
4 155 57 1
4 170 39 1
4 177 41 1
4 192 27 1
5 8 50 1
5 16 8 1
5 18 13 1
5 31 38 1
5 40 64 1
5 41 52 1
5 48 4 1
5 57 5 1
5 62 55 1
5 79 25 1
5 81 40 1
5 113 23 1
5 121 11 1
5 122 2 1
5 125 34 1
5 132 57 1
5 134 59 1
5 138 10 1
5 139 25 1
5 185 48 1
5 191 63 1
5 193 40 1
6 23 7 1
6 25 55 1
6 33 43 1
6 35 42 1
6 38 45 1
6 44 58 1
6 47 64 1
6 82 20 1
6 85 6 1
6 88 45 1
6 90 59 1
6 96 56 1
6 105 64 1
6 114 48 1
6 126 2 1
6 129 23 1
6 137 45 1
6 140 28 1
6 141 43 1
6 144 39 1
6 149 27 1
6 150 50 1
6 166 54 1
6 170 44 1
6 181 40 1
6 188 26 1
6 191 41 1
7 10 10 1
7 20 39 1
7 40 28 1
7 45 15 1
7 52 57 1
7 60 16 1
7 90 12 1
7 93 39 1
7 112 7 1
7 114 10 1
7 119 58 1
7 120 42 1
7 122 12 1
7 140 57 1
7 143 27 1
7 152 61 1
7 166 12 1
7 167 12 1
7 173 8 1
7 174 17 1
7 181 63 1
7 183 63 1
7 187 25 1
7 189 64 1
8 10 12 1
8 12 61 1
8 38 17 1
8 40 64 1
8 41 46 1
8 60 45 1
8 61 47 1
8 69 20 1
8 95 23 1
8 104 10 1
8 107 2 1
8 145 46 1
8 152 54 1
8 174 32 1
8 185 46 1
8 191 58 1
9 6 61 1
9 21 42 1
9 34 30 1
9 35 57 1
9 47 22 1
9 55 45 1
9 64 2 1
9 70 62 1
9 82 32 1
9 84 45 1
9 114 8 1
9 124 21 1
9 129 8 1
9 143 52 1
9 149 64 1
9 150 45 1
9 170 17 1
9 194 37 1
10 3 58 1
10 12 37 1
10 20 7 1
10 36 42 1
10 38 32 1
10 45 19 1
10 61 59 1
10 82 54 1
10 90 50 1
10 95 31 1
10 96 57 1
10 107 4 1
10 114 14 1
10 126 10 1
10 174 20 1
10 183 2 1
10 187 11 1
11 10 50 1
11 12 14 1
11 29 58 1
11 30 60 1
11 36 56 1
11 51 53 1
11 86 46 1
11 109 61 1
11 112 33 1
11 148 62 1
11 152 48 1
11 156 56 1
11 174 36 1
11 197 55 1
12 29 28 1
12 30 2 1
12 45 9 1
12 54 53 1
12 61 21 1
12 75 34 1
12 77 41 1
12 86 24 1
12 93 37 1
12 102 9 1
12 104 12 1
12 111 23 1
12 119 44 1
12 120 20 1
12 148 6 1
12 156 29 1
12 163 27 1
12 173 27 1
12 180 2 1
12 185 1 1
13 28 35 1
13 31 62 1
13 56 49 1
13 59 20 1
13 65 63 1
13 66 42 1
13 72 6 1
13 78 63 1
13 79 27 1
13 80 45 1
13 81 19 1
13 97 24 1
13 101 14 1
13 123 20 1
13 158 35 1
13 172 31 1
13 178 34 1
14 1 20 1
14 4 44 1
14 18 13 1
14 22 49 1
14 32 61 1
14 39 20 1
14 42 23 1
14 56 22 1
14 57 58 1
14 99 48 1
14 110 29 1
14 113 19 1
14 155 30 1
14 158 60 1
14 164 28 1
14 182 31 1
14 184 64 1
14 192 45 1
15 26 5 1
15 49 13 1
15 80 12 1
15 83 47 1
15 97 53 1
15 131 21 1
15 160 57 1
15 162 53 1
15 165 36 1
16 8 12 1
16 29 62 1
16 31 5 1
16 42 11 1
16 46 18 1
16 49 51 1
16 56 57 1
16 65 55 1
16 66 55 1
16 69 45 1
16 72 55 1
16 74 38 1
16 80 3 1
16 123 9 1
16 127 50 1
16 164 13 1
16 168 34 1
17 11 53 1
17 12 35 1
17 36 49 1
17 50 56 1
17 51 53 1
17 107 36 1
17 112 10 1
17 148 49 1
17 163 58 1
17 197 14 1
18 1 22 1
18 4 50 1
18 23 37 1
18 31 48 1
18 32 34 1
18 33 27 1
18 34 14 1
18 42 41 1
18 52 41 1
18 53 30 1
18 64 29 1
18 87 56 1
18 99 53 1
18 116 11 1
18 122 2 1
18 138 10 1
18 139 40 1
18 147 63 1
18 155 28 1
18 164 11 1
18 176 40 1
18 191 52 1
19 15 57 1
19 67 1 1
19 72 6 1
19 73 46 1
19 94 24 1
19 165 16 1
19 178 56 1
19 195 45 1
20 3 15 1
20 12 27 1
20 25 57 1
20 30 12 1
20 43 50 1
20 82 7 1
20 84 9 1
20 112 23 1
20 167 6 1
20 173 21 1
20 194 44 1
21 6 34 1
21 24 32 1
21 70 46 1
21 88 9 1
21 91 64 1
21 105 39 1
21 114 62 1
21 129 18 1
21 143 56 1
21 149 53 1
21 181 2 1
21 187 11 1
21 189 18 1
21 199 50 1
22 5 23 1
22 18 50 1
22 33 60 1
22 34 2 1
22 42 11 1
22 44 23 1
22 56 56 1
22 58 37 1
22 64 37 1
22 66 62 1
22 87 32 1
22 115 61 1
22 122 25 1
22 138 38 1
22 147 37 1
22 155 22 1
22 164 16 1
22 176 47 1
22 182 39 1
22 184 26 1
22 192 37 1
22 196 61 1
23 22 57 1
23 33 9 1
23 34 51 1
23 37 25 1
23 55 38 1
23 58 36 1
23 64 48 1
23 82 34 1
23 87 26 1
23 96 32 1
23 108 16 1
23 113 19 1
23 144 28 1
23 171 21 1
23 192 59 1
24 6 19 1
24 7 28 1
24 20 35 1
24 25 42 1
24 38 62 1
24 50 61 1
24 62 38 1
24 77 48 1
24 82 21 1
24 90 48 1
24 91 50 1
24 96 31 1
24 114 49 1
24 140 48 1
24 141 47 1
24 146 26 1
24 149 34 1
24 151 18 1
24 166 48 1
24 173 36 1
24 187 46 1
24 189 63 1
24 194 58 1
24 199 27 1
25 7 41 1
25 9 10 1
25 10 17 1
25 21 17 1
25 34 12 1
25 62 36 1
25 82 55 1
25 91 10 1
25 114 2 1
25 122 35 1
25 134 22 1
25 141 10 1
25 146 20 1
25 166 4 1
25 173 18 1
25 199 36 1
26 16 3 1
26 63 62 1
26 65 46 1
26 67 26 1
26 73 28 1
26 74 33 1
26 94 9 1
26 118 9 1
26 123 24 1
26 133 18 1
26 142 25 1
26 159 21 1
26 160 9 1
26 162 2 1
26 178 19 1
26 179 24 1
26 195 53 1
27 3 25 1
27 8 8 1
27 11 13 1
27 12 20 1
27 49 51 1
27 65 25 1
27 69 54 1
27 94 53 1
27 102 20 1
27 103 31 1
27 153 4 1
27 156 45 1
27 159 54 1
27 169 55 1
27 174 7 1
27 180 8 1
28 54 15 1
28 59 43 1
28 65 14 1
28 74 31 1
28 79 49 1
28 80 40 1
28 94 59 1
28 97 39 1
28 123 51 1
28 132 52 1
28 133 34 1
28 154 6 1
28 161 11 1
28 178 39 1
28 179 7 1
28 186 25 1
29 8 30 1
29 10 57 1
29 30 53 1
29 40 27 1
29 45 40 1
29 49 18 1
29 60 45 1
29 65 26 1
29 77 63 1
29 86 42 1
29 89 2 1
29 104 48 1
29 107 21 1
29 118 58 1
29 145 44 1
29 153 13 1
29 157 17 1
29 161 30 1
29 169 45 1
30 3 19 1
30 7 45 1
30 10 5 1
30 17 44 1
30 27 47 1
30 38 51 1
30 40 34 1
30 50 13 1
30 75 20 1
30 89 61 1
30 90 50 1
30 100 30 1
30 107 17 1
30 109 9 1
30 120 10 1
30 137 49 1
30 151 53 1
30 152 51 1
30 167 10 1
30 183 54 1
30 185 45 1
31 1 29 1
31 14 64 1
31 22 59 1
31 42 50 1
31 48 16 1
31 52 28 1
31 56 45 1
31 57 64 1
31 59 27 1
31 62 23 1
31 66 20 1
31 74 58 1
31 79 11 1
31 81 1 1
31 121 62 1
31 136 30 1
31 182 63 1
31 184 8 1
31 196 42 1
32 0 46 1
32 23 53 1
32 31 41 1
32 34 56 1
32 39 3 1
32 42 47 1
32 44 48 1
32 48 37 1
32 52 31 1
32 58 41 1
32 66 46 1
32 81 49 1
32 87 1 1
32 99 57 1
32 110 29 1
32 124 29 1
32 136 56 1
32 139 5 1
32 147 54 1
32 155 20 1
32 171 32 1
32 196 4 1
33 1 39 1
33 9 24 1
33 32 64 1
33 34 13 1
33 58 45 1
33 98 64 1
33 99 58 1
33 116 34 1
33 122 52 1
33 124 18 1
33 125 43 1
33 141 20 1
33 144 64 1
33 149 7 1
33 189 9 1
33 192 35 1
34 0 18 1
34 2 17 1
34 6 13 1
34 37 53 1
34 52 2 1
34 55 31 1
34 58 10 1
34 64 48 1
34 87 31 1
34 96 11 1
34 98 16 1
34 122 15 1
34 124 11 1
34 140 6 1
34 141 14 1
34 143 2 1
34 144 13 1
34 175 46 1
34 194 25 1
34 199 52 1
35 21 20 1
35 24 64 1
35 25 64 1
35 47 14 1
35 55 19 1
35 84 41 1
35 85 23 1
35 88 22 1
35 91 62 1
35 98 6 1
35 140 21 1
35 143 25 1
35 149 6 1
35 187 57 1
35 188 11 1
35 189 15 1
35 199 52 1
36 12 3 1
36 30 5 1
36 50 62 1
36 51 1 1
36 71 49 1
36 104 49 1
36 107 36 1
36 109 34 1
36 145 7 1
36 151 54 1
36 156 26 1
36 167 52 1
36 180 23 1
36 197 39 1
37 1 2 1
37 2 32 1
37 6 45 1
37 9 12 1
37 18 46 1
37 22 47 1
37 25 53 1
37 32 35 1
37 35 56 1
37 47 37 1
37 62 2 1
37 64 28 1
37 68 39 1
37 85 19 1
37 87 30 1
37 96 49 1
37 99 10 1
37 108 7 1
37 110 8 1
37 113 41 1
37 122 23 1
37 134 35 1
37 140 27 1
37 146 52 1
37 149 7 1
37 171 53 1
37 177 5 1
37 189 6 1
37 192 36 1
37 194 7 1
37 199 39 1
38 3 52 1
38 7 18 1
38 25 12 1
38 41 15 1
38 45 17 1
38 50 14 1
38 61 8 1
38 77 5 1
38 82 30 1
38 95 49 1
38 107 37 1
38 114 51 1
38 125 21 1
38 134 10 1
38 141 12 1
38 151 8 1
38 173 29 1
38 187 46 1
38 199 14 1
39 0 3 1
39 1 44 1
39 4 28 1
39 22 44 1
39 53 38 1
39 56 19 1
39 99 3 1
39 106 44 1
39 110 60 1
39 130 52 1
40 10 24 1
40 12 11 1
40 31 18 1
40 38 58 1
40 41 52 1
40 45 38 1
40 48 10 1
40 49 40 1
40 52 16 1
40 60 53 1
40 61 38 1
40 62 5 1
40 82 53 1
40 87 37 1
40 95 39 1
40 113 11 1
40 161 63 1
40 183 56 1
40 196 36 1
41 3 10 1
41 10 34 1
41 12 52 1
41 25 58 1
41 30 16 1
41 49 17 1
41 52 48 1
41 54 62 1
41 60 5 1
41 69 60 1
41 89 48 1
41 90 36 1
41 104 20 1
41 120 50 1
41 134 21 1
41 152 19 1
41 153 58 1
41 166 36 1
41 173 30 1
41 174 47 1
42 0 40 1
42 5 45 1
42 39 23 1
42 44 38 1
42 48 31 1
42 56 17 1
42 57 20 1
42 59 49 1
42 87 53 1
42 115 45 1
42 132 5 1
42 136 40 1
42 138 43 1
42 155 40 1
42 164 24 1
42 182 5 1
42 191 11 1
42 193 44 1
43 3 46 1
43 10 46 1
43 11 26 1
43 12 17 1
43 17 1 1
43 30 53 1
43 38 63 1
43 51 33 1
43 75 2 1
43 93 30 1
43 109 39 1
43 120 13 1
43 145 41 1
43 152 36 1
43 156 17 1
43 166 17 1
43 167 29 1
43 173 50 1
43 180 39 1
43 197 15 1
44 0 18 1
44 1 60 1
44 5 43 1
44 8 28 1
44 18 23 1
44 23 16 1
44 33 32 1
44 34 40 1
44 37 51 1
44 41 53 1
44 55 55 1
44 58 50 1
44 62 27 1
44 77 58 1
44 82 55 1
44 113 4 1
44 137 44 1
44 138 47 1
44 140 9 1
44 164 12 1
44 181 13 1
44 192 28 1
45 24 30 1
45 25 28 1
45 30 52 1
45 49 24 1
45 50 9 1
45 52 55 1
45 54 25 1
45 61 51 1
45 82 9 1
45 90 45 1
45 95 36 1
45 112 28 1
45 134 34 1
45 145 4 1
45 152 24 1
45 153 44 1
45 166 53 1
45 180 12 1
45 181 20 1
45 185 20 1
46 13 21 1
46 59 40 1
46 78 63 1
46 132 16 1
46 136 22 1
46 178 1 1
46 184 1 1
46 190 4 1
46 193 11 1
46 198 30 1
47 4 44 1
47 18 4 1
47 22 45 1
47 33 33 1
47 34 35 1
47 44 2 1
47 58 32 1
47 85 40 1
47 99 35 1
47 108 10 1
47 113 52 1
47 149 37 1
47 171 60 1
47 177 57 1
47 189 56 1
47 191 29 1
48 8 36 1
48 13 49 1
48 16 50 1
48 28 40 1
48 29 41 1
48 41 47 1
48 44 32 1
48 59 8 1
48 66 29 1
48 69 5 1
48 72 29 1
48 74 41 1
48 87 38 1
48 113 63 1
48 123 51 1
48 127 41 1
48 132 64 1
48 139 57 1
48 153 47 1
48 154 6 1
48 164 36 1
48 178 60 1
48 183 51 1
48 185 57 1
48 186 11 1
48 191 19 1
48 196 46 1
49 3 6 1
49 8 10 1
49 26 4 1
49 30 23 1
49 48 16 1
49 59 63 1
49 60 44 1
49 61 60 1
49 63 59 1
49 65 25 1
49 86 51 1
49 89 45 1
49 94 22 1
49 103 51 1
49 104 35 1
49 133 1 1
49 142 47 1
49 159 50 1
49 169 12 1
49 183 49 1
49 195 27 1
50 7 18 1
50 10 62 1
50 12 47 1
50 20 13 1
50 43 17 1
50 93 32 1
50 107 17 1
50 112 32 1
50 145 29 1
50 151 63 1
50 167 7 1
50 173 22 1
50 174 38 1
50 187 3 1
51 12 34 1
51 30 44 1
51 71 30 1
51 102 56 1
51 103 5 1
51 120 50 1
51 163 45 1
51 174 24 1
51 197 36 1
52 2 58 1
52 5 2 1
52 6 8 1
52 8 60 1
52 25 11 1
52 33 25 1
52 47 64 1
52 55 42 1
52 62 55 1
52 82 39 1
52 87 55 1
52 96 39 1
52 108 40 1
52 122 33 1
52 125 5 1
52 127 54 1
52 134 32 1
52 141 55 1
52 143 53 1
52 146 20 1
52 166 14 1
52 170 4 1
52 192 39 1
53 0 50 1
53 1 50 1
53 14 62 1
53 22 6 1
53 33 13 1
53 34 10 1
53 37 9 1
53 68 32 1
53 108 58 1
53 113 41 1
53 115 45 1
53 138 18 1
53 177 15 1
54 3 57 1
54 11 47 1
54 27 2 1
54 29 63 1
54 30 45 1
54 40 29 1
54 60 60 1
54 61 2 1
54 63 24 1
54 69 39 1
54 89 57 1
54 94 23 1
54 100 53 1
54 102 42 1
54 107 10 1
54 112 58 1
54 118 31 1
54 119 55 1
54 153 53 1
54 159 38 1
54 163 40 1
54 183 9 1
54 195 60 1
55 25 53 1
55 33 55 1
55 37 54 1
55 47 30 1
55 85 10 1
55 96 42 1
55 108 31 1
55 110 34 1
55 122 25 1
55 125 4 1
55 129 47 1
55 134 50 1
55 141 37 1
55 143 58 1
55 146 27 1
55 150 58 1
55 171 59 1
55 175 36 1
55 181 41 1
55 191 27 1
55 192 62 1
55 199 32 1
56 1 46 1
56 5 11 1
56 32 10 1
56 46 8 1
56 48 11 1
56 66 61 1
56 78 2 1
56 81 9 1
56 92 18 1
56 121 28 1
56 133 27 1
56 139 34 1
56 147 62 1
56 168 23 1
56 196 54 1
56 198 29 1
57 0 14 1
57 13 35 1
57 18 61 1
57 22 41 1
57 32 30 1
57 39 49 1
57 48 10 1
57 56 20 1
57 59 15 1
57 68 37 1
57 74 2 1
57 79 24 1
57 113 62 1
57 116 1 1
57 127 48 1
57 138 57 1
57 139 38 1
57 155 11 1
57 175 51 1
57 177 63 1
57 190 40 1
58 0 32 1
58 1 26 1
58 5 60 1
58 14 24 1
58 18 60 1
58 31 12 1
58 37 48 1
58 39 16 1
58 42 42 1
58 57 23 1
58 68 26 1
58 87 64 1
58 115 44 1
58 122 18 1
58 127 6 1
58 139 53 1
58 177 43 1
59 16 11 1
59 56 49 1
59 63 2 1
59 65 59 1
59 66 51 1
59 78 28 1
59 80 62 1
59 97 36 1
59 127 45 1
59 133 21 1
59 154 52 1
59 157 16 1
59 161 55 1
59 172 39 1
59 178 8 1
59 184 47 1
59 185 25 1
59 186 26 1
59 193 35 1
60 3 24 1
60 11 8 1
60 12 35 1
60 30 64 1
60 43 16 1
60 45 4 1
60 51 32 1
60 69 43 1
60 77 47 1
60 95 41 1
60 102 21 1
60 107 31 1
60 109 58 1
60 112 61 1
60 137 23 1
60 148 49 1
60 153 23 1
60 156 34 1
60 167 20 1
60 169 8 1
60 173 46 1
60 180 52 1
60 183 56 1
61 11 27 1
61 29 8 1
61 43 63 1
61 60 25 1
61 62 60 1
61 63 11 1
61 75 4 1
61 102 11 1
61 107 37 1
61 112 33 1
61 120 14 1
61 169 62 1
61 173 12 1
61 180 37 1
62 7 31 1
62 8 13 1
62 32 29 1
62 34 53 1
62 38 39 1
62 45 64 1
62 48 10 1
62 82 23 1
62 95 4 1
62 122 58 1
62 127 4 1
62 137 17 1
62 140 51 1
62 144 18 1
62 145 17 1
62 161 5 1
62 183 38 1
62 185 32 1
62 189 53 1
62 191 11 1
62 192 47 1
62 196 55 1
63 8 4 1
63 15 34 1
63 16 34 1
63 27 44 1
63 28 55 1
63 29 48 1
63 40 63 1
63 48 6 1
63 67 55 1
63 69 5 1
63 74 61 1
63 76 49 1
63 80 59 1
63 89 46 1
63 100 32 1
63 118 62 1
63 123 64 1
63 135 23 1
63 152 51 1
63 153 46 1
63 161 7 1
63 162 47 1
63 169 64 1
64 0 32 1
64 2 5 1
64 32 55 1
64 33 41 1
64 53 21 1
64 55 52 1
64 58 54 1
64 85 28 1
64 98 23 1
64 110 49 1
64 113 53 1
64 177 38 1
65 40 12 1
65 48 31 1
65 61 61 1
65 63 14 1
65 67 10 1
65 76 51 1
65 79 57 1
65 89 23 1
65 100 38 1
65 153 10 1
65 154 11 1
65 168 21 1
65 185 1 1
65 186 22 1
65 193 61 1
65 195 12 1
66 42 45 1
66 46 60 1
66 57 43 1
66 72 22 1
66 78 11 1
66 117 57 1
66 121 38 1
66 139 38 1
66 147 16 1
66 158 55 1
66 164 14 1
66 168 2 1
66 176 55 1
67 15 28 1
67 28 51 1
67 49 47 1
67 72 48 1
67 73 36 1
67 80 40 1
67 83 64 1
67 131 64 1
67 159 26 1
67 160 50 1
67 162 8 1
67 165 64 1
67 169 11 1
67 193 51 1
67 195 49 1
68 0 55 1
68 1 43 1
68 14 28 1
68 18 64 1
68 22 33 1
68 23 62 1
68 32 3 1
68 33 55 1
68 34 9 1
68 39 47 1
68 42 20 1
68 44 19 1
68 47 48 1
68 99 45 1
68 147 54 1
68 155 18 1
68 175 9 1
68 176 45 1
68 177 28 1
68 191 23 1
68 192 48 1
69 5 61 1
69 15 18 1
69 26 64 1
69 31 44 1
69 49 55 1
69 59 22 1
69 61 40 1
69 67 12 1
69 76 42 1
69 80 57 1
69 86 34 1
69 89 23 1
69 97 53 1
69 100 2 1
69 104 8 1
69 119 7 1
69 128 43 1
69 132 25 1
69 142 59 1
69 156 46 1
69 159 35 1
69 169 50 1
69 178 15 1
69 185 63 1
69 193 9 1
69 195 56 1
70 6 15 1
70 35 2 1
70 37 46 1
70 38 61 1
70 55 14 1
70 85 29 1
70 90 1 1
70 95 14 1
70 96 56 1
70 98 34 1
70 114 34 1
70 122 26 1
70 140 39 1
70 143 22 1
70 170 50 1
70 181 48 1
70 187 61 1
70 194 2 1
70 199 31 1
71 11 61 1
71 17 10 1
71 27 37 1
71 54 38 1
71 89 41 1
71 93 47 1
71 102 45 1
71 103 49 1
71 104 5 1
71 107 9 1
71 112 7 1
71 120 7 1
71 156 23 1
71 197 61 1
72 15 9 1
72 26 53 1
72 28 56 1
72 46 15 1
72 49 62 1
72 59 51 1
72 63 17 1
72 65 10 1
72 69 8 1
72 74 39 1
72 83 47 1
72 97 3 1
72 101 13 1
72 117 33 1
72 123 7 1
72 131 49 1
72 142 49 1
72 154 50 1
72 161 38 1
72 162 17 1
72 164 4 1
72 165 39 1
72 168 9 1
72 178 23 1
72 186 43 1
72 195 3 1
72 196 27 1
73 15 63 1
73 46 54 1
73 117 59 1
73 135 57 1
73 142 25 1
73 160 42 1
73 172 18 1
74 5 25 1
74 13 24 1
74 42 23 1
74 49 24 1
74 56 4 1
74 66 12 1
74 67 60 1
74 78 64 1
74 79 2 1
74 80 10 1
74 81 47 1
74 123 61 1
74 132 56 1
74 142 13 1
74 153 53 1
74 157 26 1
74 183 8 1
74 185 20 1
74 186 7 1
74 196 26 1
75 3 58 1
75 27 48 1
75 36 36 1
75 51 23 1
75 60 15 1
75 71 4 1
75 89 21 1
75 100 58 1
75 103 27 1
75 107 40 1
75 111 30 1
75 112 30 1
75 152 1 1
75 156 61 1
75 169 62 1
75 197 32 1
76 15 27 1
76 26 25 1
76 28 51 1
76 72 30 1
76 80 1 1
76 94 45 1
76 97 1 1
76 128 6 1
76 131 3 1
76 142 20 1
76 159 4 1
76 160 47 1
76 162 10 1
76 178 12 1
76 179 6 1
77 5 16 1
77 8 12 1
77 10 11 1
77 25 27 1
77 30 10 1
77 45 27 1
77 49 31 1
77 52 13 1
77 61 9 1
77 65 22 1
77 69 19 1
77 95 33 1
77 96 7 1
77 120 31 1
77 137 5 1
77 145 13 1
77 152 26 1
77 153 62 1
77 156 49 1
77 166 63 1
77 173 7 1
77 181 60 1
77 189 34 1
77 191 35 1
78 0 41 1
78 5 64 1
78 16 33 1
78 22 27 1
78 31 18 1
78 32 49 1
78 42 25 1
78 48 7 1
78 57 59 1
78 79 15 1
78 81 53 1
78 92 32 1
78 101 64 1
78 121 64 1
78 138 50 1
78 147 59 1
78 158 37 1
78 168 55 1
78 177 22 1
78 193 27 1
78 196 61 1
78 198 51 1
79 16 23 1
79 42 18 1
79 48 1 1
79 56 6 1
79 59 45 1
79 72 19 1
79 81 56 1
79 97 16 1
79 117 24 1
79 121 40 1
79 127 20 1
79 136 59 1
79 139 30 1
79 184 43 1
79 193 31 1
79 198 48 1
80 19 58 1
80 48 54 1
80 72 1 1
80 73 22 1
80 83 48 1
80 97 32 1
80 121 18 1
80 123 54 1
80 132 56 1
80 135 19 1
80 165 18 1
81 14 36 1
81 22 56 1
81 39 23 1
81 42 37 1
81 46 44 1
81 48 61 1
81 57 31 1
81 59 14 1
81 66 4 1
81 101 59 1
81 127 33 1
81 132 38 1
81 136 34 1
81 138 53 1
81 139 4 1
81 155 13 1
81 158 34 1
81 168 4 1
81 176 24 1
81 184 35 1
81 193 10 1
81 196 20 1
82 2 61 1
82 7 27 1
82 21 8 1
82 33 60 1
82 34 12 1
82 35 16 1
82 37 51 1
82 41 10 1
82 55 26 1
82 70 3 1
82 77 19 1
82 84 27 1
82 85 6 1
82 90 29 1
82 95 10 1
82 98 45 1
82 113 30 1
82 114 37 1
82 122 29 1
82 137 50 1
82 140 3 1
82 146 2 1
82 150 45 1
82 170 48 1
82 173 13 1
82 181 31 1
82 187 5 1
82 189 53 1
82 191 9 1
82 192 51 1
82 194 63 1
83 19 9 1
83 28 35 1
83 46 4 1
83 73 3 1
83 76 46 1
83 94 9 1
83 97 20 1
83 128 60 1
83 135 1 1
83 157 39 1
83 160 9 1
83 162 16 1
84 6 24 1
84 25 27 1
84 38 19 1
84 70 30 1
84 85 44 1
84 90 60 1
84 105 7 1
84 126 51 1
84 129 47 1
84 140 58 1
84 146 22 1
84 166 28 1
84 187 44 1
84 189 2 1
85 9 19 1
85 33 32 1
85 34 28 1
85 88 8 1
85 98 2 1
85 122 13 1
85 124 28 1
85 129 59 1
85 140 54 1
85 143 12 1
85 171 27 1
85 192 51 1
85 194 34 1
85 199 14 1
86 3 26 1
86 8 58 1
86 10 26 1
86 27 17 1
86 30 43 1
86 41 50 1
86 45 43 1
86 54 9 1
86 61 57 1
86 63 37 1
86 65 29 1
86 75 34 1
86 77 12 1
86 89 52 1
86 95 46 1
86 100 55 1
86 102 47 1
86 103 44 1
86 107 64 1
86 111 62 1
86 112 36 1
86 119 44 1
86 120 16 1
86 137 3 1
86 169 41 1
86 180 40 1
87 4 62 1
87 5 21 1
87 14 12 1
87 31 50 1
87 33 26 1
87 44 12 1
87 47 53 1
87 53 33 1
87 57 35 1
87 62 32 1
87 68 47 1
87 77 2 1
87 82 52 1
87 99 28 1
87 108 16 1
87 110 8 1
87 113 15 1
87 121 4 1
87 132 23 1
87 155 43 1
87 164 14 1
87 175 32 1
87 177 37 1
87 196 11 1
88 9 36 1
88 24 35 1
88 25 60 1
88 70 32 1
88 84 45 1
88 105 27 1
88 140 45 1
88 141 45 1
88 149 27 1
89 8 10 1
89 10 13 1
89 12 30 1
89 27 59 1
89 43 7 1
89 51 30 1
89 60 44 1
89 61 46 1
89 107 11 1
89 128 45 1
89 152 42 1
89 153 46 1
89 156 58 1
89 159 53 1
89 161 50 1
89 169 46 1
89 174 17 1
89 180 45 1
89 185 14 1
90 20 1 1
90 25 28 1
90 38 48 1
90 43 16 1
90 50 15 1
90 52 13 1
90 77 44 1
90 93 44 1
90 95 62 1
90 96 48 1
90 107 26 1
90 114 13 1
90 119 42 1
90 126 56 1
90 137 64 1
90 141 44 1
90 145 49 1
90 151 19 1
90 166 36 1
91 6 50 1
91 20 16 1
91 70 51 1
91 84 51 1
91 85 4 1
91 88 30 1
91 90 20 1
91 140 17 1
91 146 58 1
91 166 36 1
91 187 7 1
91 189 17 1
92 13 62 1
92 14 48 1
92 22 52 1
92 32 11 1
92 39 46 1
92 57 31 1
92 66 63 1
92 79 56 1
92 81 23 1
92 115 33 1
92 121 59 1
92 147 63 1
92 155 62 1
92 164 39 1
92 168 59 1
92 176 10 1
92 190 56 1
93 10 59 1
93 17 38 1
93 20 11 1
93 30 39 1
93 36 52 1
93 51 23 1
93 60 10 1
93 75 13 1
93 86 54 1
93 107 48 1
93 151 40 1
93 163 52 1
93 166 4 1
93 197 35 1
94 15 37 1
94 67 21 1
94 69 10 1
94 97 28 1
94 118 62 1
94 128 53 1
94 153 14 1
94 157 35 1
94 169 23 1
95 3 19 1
95 6 26 1
95 12 36 1
95 20 64 1
95 41 40 1
95 44 1 1
95 50 5 1
95 52 7 1
95 105 21 1
95 125 24 1
95 137 18 1
95 143 1 1
95 151 3 1
95 166 40 1
95 167 4 1
95 173 40 1
95 187 30 1
95 189 8 1
95 191 64 1
96 3 13 1
96 5 64 1
96 7 29 1
96 20 43 1
96 25 36 1
96 38 6 1
96 40 2 1
96 41 50 1
96 44 32 1
96 45 63 1
96 62 8 1
96 82 54 1
96 95 54 1
96 126 64 1
96 140 11 1
96 144 34 1
96 149 25 1
96 173 56 1
96 188 50 1
96 192 41 1
97 16 21 1
97 19 48 1
97 46 14 1
97 63 4 1
97 67 42 1
97 73 51 1
97 74 4 1
97 118 6 1
97 128 3 1
97 132 49 1
97 142 14 1
97 153 10 1
97 154 59 1
97 169 33 1
97 178 35 1
97 195 10 1
98 6 54 1
98 23 7 1
98 55 18 1
98 91 9 1
98 108 40 1
98 140 46 1
98 141 30 1
98 144 3 1
98 170 11 1
98 194 56 1
98 199 10 1
99 23 42 1
99 34 55 1
99 53 63 1
99 58 53 1
99 64 3 1
99 106 47 1
99 108 4 1
99 110 54 1
99 115 29 1
99 139 59 1
99 144 30 1
99 155 29 1
99 171 47 1
99 192 47 1
100 3 57 1
100 8 61 1
100 11 35 1
100 12 44 1
100 29 35 1
100 60 39 1
100 61 59 1
100 71 16 1
100 76 7 1
100 89 27 1
100 94 7 1
100 120 20 1
100 128 54 1
100 152 59 1
100 153 54 1
100 156 63 1
100 195 47 1
101 42 55 1
101 59 49 1
101 66 31 1
101 74 37 1
101 79 1 1
101 92 39 1
101 97 16 1
101 121 27 1
101 131 33 1
101 132 17 1
101 158 35 1
101 164 64 1
101 172 9 1
101 184 44 1
101 186 3 1
101 190 9 1
102 11 45 1
102 29 52 1
102 30 12 1
102 36 25 1
102 75 28 1
102 89 61 1
102 93 35 1
102 100 1 1
102 104 11 1
102 107 13 1
102 109 21 1
102 111 64 1
102 148 51 1
102 163 58 1
102 197 27 1
103 3 37 1
103 11 46 1
103 29 57 1
103 30 34 1
103 54 41 1
103 60 29 1
103 61 39 1
103 89 48 1
103 94 35 1
103 100 9 1
103 102 32 1
103 119 8 1
103 120 8 1
103 156 49 1
103 159 44 1
103 169 30 1
104 10 8 1
104 11 15 1
104 27 19 1
104 30 53 1
104 43 36 1
104 51 50 1
104 54 36 1
104 60 32 1
104 75 16 1
104 86 24 1
104 89 56 1
104 93 22 1
104 100 18 1
104 103 29 1
104 107 34 1
104 112 19 1
104 119 31 1
104 145 3 1
104 148 54 1
104 161 38 1
104 174 52 1
104 183 59 1
105 20 31 1
105 35 12 1
105 70 19 1
105 82 17 1
105 90 20 1
105 114 16 1
105 137 17 1
105 141 54 1
105 146 25 1
105 150 44 1
105 151 63 1
105 187 45 1
105 188 42 1
105 199 62 1
106 1 11 1
106 22 58 1
106 53 48 1
106 58 4 1
106 92 31 1
106 115 8 1
106 147 41 1
106 177 16 1
107 3 13 1
107 7 1 1
107 12 44 1
107 20 23 1
107 41 58 1
107 43 17 1
107 51 56 1
107 119 60 1
107 126 53 1
107 137 42 1
107 145 28 1
107 163 59 1
107 166 24 1
107 180 26 1
108 6 28 1
108 9 61 1
108 18 39 1
108 22 35 1
108 33 25 1
108 34 11 1
108 64 41 1
108 85 8 1
108 110 50 1
108 113 27 1
108 141 36 1
108 144 33 1
108 149 55 1
108 170 62 1
108 175 35 1
108 177 12 1
108 188 34 1
108 189 39 1
108 191 59 1
108 192 16 1
109 17 12 1
109 51 57 1
109 71 11 1
109 93 21 1
109 103 49 1
109 104 6 1
109 107 24 1
109 111 23 1
109 120 10 1
109 148 28 1
109 197 30 1
110 1 31 1
110 18 43 1
110 22 19 1
110 23 27 1
110 34 52 1
110 47 38 1
110 53 47 1
110 58 30 1
110 68 55 1
110 115 56 1
110 116 10 1
110 155 15 1
110 170 54 1
110 171 30 1
110 175 25 1
110 177 34 1
110 192 41 1
111 11 53 1
111 30 33 1
111 36 44 1
111 50 51 1
111 51 12 1
111 54 33 1
111 61 11 1
111 100 29 1
111 103 1 1
111 104 47 1
111 107 5 1
111 152 24 1
111 167 60 1
111 197 10 1
112 3 33 1
112 10 45 1
112 36 46 1
112 43 27 1
112 51 39 1
112 93 37 1
112 102 54 1
112 107 37 1
112 119 10 1
112 151 30 1
112 152 54 1
112 156 19 1
112 163 63 1
112 167 1 1
112 180 37 1
113 0 2 1
113 4 20 1
113 32 51 1
113 33 61 1
113 34 39 1
113 42 37 1
113 52 35 1
113 55 59 1
113 110 18 1
113 116 25 1
113 124 7 1
113 127 23 1
113 139 46 1
113 144 46 1
113 164 17 1
113 175 56 1
113 177 40 1
113 189 13 1
113 192 31 1
114 20 17 1
114 35 36 1
114 84 37 1
114 88 24 1
114 91 46 1
114 95 26 1
114 96 49 1
114 126 55 1
114 140 62 1
114 141 20 1
114 143 17 1
114 145 44 1
114 150 3 1
114 167 24 1
114 187 11 1
114 188 18 1
114 189 41 1
114 194 26 1
115 14 22 1
115 39 25 1
115 57 39 1
115 130 62 1
115 138 7 1
115 155 12 1
115 176 33 1
115 177 33 1
116 1 53 1
116 4 31 1
116 14 27 1
116 22 54 1
116 23 56 1
116 32 53 1
116 34 16 1
116 39 37 1
116 44 20 1
116 53 10 1
116 58 41 1
116 64 63 1
116 68 10 1
116 87 34 1
116 108 43 1
116 115 36 1
116 124 54 1
116 127 57 1
116 134 11 1
116 155 8 1
116 176 46 1
116 177 34 1
116 182 28 1
116 191 47 1
117 13 48 1
117 16 6 1
117 46 47 1
117 59 44 1
117 67 56 1
117 74 31 1
117 80 14 1
117 97 49 1
117 101 26 1
117 131 27 1
117 142 14 1
117 162 61 1
117 172 31 1
117 178 48 1
117 198 31 1
118 15 35 1
118 27 43 1
118 28 19 1
118 65 18 1
118 67 45 1
118 69 36 1
118 76 15 1
118 89 50 1
118 100 59 1
118 103 45 1
118 104 10 1
118 135 40 1
118 142 4 1
118 159 4 1
118 160 24 1
118 165 22 1
119 3 43 1
119 8 60 1
119 10 30 1
119 11 31 1
119 20 40 1
119 29 20 1
119 30 25 1
119 40 27 1
119 41 10 1
119 45 60 1
119 49 39 1
119 50 3 1
119 60 7 1
119 61 57 1
119 77 7 1
119 89 25 1
119 93 47 1
119 95 3 1
119 153 60 1
119 156 3 1
119 161 39 1
119 167 27 1
119 180 51 1
119 185 49 1
120 3 57 1
120 11 11 1
120 17 57 1
120 20 42 1
120 29 61 1
120 38 17 1
120 50 61 1
120 54 50 1
120 60 29 1
120 75 12 1
120 89 56 1
120 90 31 1
120 93 16 1
120 95 1 1
120 102 58 1
120 104 54 1
120 107 30 1
120 119 44 1
120 137 16 1
120 152 12 1
120 166 35 1
120 174 32 1
120 197 39 1
121 14 10 1
121 16 45 1
121 22 4 1
121 42 36 1
121 46 63 1
121 48 39 1
121 57 37 1
121 59 10 1
121 65 32 1
121 72 44 1
121 74 20 1
121 117 64 1
121 127 28 1
121 132 59 1
121 136 63 1
121 139 56 1
121 158 49 1
121 168 53 1
121 186 53 1
121 190 54 1
121 193 49 1
122 0 32 1
122 4 55 1
122 6 51 1
122 23 43 1
122 24 1 1
122 32 12 1
122 38 58 1
122 41 56 1
122 44 5 1
122 47 61 1
122 77 6 1
122 87 62 1
122 95 50 1
122 108 51 1
122 113 45 1
122 114 59 1
122 116 54 1
122 127 35 1
122 137 50 1
122 143 2 1
122 170 53 1
122 188 36 1
122 192 48 1
122 194 48 1
123 19 54 1
123 46 24 1
123 49 39 1
123 65 20 1
123 67 38 1
123 73 27 1
123 76 64 1
123 83 62 1
123 97 27 1
123 118 27 1
123 128 6 1
123 133 38 1
123 159 12 1
123 168 1 1
123 193 36 1
123 195 11 1
124 0 40 1
124 4 17 1
124 6 5 1
124 18 42 1
124 22 44 1
124 44 62 1
124 52 10 1
124 58 45 1
124 87 31 1
124 108 11 1
124 122 11 1
124 141 47 1
124 170 51 1
124 189 43 1
125 4 57 1
125 6 57 1
125 7 12 1
125 8 21 1
125 23 6 1
125 24 13 1
125 32 25 1
125 34 21 1
125 37 18 1
125 40 53 1
125 41 62 1
125 44 49 1
125 45 49 1
125 47 4 1
125 70 21 1
125 77 54 1
125 82 51 1
125 87 59 1
125 90 12 1
125 96 2 1
125 108 30 1
125 114 27 1
125 122 29 1
125 124 42 1
125 143 8 1
125 146 56 1
125 166 35 1
125 191 31 1
125 192 49 1
126 24 48 1
126 25 2 1
126 38 48 1
126 45 62 1
126 50 54 1
126 70 62 1
126 82 54 1
126 91 48 1
126 95 54 1
126 105 45 1
126 145 17 1
126 166 23 1
126 181 57 1
126 187 8 1
126 194 27 1
126 199 45 1
127 5 49 1
127 18 50 1
127 22 39 1
127 31 23 1
127 32 4 1
127 33 57 1
127 34 4 1
127 42 41 1
127 66 60 1
127 78 40 1
127 125 3 1
127 134 56 1
127 136 31 1
127 139 16 1
127 144 51 1
127 182 64 1
127 183 33 1
127 193 12 1
128 26 48 1
128 27 4 1
128 28 41 1
128 29 3 1
128 49 46 1
128 54 32 1
128 63 34 1
128 65 13 1
128 67 23 1
128 103 19 1
128 118 32 1
128 142 8 1
128 157 38 1
128 160 62 1
128 165 24 1
128 178 22 1
128 195 11 1
129 2 52 1
129 35 10 1
129 70 29 1
129 88 8 1
129 91 45 1
129 141 43 1
129 143 40 1
129 170 31 1
129 189 33 1
129 194 13 1
130 14 20 1
130 106 5 1
130 147 40 1
130 155 44 1
131 13 37 1
131 19 5 1
131 26 34 1
131 73 5 1
131 83 41 1
131 97 30 1
131 135 15 1
131 157 52 1
131 162 15 1
131 179 22 1
132 13 32 1
132 16 63 1
132 31 8 1
132 32 41 1
132 40 11 1
132 44 38 1
132 57 52 1
132 65 60 1
132 72 39 1
132 78 12 1
132 79 49 1
132 92 1 1
132 113 64 1
132 127 29 1
132 133 28 1
132 138 58 1
132 154 3 1
132 164 41 1
132 184 48 1
132 186 35 1
132 193 22 1
133 13 19 1
133 16 58 1
133 31 29 1
133 42 14 1
133 63 36 1
133 66 2 1
133 67 31 1
133 69 30 1
133 72 15 1
133 74 44 1
133 79 61 1
133 80 57 1
133 81 9 1
133 83 62 1
133 97 57 1
133 117 18 1
133 121 21 1
133 131 50 1
133 135 63 1
133 136 19 1
133 161 35 1
133 164 49 1
133 178 56 1
133 184 60 1
133 190 18 1
133 193 35 1
133 196 21 1
134 0 43 1
134 6 62 1
134 7 48 1
134 8 37 1
134 18 36 1
134 22 5 1
134 24 17 1
134 31 5 1
134 33 48 1
134 40 20 1
134 44 41 1
134 48 32 1
134 62 13 1
134 77 15 1
134 82 58 1
134 87 43 1
134 95 22 1
134 96 62 1
134 113 18 1
134 122 33 1
134 124 32 1
134 125 19 1
134 139 54 1
134 140 18 1
134 146 3 1
134 170 25 1
134 192 41 1
134 194 42 1
134 196 58 1
135 15 23 1
135 19 5 1
135 28 44 1
135 72 24 1
135 94 48 1
135 117 60 1
135 123 47 1
135 128 39 1
135 157 5 1
135 178 20 1
135 186 4 1
136 13 14 1
136 14 50 1
136 56 14 1
136 59 14 1
136 78 7 1
136 92 24 1
136 101 9 1
136 132 46 1
136 138 24 1
136 147 39 1
136 154 49 1
136 155 53 1
136 158 33 1
136 164 42 1
136 168 59 1
136 182 11 1
136 190 20 1
136 193 7 1
136 198 8 1
137 7 2 1
137 8 44 1
137 10 28 1
137 20 13 1
137 24 63 1
137 25 42 1
137 40 1 1
137 45 50 1
137 50 14 1
137 52 59 1
137 70 40 1
137 96 52 1
137 114 63 1
137 126 1 1
137 134 16 1
137 141 28 1
137 143 16 1
137 146 59 1
137 173 48 1
138 14 59 1
138 31 11 1
138 32 3 1
138 56 39 1
138 66 52 1
138 68 50 1
138 87 63 1
138 92 7 1
138 113 51 1
138 116 15 1
138 121 59 1
138 127 7 1
138 155 14 1
138 175 23 1
138 182 56 1
138 190 25 1
138 198 54 1
139 14 34 1
139 22 44 1
139 31 43 1
139 39 16 1
139 42 24 1
139 44 49 1
139 59 22 1
139 68 22 1
139 74 55 1
139 78 60 1
139 92 50 1
139 136 35 1
139 138 17 1
139 147 3 1
139 155 45 1
139 168 1 1
139 171 30 1
139 175 10 1
139 176 22 1
139 196 17 1
139 198 41 1
140 23 12 1
140 25 6 1
140 33 3 1
140 47 13 1
140 52 18 1
140 55 57 1
140 77 64 1
140 87 1 1
140 90 45 1
140 105 62 1
140 108 34 1
140 113 37 1
140 122 33 1
140 124 1 1
140 126 57 1
140 137 42 1
140 144 62 1
140 146 39 1
140 149 16 1
140 150 16 1
140 187 38 1
140 188 23 1
140 191 31 1
140 199 32 1
141 2 34 1
141 9 45 1
141 21 19 1
141 23 9 1
141 37 43 1
141 47 48 1
141 70 38 1
141 82 2 1
141 84 3 1
141 85 20 1
141 96 7 1
141 122 19 1
141 140 53 1
141 146 19 1
141 149 50 1
141 166 61 1
141 170 2 1
141 187 62 1
141 189 40 1
141 191 9 1
141 192 45 1
141 194 41 1
142 15 54 1
142 16 45 1
142 28 4 1
142 63 8 1
142 65 56 1
142 67 41 1
142 80 64 1
142 94 21 1
142 123 5 1
142 159 21 1
142 160 9 1
142 162 39 1
142 165 12 1
142 169 44 1
142 172 29 1
142 195 21 1
143 6 3 1
143 24 11 1
143 37 19 1
143 38 30 1
143 84 41 1
143 88 44 1
143 126 53 1
143 140 4 1
143 141 33 1
143 144 29 1
143 146 42 1
143 166 26 1
143 170 46 1
143 189 3 1
143 199 6 1
144 2 31 1
144 4 29 1
144 9 41 1
144 18 40 1
144 22 54 1
144 25 7 1
144 32 6 1
144 35 26 1
144 37 1 1
144 44 36 1
144 47 13 1
144 52 54 1
144 53 5 1
144 55 6 1
144 68 56 1
144 82 5 1
144 85 20 1
144 87 28 1
144 116 20 1
144 124 63 1
144 125 17 1
144 134 7 1
144 141 21 1
144 149 25 1
144 170 37 1
144 175 26 1
144 181 15 1
144 188 54 1
144 191 15 1
144 199 16 1
145 3 19 1
145 7 56 1
145 11 14 1
145 12 55 1
145 20 49 1
145 24 54 1
145 30 4 1
145 38 63 1
145 40 12 1
145 86 34 1
145 89 39 1
145 93 20 1
145 95 57 1
145 112 22 1
145 120 15 1
145 137 17 1
145 180 6 1
145 181 9 1
145 187 13 1
146 2 48 1
146 6 31 1
146 21 10 1
146 34 43 1
146 35 43 1
146 38 58 1
146 70 40 1
146 85 59 1
146 90 51 1
146 95 44 1
146 114 1 1
146 122 64 1
146 126 31 1
146 144 41 1
146 150 55 1
146 188 51 1
146 199 63 1
147 39 24 1
147 42 23 1
147 57 51 1
147 58 49 1
147 121 4 1
147 138 51 1
147 164 26 1
147 177 60 1
147 182 54 1
148 27 7 1
148 36 40 1
148 54 49 1
148 71 8 1
148 75 40 1
148 89 27 1
148 100 24 1
148 152 34 1
148 156 52 1
148 174 27 1
148 180 16 1
149 25 9 1
149 34 12 1
149 55 10 1
149 70 22 1
149 82 31 1
149 84 59 1
149 98 3 1
149 114 42 1
149 122 26 1
149 124 5 1
149 125 22 1
149 143 47 1
149 146 57 1
149 170 21 1
149 192 26 1
150 21 10 1
150 24 57 1
150 25 1 1
150 70 9 1
150 84 27 1
150 85 56 1
150 88 27 1
150 91 28 1
150 98 54 1
150 126 8 1
150 141 35 1
150 149 18 1
150 188 22 1
150 189 18 1
150 194 8 1
151 7 48 1
151 10 58 1
151 12 20 1
151 20 3 1
151 43 57 1
151 107 18 1
151 114 21 1
151 120 49 1
151 126 47 1
151 137 25 1
151 145 36 1
151 167 38 1
151 173 16 1
151 181 27 1
151 187 13 1
152 10 52 1
152 12 32 1
152 27 45 1
152 29 31 1
152 36 19 1
152 40 44 1
152 51 48 1
152 54 6 1
152 60 54 1
152 61 56 1
152 69 25 1
152 71 45 1
152 86 63 1
152 93 18 1
152 104 60 1
152 107 5 1
152 109 59 1
152 119 25 1
152 145 27 1
152 153 63 1
152 161 26 1
152 163 62 1
152 169 14 1
152 185 1 1
153 8 52 1
153 12 4 1
153 16 20 1
153 26 3 1
153 28 32 1
153 40 28 1
153 49 31 1
153 61 18 1
153 62 22 1
153 69 2 1
153 72 41 1
153 76 13 1
153 86 4 1
153 102 60 1
153 103 37 1
153 104 5 1
153 118 50 1
153 123 56 1
153 128 50 1
153 132 34 1
153 169 10 1
153 185 32 1
154 13 31 1
154 16 33 1
154 46 25 1
154 56 55 1
154 66 11 1
154 67 6 1
154 73 2 1
154 74 38 1
154 79 58 1
154 80 48 1
154 81 12 1
154 83 26 1
154 101 4 1
154 117 24 1
154 121 17 1
154 131 5 1
154 133 26 1
154 184 3 1
154 186 47 1
154 198 44 1
155 1 49 1
155 39 5 1
155 58 31 1
155 78 62 1
155 106 18 1
155 127 18 1
155 147 33 1
155 158 5 1
155 164 60 1
155 171 60 1
155 175 59 1
155 176 23 1
155 177 28 1
156 7 23 1
156 8 64 1
156 29 60 1
156 30 14 1
156 40 9 1
156 54 44 1
156 61 37 1
156 65 25 1
156 93 43 1
156 102 50 1
156 104 44 1
156 107 24 1
156 111 28 1
156 118 19 1
156 120 21 1
156 128 62 1
156 145 31 1
156 163 13 1
156 183 33 1
157 13 46 1
157 16 13 1
157 19 6 1
157 26 28 1
157 28 13 1
157 49 47 1
157 65 14 1
157 67 63 1
157 76 34 1
157 79 57 1
157 118 28 1
157 123 36 1
157 133 45 1
157 142 56 1
157 153 50 1
157 154 25 1
157 159 42 1
157 160 47 1
157 165 56 1
157 178 57 1
157 186 28 1
157 193 44 1
157 195 44 1
158 39 38 1
158 42 34 1
158 56 40 1
158 106 48 1
158 115 32 1
158 138 39 1
158 139 63 1
158 147 42 1
158 164 50 1
158 176 30 1
158 184 27 1
159 15 42 1
159 28 17 1
159 63 11 1
159 75 60 1
159 100 28 1
159 102 25 1
159 104 39 1
159 148 14 1
159 152 5 1
159 156 22 1
160 19 15 1
160 28 16 1
160 72 47 1
160 80 2 1
160 94 13 1
160 97 23 1
160 117 56 1
160 123 24 1
160 131 9 1
160 135 28 1
160 162 36 1
160 178 13 1
160 179 2 1
160 195 4 1
161 16 33 1
161 27 23 1
161 30 11 1
161 31 62 1
161 41 24 1
161 48 8 1
161 49 63 1
161 54 9 1
161 60 17 1
161 61 36 1
161 65 16 1
161 69 4 1
161 74 45 1
161 77 5 1
161 123 22 1
161 132 5 1
161 153 41 1
161 156 58 1
161 157 50 1
161 169 23 1
161 185 34 1
162 19 58 1
162 28 7 1
162 73 27 1
162 80 61 1
162 94 55 1
162 97 50 1
162 123 44 1
162 157 34 1
162 195 48 1
163 30 30 1
163 36 20 1
163 43 40 1
163 60 47 1
163 71 57 1
163 75 47 1
163 100 47 1
163 103 58 1
163 104 17 1
163 111 34 1
163 120 46 1
163 148 44 1
163 174 48 1
164 0 21 1
164 1 30 1
164 13 48 1
164 31 5 1
164 32 39 1
164 56 48 1
164 58 10 1
164 59 3 1
164 65 47 1
164 74 37 1
164 78 56 1
164 81 14 1
164 121 31 1
164 138 54 1
164 139 28 1
164 154 1 1
164 177 54 1
164 190 9 1
164 191 46 1
164 196 49 1
165 26 7 1
165 28 47 1
165 49 24 1
165 63 33 1
165 76 39 1
165 94 23 1
165 97 56 1
165 131 37 1
165 135 60 1
165 160 9 1
165 162 49 1
165 169 33 1
165 179 48 1
166 3 12 1
166 20 18 1
166 82 40 1
166 96 58 1
166 114 35 1
166 137 45 1
166 140 60 1
166 189 50 1
166 199 5 1
167 3 16 1
167 10 18 1
167 17 48 1
167 24 35 1
167 38 58 1
167 45 14 1
167 51 46 1
167 90 43 1
167 93 11 1
167 107 33 1
167 120 30 1
167 126 63 1
167 145 2 1
167 166 49 1
167 173 15 1
167 197 30 1
168 13 63 1
168 31 56 1
168 42 26 1
168 46 56 1
168 48 20 1
168 57 23 1
168 59 64 1
168 74 53 1
168 79 2 1
168 80 50 1
168 97 16 1
168 101 42 1
168 127 2 1
168 132 13 1
168 133 20 1
168 138 38 1
168 158 59 1
168 164 40 1
168 172 58 1
168 178 15 1
168 190 42 1
168 196 8 1
169 15 40 1
169 26 38 1
169 28 17 1
169 54 43 1
169 65 3 1
169 76 62 1
169 102 50 1
169 104 5 1
169 118 17 1
169 123 26 1
169 156 36 1
169 157 35 1
169 159 46 1
169 162 34 1
169 180 6 1
170 2 57 1
170 18 37 1
170 21 24 1
170 23 43 1
170 33 10 1
170 34 35 1
170 37 19 1
170 47 64 1
170 53 11 1
170 55 16 1
170 58 49 1
170 85 34 1
170 96 1 1
170 113 6 1
170 116 38 1
170 125 44 1
170 140 46 1
170 177 41 1
170 181 29 1
170 191 7 1
171 0 31 1
171 4 42 1
171 14 10 1
171 18 44 1
171 22 32 1
171 33 10 1
171 39 35 1
171 44 43 1
171 52 29 1
171 53 29 1
171 58 29 1
171 64 22 1
171 108 32 1
171 113 18 1
171 115 55 1
171 116 64 1
171 122 11 1
171 127 64 1
171 138 48 1
171 144 34 1
171 189 60 1
172 19 41 1
172 67 13 1
172 72 62 1
172 79 43 1
172 80 12 1
172 133 15 1
172 135 51 1
172 154 24 1
172 190 11 1
172 193 52 1
173 3 50 1
173 8 43 1
173 10 11 1
173 30 23 1
173 86 36 1
173 90 59 1
173 107 19 1
173 114 22 1
173 119 49 1
173 143 5 1
173 145 26 1
173 187 15 1
174 17 8 1
174 29 41 1
174 30 53 1
174 36 30 1
174 43 14 1
174 45 27 1
174 61 9 1
174 86 5 1
174 93 41 1
174 102 35 1
174 103 54 1
174 107 49 1
174 111 10 1
174 112 44 1
174 145 17 1
174 153 32 1
174 167 15 1
174 173 13 1
174 197 48 1
175 0 32 1
175 1 45 1
175 4 48 1
175 18 33 1
175 22 35 1
175 23 9 1
175 33 33 1
175 37 26 1
175 42 40 1
175 44 32 1
175 47 2 1
175 53 11 1
175 58 44 1
175 99 2 1
175 115 17 1
175 116 52 1
175 122 55 1
175 124 22 1
175 127 5 1
175 134 59 1
175 170 62 1
175 177 36 1
175 192 43 1
176 14 2 1
176 32 61 1
176 42 3 1
176 53 42 1
176 57 30 1
176 78 26 1
176 106 27 1
176 130 47 1
176 136 6 1
176 147 17 1
176 175 10 1
176 182 54 1
176 198 6 1
177 0 63 1
177 14 21 1
177 18 25 1
177 22 6 1
177 31 19 1
177 33 59 1
177 34 50 1
177 39 9 1
177 42 55 1
177 56 4 1
177 127 45 1
177 138 57 1
177 144 63 1
177 171 57 1
177 192 55 1
178 15 18 1
178 49 64 1
178 65 21 1
178 67 26 1
178 73 62 1
178 74 46 1
178 79 57 1
178 80 27 1
178 83 61 1
178 94 59 1
178 101 63 1
178 118 51 1
178 131 23 1
178 132 26 1
178 142 7 1
178 154 29 1
178 161 18 1
178 162 26 1
178 165 58 1
178 172 40 1
179 15 46 1
179 19 3 1
179 46 51 1
179 67 40 1
179 72 36 1
179 73 32 1
179 80 51 1
179 117 35 1
179 123 9 1
179 135 51 1
179 142 51 1
179 162 58 1
179 172 50 1
179 178 2 1
179 186 27 1
179 195 20 1
180 3 61 1
180 10 21 1
180 11 42 1
180 17 18 1
180 29 9 1
180 51 28 1
180 54 2 1
180 75 38 1
180 93 47 1
180 100 55 1
180 102 17 1
180 104 45 1
180 109 21 1
180 111 43 1
180 120 19 1
180 152 22 1
180 156 37 1
180 163 34 1
181 24 19 1
181 25 61 1
181 35 60 1
181 37 38 1
181 38 51 1
181 41 63 1
181 62 52 1
181 84 35 1
181 90 40 1
181 96 11 1
181 114 37 1
181 122 55 1
181 125 47 1
181 134 49 1
181 137 2 1
181 140 39 1
181 141 56 1
181 146 21 1
181 149 19 1
181 150 33 1
181 166 46 1
181 187 11 1
181 194 15 1
181 199 34 1
182 0 28 1
182 18 49 1
182 32 22 1
182 39 35 1
182 57 45 1
182 58 20 1
182 79 10 1
182 87 42 1
182 92 51 1
182 99 43 1
182 106 45 1
182 115 17 1
182 121 15 1
182 132 19 1
182 139 11 1
182 155 7 1
182 158 2 1
182 164 59 1
182 168 41 1
182 175 13 1
182 177 52 1
182 184 31 1
182 190 36 1
182 196 30 1
183 3 37 1
183 8 62 1
183 16 16 1
183 28 57 1
183 31 64 1
183 41 63 1
183 44 47 1
183 45 44 1
183 52 1 1
183 59 30 1
183 61 47 1
183 63 47 1
183 65 26 1
183 69 30 1
183 77 51 1
183 89 13 1
183 95 5 1
183 125 61 1
183 132 6 1
183 137 59 1
183 152 54 1
183 153 38 1
183 185 49 1
183 193 41 1
183 196 26 1
184 32 35 1
184 39 12 1
184 57 55 1
184 66 24 1
184 74 29 1
184 92 56 1
184 136 33 1
184 138 40 1
184 139 55 1
184 147 27 1
184 155 45 1
184 168 44 1
184 176 52 1
184 186 15 1
184 190 54 1
184 193 56 1
185 3 17 1
185 7 47 1
185 10 15 1
185 16 26 1
185 27 1 1
185 28 38 1
185 29 41 1
185 31 42 1
185 40 13 1
185 60 19 1
185 61 38 1
185 63 5 1
185 72 54 1
185 77 47 1
185 104 32 1
185 132 52 1
185 156 39 1
185 157 24 1
185 169 8 1
185 193 59 1
186 13 55 1
186 66 19 1
186 67 4 1
186 73 7 1
186 78 1 1
186 79 6 1
186 80 2 1
186 81 45 1
186 83 57 1
186 97 32 1
186 117 47 1
186 131 23 1
186 133 22 1
186 136 11 1
186 142 52 1
186 162 17 1
186 168 34 1
186 190 26 1
187 6 11 1
187 20 25 1
187 25 21 1
187 88 52 1
187 90 35 1
187 96 31 1
187 137 9 1
187 143 39 1
187 194 25 1
188 2 14 1
188 21 3 1
188 25 18 1
188 37 30 1
188 47 51 1
188 55 34 1
188 70 23 1
188 82 23 1
188 85 9 1
188 91 5 1
188 126 60 1
188 129 35 1
188 141 41 1
188 143 17 1
188 149 49 1
188 170 40 1
188 187 41 1
189 9 6 1
189 23 44 1
189 25 56 1
189 44 10 1
189 64 28 1
189 87 20 1
189 90 12 1
189 96 28 1
189 98 11 1
189 122 11 1
189 126 10 1
189 134 23 1
189 146 12 1
189 149 8 1
189 170 48 1
189 181 60 1
189 187 55 1
189 188 9 1
189 199 33 1
190 42 23 1
190 56 27 1
190 59 21 1
190 66 2 1
190 74 58 1
190 78 1 1
190 80 48 1
190 81 40 1
190 117 31 1
190 132 31 1
190 147 52 1
190 154 50 1
190 158 19 1
190 193 50 1
190 198 58 1
191 1 34 1
191 22 15 1
191 23 45 1
191 25 13 1
191 31 47 1
191 32 19 1
191 34 15 1
191 37 45 1
191 40 1 1
191 41 44 1
191 52 4 1
191 58 29 1
191 96 24 1
191 113 14 1
191 122 49 1
191 127 44 1
191 132 10 1
191 137 33 1
191 139 31 1
191 175 56 1
191 177 49 1
191 181 54 1
191 189 57 1
192 0 33 1
192 2 29 1
192 5 48 1
192 6 28 1
192 18 20 1
192 32 20 1
192 34 4 1
192 53 24 1
192 58 11 1
192 77 55 1
192 87 18 1
192 116 50 1
192 140 36 1
192 144 25 1
192 171 14 1
192 181 46 1
192 191 53 1
192 196 23 1
193 16 19 1
193 28 16 1
193 31 39 1
193 48 26 1
193 63 21 1
193 66 21 1
193 72 63 1
193 74 2 1
193 80 20 1
193 97 47 1
193 117 10 1
193 139 21 1
193 142 12 1
193 153 3 1
193 161 40 1
193 164 41 1
193 168 43 1
193 196 31 1
194 6 20 1
194 7 7 1
194 21 63 1
194 25 53 1
194 35 15 1
194 38 29 1
194 52 30 1
194 55 52 1
194 95 43 1
194 96 26 1
194 105 54 1
194 137 43 1
194 140 20 1
194 143 39 1
194 144 15 1
194 146 54 1
194 149 8 1
194 166 24 1
194 170 39 1
194 188 12 1
194 189 20 1
194 199 12 1
195 15 4 1
195 27 34 1
195 28 58 1
195 63 48 1
195 76 43 1
195 80 24 1
195 94 25 1
195 118 59 1
195 135 50 1
195 153 55 1
195 165 2 1
195 169 14 1
195 178 39 1
196 5 24 1
196 13 28 1
196 14 18 1
196 16 30 1
196 18 4 1
196 44 61 1
196 58 61 1
196 59 4 1
196 65 32 1
196 66 63 1
196 69 18 1
196 77 29 1
196 79 9 1
196 92 62 1
196 113 43 1
196 121 2 1
196 127 42 1
196 132 24 1
196 138 64 1
196 161 30 1
196 184 15 1
196 191 6 1
197 30 49 1
197 107 40 1
197 112 64 1
197 163 57 1
197 180 7 1
198 13 44 1
198 42 22 1
198 57 64 1
198 66 19 1
198 92 44 1
198 101 20 1
198 121 62 1
198 147 46 1
198 184 56 1
199 2 40 1
199 6 34 1
199 52 49 1
199 84 8 1
199 88 45 1
199 91 40 1
199 114 5 1
199 122 45 1
199 125 21 1
199 129 48 1
199 137 10 1
199 141 51 1
199 150 30 1
199 170 49 1
199 187 25 1
199 188 5 1
